9409 : 7170 
10511 : 5703 16426 
9279 : 11200 5945 
110 : 18825 12521 701 
8286 : 16426 4536 
5270 : 21772 
1282 : 15470 16426 
7170 : 4536 9409 
18825 : 110 6916 
4536 : 8286 7170 
701 : 5573 110 
15470 : 11200 1282 
3742 : 5945 
14619 : 2114 21772 
11200 : 9279 15470 
2114 : 14619 21323 
16426 : 6916 8286 1282 10511 
21323 : 2114 18553 
5573 : 701 
18553 : 21323 12521 
6916 : 18825 16426 
12521 : 18553 110 
21772 : 5270 14619 
5945 : 3742 9279 
10324 : 5703 
5703 : 10324 10511 
5573 3742 5270 10324 9409 
