6471 : 4278 8279 
21916 : 3851 6234 
1123 : 4131 4839 
4209 : 2167 430 
8820 : 21093 7408 3630 
812 : 5353 8257 
4278 : 6471 
21093 : 15615 8820 
8072 : 9275 7408 
5353 : 4839 812 
2167 : 8257 4209 
8257 : 812 2167 
18482 : 4839 2981 
8216 : 977 8279 
4131 : 1123 
4839 : 18482 5353 21389 1123 
3851 : 21916 
8394 : 3630 
15615 : 2981 21093 
6234 : 17985 21916 
17254 : 17985 9275 
17985 : 6234 17254 
9275 : 17254 8072 
430 : 4209 
2981 : 18482 15615 
3630 : 8394 8820 
21389 : 4839 977 
7408 : 8072 8820 
977 : 21389 8216 
8279 : 8216 6471 
430 8394 4131 3851 4278 
