538 2583 361 712 739 812 3622
291 1684 936 3283 2106 3543 3566
196 1179 1635 1870 643 2769 3549
959 1408 1718 2776 3305 2291 3510
327 918 1030 1749 2006 2216 3855
1076 1202 1223 1534 721 3076 3784
906 2225 2491 2647 403 2936 2195
1032 1122 1315 464 2029 2430 2573
5 109 1162 1890 797 2752 2676
1 3361 2927 2987 2299 3584 4032
458 810 1950 2085 3458 3567 3616
1348 1998 865 2854 3190 3890 3979
87 218 908 1097 3014 2221 2421
222 1802 453 536 877 2758 3808
321 1159 1574 399 435 2722 3507
910 931 2445 644 728 2615 3497
923 1265 1712 616 697 2830 2894
966 441 2716 3054 2275 3727 3947
36 1290 1771 1858 449 774 3544
127 336 2838 907 1164 2066 3589
974 1646 762 3219 2078 3967 3994
311 1361 1392 1708 1787 2395 4005
29 199 1113 1647 834 2084 2251
1082 1190 736 2763 2966 3053 3934
563 1250 2804 2082 2375 2452 3904
580 1046 1841 749 2146 3757 3815
1331 1837 564 2744 3264 2650 3631
346 681 3621 3592 3030 2090 2507
344 1181 1837 2825 2889 2331 3764
271 1215 1573 1854 3626 2539 3749
202 1392 2169 3585 3783 3914 3938
1203 584 691 3501 2295 3142 2599
961 1582 1906 886 2437 2481 3782
1097 1586 1618 1632 1898 474 2603
1103 1264 1451 2735 3346 3601 4000
157 1728 878 2983 1983 2580 3522
976 1051 1563 2327 831 3730 3866
1235 1649 721 2546 2587 3702 3973
649 901 1860 411 3011 2335 3896
928 1214 1403 622 3125 2305 3817
295 930 771 2733 2601 3475 3500
1134 1150 1905 2796 2392 2406 3579
965 1263 379 381 2582 2037 3985
322 1805 1834 498 658 3263 3485
1799 354 664 3437 3262 2325 3570
52 1583 3066 3157 3480 3679 3814
1356 1491 1506 1711 419 705 2668
131 1341 1651 369 2834 3344 1970
29 1335 776 820 2663 2095 3713
55 234 1528 461 2702 2978 3166
1554 361 3741 2920 3253 2003 2017
1348 1595 352 577 583 886 3587
232 2866 2994 3388 2625 3804 3848
428 999 1157 3165 2294 1993 3881
935 1121 1811 1855 1903 3712 3771
92 517 981 1170 1834 838 2517
904 1010 1138 1619 3390 3906 3995
26 1377 436 2811 2937 3192 3865
1351 1671 3225 3379 2469 3689 3705
47 251 1561 1895 480 519 3009
1005 1077 1142 1503 1715 3576 3899
971 528 2609 2961 3084 3479 3546
1017 1077 1173 750 2137 2195 2260
91 1367 1649 1972 378 3706 3773
218 1027 1629 2494 669 3125 2358
303 1064 1357 1452 2890 3126 4017
1140 1537 1725 2010 2765 2021 3871
925 1103 1535 2168 2504 2619 3763
53 295 2852 1990 2545 3726 3805
182 300 935 1135 2250 2545 3714
428 517 1079 1405 1702 2298 2882
258 1468 2752 2149 2293 2230 3546
224 1578 394 2040 2152 2531 3622
993 1753 1757 2337 2608 3045 2303
67 935 1101 1360 3378 3689 3883
941 986 1185 1505 1862 581 3737
117 1042 1603 1611 387 3037 3709
929 1305 2319 608 887 2681 3887
17 90 252 2103 2271 2610 3527
279 953 1673 2733 2221 2341 3582
1324 1707 1739 1831 700 2942 3064
88 1161 1577 356 2377 2766 3433
1109 1454 1626 1760 642 2827 3298
192 272 1542 1823 594 3757 3800
75 1634 3948 3204 3231 2046 3698
1081 1117 1260 1302 1475 1734 3091
1473 1521 2285 3259 3663 3870 3958
1104 1658 358 2699 1970 2534 3520
935 531 609 2420 2985 2379 2622
266 1154 1310 2547 662 822 3945
7 1469 1603 664 3404 2237 3688
1482 1581 373 490 3850 3901 3958
333 1426 1451 1840 535 880 3185
299 1124 1456 528 2169 3319 1996
0 263 1396 2247 816 3132 1999
924 1193 1246 2892 2734 2694 3747
1608 1786 2511 392 448 3162 3095
244 1157 472 768 3060 3105 2406
931 1524 436 466 3323 3535 3553
1531 1567 1683 1738 1834 822 3213
86 1752 3132 3343 3415 3486 3585
184 264 678 615 844 2097 3490
1352 1766 1995 2966 3225 2020 2244
74 1173 1945 2075 2310 2421 3844
333 979 996 1886 534 2194 2829
46 1435 2039 2858 2089 2173 3944
1150 1366 1455 2773 1919 2481 2573
116 1038 1118 1653 3139 3656 3707
1464 369 712 2884 2901 2961 2454
184 1009 1308 1916 2992 2231 2272
968 1273 1751 494 3671 3982 3990
1313 1869 569 846 2979 2917 3669
149 216 596 988 1470 1520 1843
56 239 462 610 696 3272 2080
106 963 3144 3335 2095 2243 3625
1256 1376 1457 491 494 3137 3834
1005 1270 1444 1879 871 2339 3498
1516 2686 2888 3075 2145 3749 3884
63 1186 1544 1600 848 2329 3542
273 1333 1901 2135 3273 2078 2572
3175 3210 3378 1990 2280 2522 3771
69 85 169 1549 660 2853 2064
985 548 789 3403 1984 3791 4009
173 454 3347 2064 2276 2307 3965
131 1017 788 3321 2489 2548 2646
1430 627 2360 2422 3829 3839 3913
1483 1900 4031 2132 3133 3763 3968
494 2752 2698 2705 3200 2219 3864
163 1014 1328 1820 2892 3743 3855
1108 799 2232 2259 3460 3744 3933
1105 1370 1666 748 2249 2301 3659
606 1271 1439 1499 547 3361 2872
260 2643 453 804 2939 2321 3834
973 1837 3437 2147 2158 2528 3511
1403 470 3684 2812 2077 3449 3889
3179 2894 3049 3240 3296 2106 3683
1314 1503 1788 2133 2720 2367 2584
1283 1630 391 416 2535 3667 3742
221 340 2475 3392 2113 2467 2477
434 2741 2824 3045 2631 3606 3661
1147 1294 1478 1776 854 890 3738
517 955 1544 1832 671 2997 2082
264 1357 455 3877 2897 3032 2178
193 360 3561 2748 2884 3174 2559
319 1207 2946 2142 2291 3500 3852
1649 576 846 2880 3271 1923 3881
1152 1463 1734 1739 1762 2813 2347
93 478 778 2722 2817 3374 1928
475 944 1365 1367 3259 2595 3529
258 1861 395 3404 2619 3468 4033
1251 1275 1308 1561 1567 1903 2619
1059 1723 1824 474 2902 1943 3593
1446 2806 2154 3449 3521 3547 3868
13 72 1244 1501 2199 424 3868
262 1303 2009 396 567 773 2769
118 123 174 1461 3029 3215 3887
269 1590 1669 1844 2127 682 2173
3 297 651 1634 3150 3209 3902
240 926 1022 725 2672 1974 3744
170 1343 1837 388 3099 3118 3625
15 75 986 2459 535 3029 2300
3003 1141 1274 442 2784 3108 2630
1031 1300 2870 2311 2408 3552 3853
1567 676 677 3045 1950 3545 3565
1315 494 550 699 3345 3484 4002
201 1439 1727 554 2266 3254 2456
210 1581 864 889 2850 3242 2446
1450 1710 359 3006 3416 2335 2604
958 1307 1316 788 890 1983 3979
97 3577 2191 3301 2296 2373 2390
1050 417 727 2592 2728 3060 3610
629 1042 1424 1797 695 3018 3762
1076 447 636 672 2567 2766 2514
1368 1705 2571 396 806 2728 3259
1601 821 3586 3212 2439 2467 3942
317 338 997 1863 2302 3199 3403
337 1068 1837 502 611 3567 3808
299 1614 1758 747 1940 3171 2021
1801 882 2191 2747 2862 3424 2442
641 1192 1689 2081 846 3120 3778
601 2292 370 620 762 3186 2126
1608 1772 865 2884 3080 2457 3751
104 1248 857 3164 2251 2623 2625
210 2459 728 742 3101 3819 3908
580 981 1681 1730 1821 2496 2578
235 347 641 1014 1705 383 2344
64 1691 3517 3281 2017 2612 3491
1604 1789 3561 2927 2985 2105 3910
181 1180 1599 1661 2782 2840 3219
1095 1634 1635 3197 2430 3882 3926
213 3577 2667 3124 3365 2059 3777
4 1759 594 751 2239 2957 2415
52 303 1233 2728 3099 2316 3560
1017 1569 2217 3726 3762 3844 3869
181 1541 2292 787 3188 2535 3606
173 314 1537 365 379 2198 4020
0 1549 512 2785 2863 3593 3998
954 1198 1757 723 2858 3098 3224
345 983 1023 1376 2664 2193 2400
178 1044 413 688 3057 3268 3587
1148 1437 554 2190 3616 3718 3926
1285 1298 680 699 3057 2567 2827
294 1197 1884 560 2339 3597 3619
982 551 610 633 2759 2897 1944
987 1380 2032 364 806 2906 3744
92 158 304 1157 1164 2721 3334
1578 415 438 2021 2470 2566 3845
1667 1778 858 2671 2680 2866 3360
171 191 300 1276 893 3018 3686
994 1170 1631 2718 3292 3417 4016
1466 2516 3105 2259 2595 2627 3625
274 296 338 1146 1699 2149 3072
139 1430 378 2616 3092 2584 3906
1165 3168 3086 3344 2330 2082 2170
483 1122 1761 611 3027 2395 3538
126 972 1785 2445 792 2040 2380
1158 1343 1361 2256 2281 3701 4021
1431 604 2879 2057 2110 3490 3780
1000 1869 1955 573 2829 2881 2525
8 242 1134 809 2857 3128 2120
52 910 1683 658 876 3335 2569
163 328 919 1262 1821 2569 3915
19 1378 1569 1665 2336 488 751
4 2635 728 876 2693 2350 3821
1581 1758 627 3081 3244 2207 3934
3 669 583 672 3296 2356 2626
1169 560 583 765 1968 2507 2595
5 1639 2284 839 2904 3400 3946
1779 544 1967 738 3122 3332 2098
281 1160 1507 1781 491 3797 3282
215 1139 1167 1299 1364 2598 521
945 1028 1849 2704 467 3256 3874
1496 1607 2250 2498 516 3202 2556
126 1026 1163 2894 2185 2537 3562
185 2739 2769 2022 3587 3720 3889
125 221 1368 2750 2944 3171 2619
1114 1357 1597 541 647 2100 2230
1295 583 2847 3284 2564 3782 3866
762 2858 3129 3139 3229 2205 3655
68 546 2774 3133 3337 3529 3655
1150 1913 2902 1956 2425 2593 3843
187 940 1976 3292 2197 2324 3441
1475 481 2743 3109 3110 3344 3557
143 993 1386 870 2983 2261 3798
101 338 1170 1339 2292 3091 3183
130 414 603 2678 2253 2296 4004
601 897 1095 383 856 3847 4006
6 1661 2508 443 2812 2212 3784
910 524 778 890 2256 2326 3993
1060 2054 3175 2050 2358 3536 3957
127 206 1020 2498 492 873 3444
2128 656 2903 2669 3243 2626 3912
477 673 623 2916 3068 1953 2142
200 342 1070 1879 2377 3296 3527
1249 1583 1818 2319 3020 2219 2414
269 1685 496 3386 3311 1927 1983
302 2447 579 3647 3726 3868 4017
1215 1306 1574 1886 2137 3040 2618
986 1172 2928 3389 2546 3562 3571
637 1265 1305 3515 3542 3683 3888
922 1293 3592 2823 3519 3567 3635
955 987 1371 2498 598 2357 3838
681 2753 2763 2802 2939 3043 3257
62 1112 1746 879 2298 1987 2638
62 215 2040 2552 2638 3680 3708
1243 1855 1941 2946 3064 3329 1990
415 525 3674 3090 2220 2381 3571
287 1427 1899 3278 2686 3616 3960
153 258 1939 772 880 2262 2352
297 3003 1264 1839 3245 3769 3938
44 1371 2101 2355 2796 2358 2406
3290 1616 1797 462 2825 3679 3894
1102 1601 882 2684 3336 1928 3647
10 1103 1601 403 2746 3270 3960
1045 1871 500 2616 2879 2342 2641
118 293 1745 1846 367 782 3920
3290 985 1559 772 2837 2041 3918
1070 1911 2694 3344 3365 2360 3726
164 1263 2355 2871 2931 3081 2232
272 649 1388 611 2873 3268 2646
1101 1581 1825 2021 2141 3595 3757
1630 1634 2661 3144 2162 3449 3865
1562 2018 567 2829 2097 2531 2651
1762 458 813 891 3246 1984 3537
2814 2264 2925 2947 3038 3697 3929
319 1844 3248 2420 2794 1928 2603
416 689 2917 2370 2610 3572 3846
64 1420 1766 520 3500 3878 3907
1355 2116 565 2010 1949 3922 3970
1031 1273 3311 3321 3368 3500 3956
182 963 1399 754 3579 3883 4009
1473 1501 561 2132 2781 3059 2121
252 1408 604 693 2208 2233 3445
146 975 1230 1401 3702 3747 3940
456 2866 2281 2314 2563 2657 3957
1728 500 2735 2982 3416 2270 4033
1172 1191 1523 724 2739 2061 3672
526 596 1885 617 2928 3149 4010
263 268 1317 1469 1571 3355 3757
322 1477 648 2968 3263 1915 3703
1241 1481 1531 1605 448 705 2365
1725 379 841 2735 3009 2522 3791
19 281 284 1047 1269 1293 3799
286 765 3592 2783 3390 3426 3664
1908 2660 702 763 3216 2274 2354
951 759 3830 2295 2528 2573 3509
86 1897 2283 3001 3108 3212 2564
23 973 1539 1580 814 833 3123
130 199 293 1529 1588 764 2950
1020 1682 2997 3103 3739 3970 4038
198 904 1337 1810 2975 1928 2659
228 1039 1607 1724 1782 3005 4017
1057 1439 576 1949 2057 2627 3439
336 1383 1793 2039 707 2515 4002
932 958 790 2985 3283 2356 3458
68 555 822 2681 3370 2141 2448
990 1110 2169 2713 3147 2526 3736
119 272 1064 1074 1671 811 1974
1068 1252 1859 2102 2498 2871 3670
1260 1316 1462 737 3020 3288 3933
58 347 1091 1626 750 3418 3667
1206 411 2834 3027 2058 2366 3792
280 660 889 3176 1977 3535 3669
266 921 1003 1801 491 3215 3610
193 898 1485 392 3180 2014 2158
971 1068 1292 1499 391 2142 3604
1228 1690 2176 2847 1934 2584 3545
1668 1788 3989 741 2198 2689 3916
1557 392 3943 2935 3018 3152 3847
33 256 1700 426 2540 3475 4008
56 1228 2510 677 2958 3387 2405
1186 1321 1572 2699 3221 3239 3411
939 1840 2196 2866 3167 2040 3649
1396 1875 3100 2993 1956 3551 3771
28 1024 627 3060 2056 3738 3891
1052 1135 662 3235 3282 2079 3804
178 647 793 3016 2244 3594 3628
905 1089 1513 1997 2412 3650 3899
1651 750 776 3062 2185 2324 3866
1405 1849 591 893 2320 2540 2546
1450 1577 2608 2402 2590 3522 4013
989 1672 753 2399 1933 3590 3811
9 1260 1609 1776 1820 1989 3945
11 1271 1718 2191 1964 2048 3499
1186 1202 1420 3062 2929 3455 3997
328 1468 640 2702 3024 3118 2313
428 926 1639 450 518 2600 3946
651 1344 2475 776 3172 3279 3296
259 1498 1741 2605 2676 3794 3809
176 543 740 2972 3243 3274 4022
137 961 512 781 3176 2603 3494
1001 1108 1486 1733 1738 2368 3225
1734 1765 423 2028 3196 2655 4038
1218 492 2806 2084 2206 3560 3670
528 3215 3367 3691 3802 3883 3936
1305 1431 2717 2119 2230 3461 4006
253 1898 528 775 3159 2165 2373
441 362 3159 3417 2483 3569 4016
1015 1127 1882 854 1921 3557 3790
1043 1671 499 2430 3599 3761 3930
1273 1493 427 3168 2888 2172 3488
1005 1305 646 3540 3344 2119 4006
992 1155 1623 642 872 3071 2584
248 279 1128 561 3198 3453 3777
145 1538 1614 1834 827 3857 3995
1534 1605 1611 1652 2233 3497 3669
299 1234 1510 1567 2854 3704 4035
6 152 1211 1297 534 3425 2591
147 1521 1692 2039 556 3049 2316
254 925 1396 1498 736 3272 2429
488 494 711 735 3076 2367 2444
1591 1643 485 2788 2091 2397 3896
1336 2135 2647 2780 2130 3474 3535
148 166 230 1778 515 2968 2946
1513 822 2688 2727 3059 2287 2371
136 1492 3948 3035 3104 3553 4022
1180 876 1948 2841 3126 2033 3953
345 431 679 2784 3335 3855 3912
1650 591 689 2544 3250 1980 2383
1035 1047 1553 2636 2103 2406 2638
1690 1763 1786 2315 2716 2966 3272
1077 1086 659 3248 3093 2515 3975
1311 2693 2006 2353 2416 2570 3689
1050 1560 356 2903 3276 3563 3771
602 3404 1913 2953 3078 3619 4021
146 1091 1492 482 2970 3015 3445
1031 2833 1936 2063 2154 3680 3896
33 298 1182 2172 2614 3809 3969
35 2445 3289 2988 2082 2232 3858
1212 1349 1428 540 2872 2000 2632
1655 1794 2598 3440 3031 3078 2119
202 258 1888 640 2791 3656 3810
1243 1895 742 3118 3650 3704 3771
240 286 2730 3399 2581 3783 3857
344 1348 588 3310 1974 2008 3470
11 1083 1200 442 2026 2163 2952
310 1677 2332 2710 3352 3392 3992
464 559 1967 2228 2359 2654 3899
77 297 314 1011 377 2347 2288
138 259 1367 885 3378 2370 4025
265 325 1225 776 2778 3024 3060
45 966 1471 1478 1838 861 2418
1392 1760 652 3153 2593 3539 3746
218 665 2881 2391 2442 3796 3907
115 170 827 2253 2613 3478 3774
1032 1618 3454 3374 2330 3616 3979
165 434 2938 2907 3172 2442 2486
1586 561 655 3861 3674 3112 2611
1759 495 844 2424 2513 2587 3896
259 1007 1440 2054 2538 763 3140
1309 890 2941 3319 2916 3977 4016
71 2538 2389 3156 3199 3470 3924
972 1548 1655 1907 2471 457 2413
1212 842 2922 2929 2955 2050 2562
1039 404 2871 2952 3108 3973 4016
1117 1249 1391 3756 2988 3774 3810
274 912 1003 1398 2761 3299 3433
330 1075 536 3487 758 2197 3587
1152 1564 1682 1853 3294 2276 2550
21 174 184 363 1131 884 2614
74 1654 1683 2857 3318 1943 2290
1255 1583 788 2361 2528 3565 4027
1140 1460 605 3364 3389 1990 3991
195 936 1366 1902 570 680 3239
198 1187 1217 1430 1431 1580 2480
940 1089 1399 1758 2844 3143 2486
998 1908 727 2820 3114 3638 3924
357 391 817 2826 2742 2112 2655
1634 677 712 850 3248 3171 3671
384 486 3404 2986 3226 2652 3854
428 1602 1770 1926 2614 3740 3752
142 984 2664 2325 2485 2657 3981
91 151 1123 1163 531 3164 3589
1571 1901 351 697 3379 2131 2528
1699 1890 2282 3115 2119 2650 3984
154 916 1540 1890 2011 3475 3648
1216 1256 1378 1398 1412 3433 3568
1192 1588 1902 2463 495 2569 3685
1002 1428 1690 2858 2993 3227 3300
104 1008 1261 1490 2125 2932 2340
62 1379 371 3138 2030 3502 3885
1666 529 2879 3087 3157 1931 3704
1088 1217 1624 460 619 2147 2429
294 1525 1642 591 668 3259 2580
482 3609 2246 3306 3413 2550 3955
324 520 2801 3171 2536 3469 3554
637 1530 1539 1815 3197 2348 3928
65 1252 1700 2491 466 3008 3407
1248 3409 2662 2799 2882 3544 3970
1665 1756 386 602 608 3243 2251
936 1230 1677 598 2910 3393 3754
169 1149 1348 1708 799 3398 3759
1083 1123 1391 632 3138 3365 2655
1238 1477 1495 1624 1810 825 2642
1049 1724 1799 784 3175 2393 3665
1163 1427 1669 595 2154 2270 3866
305 1215 1370 1464 883 2683 2253
966 1201 2475 617 2652 3481 3957
942 1445 1497 1766 1799 2180 2465
54 1111 1314 1723 861 2438 3814
79 815 2343 2879 3087 3541 3828
1506 1514 1866 2930 3041 3239 3311
155 2885 938 1814 2054 2137 1936
266 1273 1910 3090 3457 3612 3916
194 1252 1885 3091 3324 2104 2175
2838 1185 577 642 857 2918 3235
290 1212 1347 1666 1783 3095 3672
1939 429 889 2047 2689 2857 3070
1470 1565 3556 3080 3120 3426 2275
157 1032 1130 1361 825 3886 3152
124 263 1551 1704 1726 819 3687
934 1518 1521 650 2999 2852 2043
655 2056 2424 2448 2560 3763 3999
374 505 616 2775 2914 3133 2546
905 920 1409 2102 645 2218 3516
526 1039 1199 1445 1679 816 2708
1284 1594 1805 423 3210 2005 3447
308 1729 2398 497 2005 2140 2345
994 1549 2042 576 3989 2872 3094
943 1217 1336 2696 2733 1925 1974
1769 2834 2898 1935 2012 2646 3927
1011 1119 571 747 841 2371 3747
13 966 1016 1127 1901 503 4021
1749 826 3288 1943 1985 3581 4025
740 888 3409 3239 2418 2552 3739
1270 1517 1865 3128 3143 2022 2350
140 1190 2138 2966 3343 2113 3502
5 1161 1409 1481 692 2540 3906
1304 1580 477 2972 2090 3571 3726
99 1799 693 2902 2933 3785 3847
937 1126 1881 456 2947 3605 3949
1025 469 544 2711 3259 3390 3704
144 1725 794 3677 2028 2424 2486
178 1013 1149 1526 2705 2977 3270
1327 880 3193 2326 2370 2556 3728
1103 1843 434 2906 3052 3436 2497
1112 1558 1636 2756 3194 3347 2427
1166 1421 1656 3027 1931 2140 2226
921 487 2833 3071 3318 2165 3479
977 999 1127 508 546 2382 3711
135 1375 871 3096 3291 2342 3743
1173 1374 1585 2176 2665 3315 2486
1512 1888 1904 3677 2682 2218 3527
45 2740 771 2715 2856 2003 3772
113 1520 1557 849 2790 2799 2201
259 904 919 537 2674 3269 3821
1312 2725 2714 3216 2003 2370 3689
132 1271 524 605 814 2239 2802
1516 2143 361 617 2848 2997 3719
1815 1884 493 646 855 2781 3446
339 974 1835 1939 2117 3203 3934
32 118 222 953 2703 3195 3197
1376 1594 1991 383 2251 2423 3863
113 286 512 2241 3322 2624 3745
1116 1262 1662 1763 1813 2052 1977
287 1067 1319 2875 3237 2535 2575
0 974 1155 1504 1595 3651 3956
1465 1484 2436 521 772 3199 2563
219 319 1090 2988 3151 2095 2433
1318 1494 663 3385 3391 2454 3565
1040 1442 1779 865 2699 2100 3993
1833 469 481 502 558 686 2504
312 1152 668 3245 3122 2124 2269
209 1188 1855 2007 631 3582 3792
936 1096 1240 561 2555 3305 3312
1016 1017 1053 1307 396 3082 3115
101 1760 1911 802 3741 1934 3557
121 790 3406 2964 2611 3522 3659
963 1061 1805 3684 3331 2993 2485
1022 1079 1531 1689 823 2821 4005
299 1279 2589 418 740 3644 3794
1028 1165 722 3265 3141 2107 4025
168 198 1731 3633 3100 2196 2844
161 1116 2250 2673 2881 3538 3661
200 245 1707 1750 709 729 2608
62 257 1603 1680 1816 1909 3981
1479 421 804 3026 3300 2407 2627
266 442 3851 3369 3381 3643 3786
48 2072 678 2675 2014 2422 3599
161 200 552 820 3051 3175 2050
287 1070 1550 2861 2914 3657 3813
52 1645 2472 2453 2507 2615 3887
132 1567 3278 3120 2390 3819 3894
82 1675 1798 879 2709 3299 1921
181 1227 412 546 894 2871 3161
68 230 1576 1704 659 3136 3679
1256 1403 2200 2514 3455 3827 4027
191 1264 887 2834 3380 2310 2579
162 971 1120 1202 592 3667 3865
1912 484 2491 725 747 3031 1937
202 1449 2054 572 4031 3877 2252
1703 1709 358 2749 1936 1961 3664
1066 1756 570 612 2152 2388 2485
1840 3633 1916 2686 3360 2626 3659
538 1131 1273 3083 2124 3771 4032
56 113 1131 1223 1399 2149 2382
961 1364 1431 2669 2728 2539 3960
321 2189 2643 1963 2098 2452 3627
342 933 1009 499 534 828 2849
203 1885 611 623 2959 2369 3687
2327 403 613 844 850 2465 2258
167 316 1040 1737 1900 642 3482
100 596 1494 1773 2808 3563 3960
30 1306 1804 2283 3175 3326 2301
184 1146 1615 3242 2178 2427 3709
230 1153 1513 645 2904 2382 2477
296 1470 2692 2901 2340 2578 3999
19 34 1743 1822 2115 2245 3911
1358 1834 643 668 3093 3161 2559
135 1064 1163 1713 1907 2966 2992
127 1392 1483 1791 3089 3177 3341
29 194 975 1280 2332 2634 3451
1352 1441 554 590 3166 2093 3687
911 1865 2115 2120 2524 3666 3847
144 822 846 3056 2383 2407 3496
195 1551 1710 416 433 489 2413
2264 2447 3221 3272 3778 3814 3889
135 900 1499 378 3069 2155 3901
180 1275 1407 3948 2734 3116 2612
953 1319 1610 374 495 509 2884
138 1261 1818 564 2146 2476 3967
336 1111 1854 816 2226 2628 3444
1443 670 864 3692 2132 3553 3679
1799 1865 431 458 2493 3546 3845
2838 1651 2617 2865 2107 2405 3568
1523 2629 2170 2177 2269 2371 2612
69 119 1483 1538 1593 2795 3103
1486 1536 408 604 621 685 3905
899 1060 1395 2199 2938 2442 2505
157 1377 617 2812 3051 2061 2444
277 738 3030 3276 3468 3744 3793
203 1855 677 3412 2487 3546 3547
1753 1758 828 3031 3075 3206 3709
924 988 1548 382 679 2682 3726
1076 569 582 3013 3358 3364 3669
228 1435 620 2813 3070 2126 3776
1565 1688 626 822 2670 3264 4026
39 52 1397 695 772 2588 3099
1745 635 3961 2680 2847 3470 4035
979 1649 3674 2385 2692 2050 3510
1890 2866 2945 3229 3266 2321 2466
157 189 1620 2052 2720 3360 3377
186 1105 1828 3286 2325 2113 3858
649 1184 1330 659 2763 2156 3919
908 1295 1435 1465 1885 2708 3598
1341 3723 3295 2397 2446 3485 3975
1796 547 593 3415 2480 2560 2572
59 1814 466 635 2714 2799 3987
1045 1369 1481 1772 2262 3512 3787
1628 545 837 2718 3400 3611 3832
140 1499 365 634 3245 2634 3826
192 263 375 1967 826 2169 2308
414 1505 500 749 2273 2236 3649
119 261 313 1530 449 1956 2393
1095 1358 1433 1717 2128 2711 3021
322 838 3435 2178 2303 3463 3761
1428 462 623 3029 3214 3580 3694
1660 1712 2461 2768 2960 3654 3694
171 2635 844 1919 2046 3470 3712
1290 1716 2364 756 2831 3084 2524
1536 501 3278 2947 3077 1923 3617
1199 1972 354 837 3209 2281 3640
297 3003 1256 1770 2605 2438 3554
1828 879 2582 3159 3253 2639 3815
929 2344 2762 3211 2627 3912 3969
1386 703 2938 2916 3670 3899 3937
94 1045 1186 415 2148 2431 3884
1032 1385 1829 506 2976 3138 3504
204 1293 1473 3028 2221 2339 3899
936 1491 1549 1571 1622 2835 3193
37 420 1620 666 652 3692 2914
939 942 1381 452 761 2573 3744
1112 1653 358 2672 3293 3574 3589
91 935 1081 1379 776 791 3534
1173 1468 1573 486 512 3217 3736
168 218 268 1357 654 684 2632
1290 387 433 482 578 2723 3855
1281 1296 1419 374 3178 2272 2574
1523 375 387 3556 3325 3389 2164
309 1412 713 2282 2567 3381 1977
278 1193 1215 415 2806 2201 3557
200 1004 1322 1480 464 3143 3232
211 1531 464 497 1980 2089 2192
246 499 751 3943 2343 2162 3936
929 1058 1257 2900 3305 2452 3449
275 1131 1454 1720 1907 2617 3732
354 430 559 2735 3032 2104 3678
1017 1094 1226 509 2332 2667 3217
1339 1790 387 3222 2962 2592 3260
596 1069 404 432 2840 2121 3631
292 1758 3115 3249 3364 1962 3555
1273 1829 630 724 3106 3862 4018
596 1240 1256 1633 384 2845 3083
934 943 1067 1290 859 2480 2650
1651 3098 2097 2209 2374 2503 3793
174 912 1627 375 802 2367 3752
3173 1091 1391 1406 1995 3103 3237
55 287 1199 1690 377 2807 3907
363 1606 2459 573 2282 2530 3652
440 2792 2865 3273 2178 3500 3732
29 563 694 831 870 3671 4029
37 979 1468 2704 569 2297 3649
1076 1156 774 2512 2733 2848 3731
221 233 498 642 671 2782 2434
117 937 1401 2919 3737 3978 4030
984 1300 506 3129 3769 3844 3950
122 1068 2498 3386 3126 2585 3974
330 1200 1689 1897 2836 2234 3683
324 1311 1789 2018 3447 3869 4035
32 969 2001 373 3886 2428 4016
906 1023 2327 780 831 2355 3322
624 832 3046 3154 2341 3483 4029
1613 2511 3368 2055 2299 3527 3566
1736 460 678 628 3275 2330 2539
40 242 912 1129 3109 3323 2156
268 902 1166 2679 2935 3218 3433
50 199 263 270 1606 352 663
53 1020 1296 3317 2304 2580 3480
195 1321 2999 3277 2604 3605 3765
217 1029 1621 384 2728 3310 3553
931 986 3077 3083 2326 2541 3671
186 2225 2475 459 510 2266 2434
322 1336 2675 2889 3197 2615 3530
1711 558 2298 2532 3498 3521 3707
1071 1885 355 2934 3384 3432 3821
95 968 1641 823 2761 3435 2564
1807 1874 359 842 3626 2383 3582
1140 1230 550 876 2976 2974 3133
649 906 1173 1888 2392 2489 3793
18 1825 408 2855 2040 2600 4008
1412 1508 468 3304 2546 3500 3629
141 1469 543 3247 2517 3541 3957
1319 1392 789 2868 2936 3843 3926
84 1099 1272 1319 1632 3428 2280
144 292 1623 736 2857 2178 3862
1516 3046 3257 3315 1977 3686 4009
408 535 570 783 2144 2164 3894
27 37 1549 583 3253 2208 3727
1146 1692 2653 2750 3279 2020 3699
1093 355 2773 3259 3764 3816 3909
1123 1438 1822 719 2567 1953 3557
440 3065 3348 1970 3482 3735 3959
1723 533 3723 2693 2703 2901 3196
220 922 936 355 658 1990 2390
580 1207 643 3861 710 3171 3984
1156 1228 1296 1868 2735 2098 3524
1202 1632 1853 424 510 3336 2387
185 1212 598 697 2726 2727 3213
1109 1791 3327 2249 2395 3453 3494
1163 1717 1872 3190 3349 3820 3875
982 1859 535 776 2151 3108 3308
139 1749 523 2815 3023 3223 2104
50 279 479 3189 3343 3472 3934
1138 1696 2740 618 2369 2600 3856
1672 379 522 863 3132 3324 2480
178 1242 1781 2685 2749 2781 3300
269 943 1308 1576 432 575 2905
305 991 1478 435 2555 3296 2566
333 931 1515 1870 735 2906 2096
64 174 1616 1778 593 3454 2982
96 356 2712 3158 2654 3743 3758
208 1743 2447 2995 2100 2120 2549
367 421 885 2579 2654 3539 3850
1094 857 2175 2408 3500 3627 3971
259 1869 648 716 811 3164 3488
1561 2732 3332 2179 3815 3869 4010
1305 1668 2111 3246 2044 3479 3763
1472 1488 891 3361 3202 2397 3905
51 287 1310 2417 3027 3221 4037
1060 1581 3058 3220 3389 3504 3800
83 2004 634 3556 2293 2858 3096
1591 2471 386 387 3420 1947 3845
924 3142 3378 2274 2317 3492 3803
1401 1596 424 2269 3478 3912 3919
1570 2157 626 2849 3469 3649 4007
340 1010 1565 1578 1691 854 2703
1006 1362 767 3204 3377 3467 3566
239 1569 496 639 814 3495 2879
114 994 1001 1188 1537 2991 3646
1107 1254 1494 2968 3250 2553 2613
1262 1599 486 639 2772 3292 3559
226 475 1349 1802 3143 3223 1970
1063 1471 1638 682 2813 2939 3083
1459 453 602 792 2718 2514 3960
363 1805 1833 2143 454 3065 3840
596 1711 1728 2183 694 3157 3725
137 906 1436 3097 2278 3619 3681
2072 2589 392 589 781 3333 2568
6 1266 1615 2117 2011 2435 3909
957 1727 3341 2107 2211 2659 3911
1027 1632 1663 2776 3394 2551 3963
932 1644 1679 2278 2321 3730 3814
537 691 717 2869 2673 3352 2074
95 245 251 1103 2054 434 645
1014 792 852 2083 2564 3883 4005
160 441 890 2699 2782 2469 3686
1318 1571 2589 570 2674 2686 3129
1368 1406 1430 381 584 2356 3835
70 215 852 2981 2490 2620 3908
1713 351 2440 2528 3439 3898 3972
1878 2647 482 498 711 2599 3759
1468 2102 2235 2309 3441 3468 3543
342 948 1849 2745 3348 2041 3596
1895 3420 2233 2243 2578 3545 3894
129 1680 2328 2413 2060 2061 2286
1167 1209 2735 2011 2477 2615 3460
348 508 570 1983 2142 2563 2574
1656 1854 612 3295 2667 3411 2320
1559 2223 820 2793 3016 1963 2392
319 909 982 1096 1904 3487 3746
1540 1831 2804 3064 2184 3693 3771
98 173 1005 1843 349 2119 3806
971 1076 361 574 2831 3717 3728
19 1186 436 603 836 2788 1981
318 1309 1318 698 766 2008 2497
305 927 1295 3240 3348 3520 3806
87 668 3019 2971 3306 2231 3563
1187 2203 2763 2919 3297 2141 2620
935 1099 511 3145 3149 3724 3846
925 931 426 755 2282 3131 3283
1030 1116 2068 413 2966 3194 2051
89 140 960 1173 2695 3144 2035
576 583 854 2052 2665 2771 2272
208 996 1594 368 2943 2012 3464
334 1043 387 802 2594 3325 2270
300 1701 370 711 2966 2206 2531
1280 1468 2378 355 3561 2679 2426
1239 1300 600 2774 2889 2236 3631
238 472 541 550 3374 3396 3465
239 1097 562 3031 3417 2122 2425
65 1423 2225 3106 3144 2546 3759
241 1277 1841 2911 2249 2550 3793
90 192 1058 1113 1487 3038 2308
999 1164 1264 1323 1644 3440 2549
1829 548 2737 2821 2321 2482 3641
921 1164 1532 2530 3074 3191 3209
293 376 1229 728 1948 2002 3219
86 250 1797 2038 2844 3089 3662
1011 1440 1636 540 638 3245 2594
134 1241 1509 1706 2980 3211 2580
931 966 1542 1633 872 887 3641
1034 1446 584 2344 3312 2310 2374
710 2968 3317 1993 2242 2568 3537
213 1269 1289 1505 1857 372 3922
100 291 1215 1330 2370 3735 3912
629 1241 1714 436 530 3599 3975
1357 1664 3080 3203 3313 2568 3661
1411 1834 1841 2007 465 3247 3512
165 1570 3097 2733 2382 3913 3953
181 1605 645 739 2671 2500 3834
60 995 1070 552 2669 3930 3944
131 240 1001 1776 2793 2030 2573
1244 1308 545 817 3132 2601 2626
1727 693 2246 2697 2011 2259 3897
261 328 1628 1701 876 2717 3649
1231 1786 2026 3191 3408 1950 1953
2368 2855 3108 2188 3497 3683 3791
1250 1411 850 2948 2987 3417 2098
49 1094 1648 2267 728 2351 3558
1091 1685 1848 728 2943 3720 3743
1405 561 2509 2753 3383 2000 2110
1724 801 2718 2036 2141 2242 3650
117 261 1240 1665 1998 2795 3507
149 1283 1547 1976 2957 3346 2221
1037 1105 1452 478 823 2211 3706
526 1393 1784 2247 416 2761 2220
943 1094 1534 2617 888 2144 2691
906 722 3674 2477 2618 3484 3547
1003 1087 1596 449 616 717 3628
1407 1777 642 2863 3343 2086 3898
109 2072 2385 3251 3444 3831 3834
1708 1873 370 895 3278 2005 3493
75 1512 1582 2826 3148 2585 4016
74 486 2954 3169 3260 2314 3939
241 920 1455 2617 786 2479 3840
1253 390 2372 2921 3017 2270 2301
916 380 889 3018 2185 1975 2200
1172 1460 872 2781 2874 3393 2545
70 99 627 3388 2126 2340 3814
1037 500 852 2759 2601 3679 4032
1235 864 3830 2091 2248 3793 4004
1478 1607 1762 662 2588 2817 3221
914 1006 1225 2042 2861 3341 4036
75 195 340 1570 2653 3352 2379
1818 2491 681 752 2363 3512 3780
1092 1331 1819 3206 2109 3520 3560
235 1134 1348 1816 3019 3417 3749
12 1403 1531 369 3230 3397 2069
1932 491 680 658 2749 2429 3703
375 3127 3154 1935 1971 2034 2646
1556 2501 3081 3379 2352 3954 4037
112 1382 2807 3021 3584 3850 3910
27 78 1781 507 2519 2920 3004
2461 2571 859 2328 3601 3817 3971
1309 1328 1724 2649 2427 2431 3747
219 258 1843 530 870 3180 3589
122 1378 1972 681 2661 1963 3733
3290 1998 2463 3300 2058 3844 3849
1619 1717 2224 599 792 2197 2578
149 1395 2589 3106 3156 3397 2610
906 395 418 3373 2307 3552 3572
107 1366 2511 2839 3332 2540 3562
950 1320 697 3877 3253 2110 3523
995 1412 1809 1889 481 859 3009
152 164 1291 2835 3416 3838 4037
343 1092 1401 1483 1823 682 746
124 153 1113 1554 1617 707 3740
34 1371 1538 1720 2113 3559 3673
963 1432 451 622 814 2772 3362
1314 1366 354 2516 2011 2316 3941
340 1050 1373 1374 1779 3224 2356
1522 1552 2461 572 3163 2457 2503
1087 1406 1750 1782 2617 2275 2587
299 2043 2126 2391 2621 2632 2645
292 1129 1376 2899 2251 3631 3907
147 1247 468 2194 3021 3285 3993
1042 1187 1350 1354 1748 2875 3299
69 227 260 339 1853 3829 3878
92 1272 1602 2661 2300 2620 3447
1291 1539 2250 2508 464 3830 2399
1672 399 3175 2300 2634 3460 4025
131 1555 1896 682 3877 2811 3359
1208 1745 2451 387 2703 2122 3649
259 2964 2897 3043 3274 2391 2622
960 1060 1066 1695 1736 1960 2118
1045 1204 1687 469 3186 2067 3453
184 1335 1525 1781 876 2164 2238
212 1190 1435 2319 1948 3475 3743
1744 1863 664 802 2724 3217 2522
1354 351 2215 2690 3006 2578 3835
26 911 979 1610 756 3679 3972
1241 1535 1722 664 3851 3798 4012
1250 1544 645 2943 3002 2236 2409
244 338 934 1114 2313 2322 3590
1567 1737 1876 462 857 2140 3766
131 414 1105 1381 1636 2825 3812
950 1345 1426 1846 498 683 3707
213 538 944 1368 1468 2437 3941
87 1583 633 2320 2348 2404 3655
1307 1550 1803 577 827 3329 3388
117 145 995 1301 3111 3204 2094
287 967 1413 1637 1856 2233 3667
231 3031 2060 2342 2416 3572 3853
1062 1364 1579 2465 2600 3843 3844
148 1107 1902 453 3119 3630 3947
948 1842 465 2428 3654 3755 3792
1010 513 581 2698 2777 3428 2119
107 1237 1557 402 3319 3026 2252
195 1822 422 452 2588 3381 3389
283 1533 1573 782 2879 2548 3753
269 1535 1825 592 2125 2076 3852
307 1349 1515 1873 3247 2406 3778
1271 1325 2529 2617 2822 2918 3407
940 1891 2716 2875 3140 3260 2549
2903 3083 1970 2301 2446 2541 3658
1557 1813 3872 3148 3313 2414 3924
247 987 1626 1895 2920 2628 3670
629 920 500 2662 2730 3520 4020
96 1461 1643 2819 2217 3895 3969
53 1048 554 659 3165 3108 2490
935 2538 705 2727 3347 2467 3708
1271 1448 1582 1867 1935 2011 3632
152 261 922 1117 1834 2917 3887
1549 709 881 2696 3572 3700 3749
389 1420 1594 604 2863 2602 3646
343 2289 2302 684 3108 2557 3675
1164 1893 2308 2352 2581 3653 3911
206 1009 1153 2835 2611 3547 3617
156 268 1299 1712 600 818 3715
284 926 1071 1173 2111 2683 2717
1358 442 764 2859 3282 2591 2658
1025 442 647 827 2385 2298 3648
1132 1689 1832 1964 3653 3736 3887
1558 2187 3168 2854 3498 3703 3849
580 1731 370 437 503 1941 2839
1135 1221 1545 835 3269 2016 2164
1660 2337 2719 1974 2060 2167 3694
917 440 2780 2781 2990 3027 3369
1690 2007 2355 2960 2987 3188 3696
314 2372 2755 2981 3135 2182 2381
255 1374 1491 1801 756 2956 3695
181 1786 2752 3259 1927 2537 3964
188 2810 3348 2046 2103 2244 4001
1094 1426 1697 423 3095 3286 3863
1509 1521 1667 1819 1834 876 1969
984 1277 1398 1600 1814 1891 2382
992 1283 819 2712 2798 1924 2086
1332 1338 1788 2701 2796 3242 3435
1109 692 828 2984 3042 2325 2579
982 1458 1556 2378 529 576 2050
276 1103 1371 1645 2295 2912 3353
127 1055 1226 1269 2704 3302 1922
73 152 221 2004 2183 807 2148
1192 1392 1489 1490 1682 3359 3648
552 2642 2083 2369 2453 2623 3931
20 63 110 1884 2801 3432 3702
291 1526 3385 2742 2743 3687 3866
1152 1428 1648 411 800 3750 3430
50 1525 1715 1784 2777 3040 3157
1103 1223 1233 662 2805 2578 3545
1360 1633 1782 3383 3408 2156 2646
1031 1661 3001 2893 2441 3527 4004
122 465 2930 3268 3287 2477 3749
87 2461 349 375 706 2230 3743
339 1446 369 3297 2595 3658 3940
178 1258 854 3225 1971 2260 3491
1808 2461 2246 2801 3237 2308 3938
1248 1295 1939 2847 2851 3273 3484
978 1046 1230 1904 609 2916 1987
1219 1318 1322 2798 3015 3298 2229
1129 1808 783 807 2710 2897 2219
953 1317 1670 2751 3231 3321 1918
1236 1470 471 503 680 835 2957
52 1088 519 852 3225 2637 3856
1366 1381 1544 407 2681 3323 2263
622 856 2723 3224 2532 3728 3780
1481 489 531 709 3249 3305 4026
1431 1660 1711 644 3961 3202 3737
117 934 1653 3085 3229 1981 2240
1251 2543 3258 2769 3315 2360 3781
105 234 912 1646 1878 2780 3463
345 1187 2810 2546 3660 3945 4024
2327 843 2870 2928 3427 2596 3573
59 1239 1424 1719 3327 3590 3601
1165 1338 579 2767 2147 2173 2424
89 694 2746 2839 3113 2280 3631
957 1753 364 550 2914 3257 2488
115 228 1260 1383 813 2751 2624
1265 1329 591 753 1988 2061 4020
329 695 706 2255 2278 3686 3757
1416 1515 497 854 2698 3247 3698
1332 509 537 597 3331 1979 2192
1576 671 3989 3232 3457 3769 3823
51 1566 2466 2553 2603 3627 3685
303 2794 2805 3187 2051 2390 3931
926 1699 1848 2926 2345 2395 3598
1137 1639 3304 2768 1956 2374 2434
987 1187 672 3251 2019 3744 4024
107 190 1091 1821 356 2124 3799
263 1229 2555 2901 2011 2365 3764
