0 0.51
1 0.482
2 0.547
3 0.467
4 0.483
5 0.452
6 0.469
7 0.444
8 0.473
9 0.482
10 0.456
11 0.475
12 0.497
13 0.454
14 0.51
15 0.468
16 0.5
17 0.474
18 0.463
19 0.444
20 0.48
21 0.459
22 0.515
23 0.467
24 0.533
25 0.452
26 0.456
27 0.508
28 0.489
29 0.49
30 0.475
31 0.479
32 0.496
33 0.443
34 0.52
35 0.427
36 0.461
37 0.519
38 0.505
39 0.411
40 0.518
41 0.487
42 0.498
43 0.464
44 0.528
45 0.479
46 0.482
47 0.498
48 0.484
49 0.467
50 0.469
51 0.483
52 0.5
53 0.449
54 0.442
55 0.453
56 0.466
57 0.465
58 0.485
59 0.477
60 0.439
61 0.517
62 0.46
63 0.465
64 0.495
65 0.464
66 0.466
67 0.459
68 0.537
69 0.445
70 0.482
71 0.426
72 0.511
73 0.497
74 0.466
75 0.452
76 0.508
77 0.47
78 0.488
79 0.504
80 0.491
81 0.507
82 0.479
83 0.466
84 0.448
85 0.468
86 0.466
87 0.475
88 0.508
89 0.47
90 0.471
91 0.496
92 0.516
93 0.528
94 0.507
95 0.488
96 0.477
97 0.497
98 0.481
99 0.452
100 0.518
101 0.525
102 0.486
103 0.491
104 0.504
105 0.483
106 0.523
107 0.497
108 0.444
109 0.479
110 0.458
111 0.459
112 0.504
113 0.478
114 0.434
115 0.458
116 0.526
117 0.444
118 0.419
119 0.446
120 0.494
121 0.454
122 0.461
123 0.451
124 0.447
125 0.473
126 0.475
127 0.462
128 0.5
129 0.467
130 0.451
131 0.499
132 0.479
133 0.506
134 0.478
135 0.504
136 0.479
137 0.449
138 0.451
139 0.464
140 0.462
141 0.471
142 0.5
143 0.469
144 0.45
145 0.497
146 0.438
147 0.522
148 0.464
149 0.474
150 0.423
151 0.488
152 0.495
153 0.515
154 0.481
155 0.445
156 0.425
157 0.477
158 0.426
159 0.455
160 0.522
161 0.463
162 0.468
163 0.466
164 0.493
165 0.493
166 0.517
167 0.481
168 0.476
169 0.431
170 0.566
171 0.434
172 0.481
173 0.433
174 0.422
175 0.483
176 0.464
177 0.502
178 0.507
179 0.504
180 0.459
181 0.491
182 0.443
183 0.513
184 0.494
185 0.514
186 0.481
187 0.526
188 0.485
189 0.465
190 0.469
191 0.501
192 0.491
193 0.433
194 0.479
195 0.519
196 0.428
197 0.524
198 0.502
199 0.492
200 0.515
201 0.503
202 0.461
203 0.477
204 0.521
205 0.486
206 0.482
207 0.492
208 0.477
209 0.502
210 0.495
211 0.518
212 0.484
213 0.505
214 0.478
215 0.469
216 0.477
217 0.488
218 0.504
219 0.491
220 0.527
221 0.548
222 0.494
223 0.521
224 0.536
225 0.441
