0 1
1 0.905149
2 0.892852
3 0.839986
4 0.764298
5 0.754964
6 0.746826
7 0.729323
8 0.726568
9 0.723603
10 0.717044
11 0.714606
12 0.714606
13 0.696322
14 0.694697
15 0.692593
16 0.679879
17 0.679277
18 0.673585
19 0.667017
20 0.66722
21 0.662437
22 0.661675
23 0.66096
24 0.660867
25 0.660186
26 0.635931
27 0.63029
28 0.630081
29 0.628757
30 0.620116
31 0.616132
32 0.61481
33 0.615079
34 0.612455
35 0.61199
36 0.611126
37 0.602039
38 0.599929
39 0.593708
40 0.593417
41 0.593317
42 0.583884
43 0.583627
44 0.582452
45 0.581175
46 0.580785
47 0.580285
48 0.580934
49 0.579354
50 0.578747
51 0.576069
52 0.575467
53 0.574045
54 0.573806
55 0.571814
56 0.571751
57 0.571626
58 0.571304
59 0.571518
60 0.568843
61 0.568524
62 0.567714
63 0.567614
64 0.566578
65 0.566444
66 0.565025
67 0.565025
68 0.564793
69 0.562122
70 0.562371
71 0.562238
72 0.562238
73 0.56178
74 0.560955
75 0.560955
76 0.557438
77 0.556023
78 0.552514
79 0.550611
80 0.550045
81 0.548563
82 0.548101
83 0.547448
84 0.547448
85 0.547103
86 0.547118
87 0.546934
88 0.545307
89 0.545329
90 0.545329
91 0.545005
92 0.545005
93 0.544946
94 0.544457
95 0.544206
96 0.544143
97 0.544143
98 0.543956
99 0.543556
100 0.543584
101 0.542451
102 0.542549
103 0.540096
104 0.540001
105 0.539692
106 0.539404
107 0.539332
108 0.539338
109 0.539144
110 0.539029
111 0.53835
112 0.538103
113 0.537836
114 0.537703
115 0.537703
116 0.53735
117 0.537189
118 0.536893
119 0.535953
120 0.535688
121 0.533975
122 0.533362
123 0.532718
124 0.533146
125 0.532604
126 0.532555
127 0.532573
128 0.531947
129 0.530248
130 0.530185
131 0.530238
132 0.529869
133 0.52972
134 0.526656
135 0.525393
136 0.525476
137 0.52504
138 0.524564
139 0.52477
140 0.524676
141 0.524198
142 0.524198
143 0.524324
144 0.522975
145 0.522975
146 0.523023
147 0.523291
148 0.523396
149 0.523165
150 0.523225
151 0.520786
152 0.520609
153 0.518939
154 0.517746
155 0.517435
156 0.517133
157 0.517167
158 0.514434
159 0.514317
160 0.513584
161 0.513404
162 0.513404
163 0.513349
164 0.51313
165 0.513185
166 0.513154
167 0.510707
168 0.510424
169 0.510424
170 0.510324
171 0.510449
172 0.510449
173 0.50826
174 0.507376
175 0.507206
176 0.501883
177 0.501883
178 0.497567
179 0.497608
180 0.496845
181 0.489789
182 0.489852
183 0.490209
184 0.490209
185 0.490243
186 0.490243
187 0.490158
188 0.490158
189 0.489966
190 0.481056
191 0.481056
192 0.481029
193 0.480954
194 0.480634
195 0.480634
196 0.480634
197 0.480634
198 0.480568
199 0.480624
200 0.480564
201 0.480564
202 0.480552
203 0.480264
204 0.480387
205 0.480037
206 0.480275
207 0.479737
208 0.479782
209 0.479736
210 0.479477
211 0.479522
212 0.478947
213 0.478947
214 0.47888
215 0.478296
216 0.478296
217 0.478344
218 0.478344
219 0.478136
220 0.478136
221 0.478136
222 0.478077
223 0.478077
224 0.478093
225 0.478146
