0 1
1 1.01834
2 1.0187
3 1.02758
4 1.05172
5 1.05406
6 1.06168
7 1.06542
8 1.06595
9 1.06695
10 1.0725
11 1.07362
12 1.07377
13 1.07653
14 1.07737
15 1.07883
16 1.07877
17 1.07902
18 1.08247
19 1.0836
20 1.08429
21 1.08711
22 1.08706
23 1.08686
24 1.08712
25 1.08776
26 1.10018
27 1.1007
28 1.1008
29 1.10101
30 1.1046
31 1.10516
32 1.106
33 1.10592
34 1.10676
35 1.10697
36 1.10713
37 1.11199
38 1.11356
39 1.11406
40 1.116
41 1.11642
42 1.11713
43 1.11731
44 1.11884
45 1.11905
46 1.11907
47 1.11961
48 1.12022
49 1.11956
50 1.11951
51 1.12189
52 1.12311
53 1.12344
54 1.12341
55 1.12347
56 1.12351
57 1.12368
58 1.12358
59 1.1236
60 1.12386
61 1.12413
62 1.12422
63 1.12438
64 1.1243
65 1.12454
66 1.12511
67 1.12515
68 1.12572
69 1.12726
70 1.12717
71 1.1276
72 1.1276
73 1.1286
74 1.12899
75 1.12898
76 1.12974
77 1.12992
78 1.13072
79 1.13136
80 1.13206
81 1.13246
82 1.13265
83 1.13282
84 1.13296
85 1.13309
86 1.13296
87 1.13314
88 1.13507
89 1.13511
90 1.1352
91 1.13506
92 1.13522
93 1.13532
94 1.13548
95 1.13527
96 1.13527
97 1.13527
98 1.13527
99 1.13602
100 1.13605
101 1.13652
102 1.13648
103 1.13773
104 1.13827
105 1.13773
106 1.13777
107 1.1378
108 1.13809
109 1.13845
110 1.14048
111 1.14048
112 1.1403
113 1.14046
114 1.14066
115 1.14066
116 1.14098
117 1.14123
118 1.14066
119 1.141
120 1.14094
121 1.14238
122 1.14299
123 1.1435
124 1.14348
125 1.14363
126 1.1439
127 1.1439
128 1.14365
129 1.148
130 1.14784
131 1.14795
132 1.14797
133 1.14787
134 1.14773
135 1.14786
136 1.14757
137 1.14774
138 1.14909
139 1.14914
140 1.14923
141 1.14938
142 1.14934
143 1.14944
144 1.15006
145 1.15024
146 1.15032
147 1.14992
148 1.14949
149 1.14961
150 1.15122
151 1.15195
152 1.15195
153 1.15335
154 1.15425
155 1.15434
156 1.15443
157 1.15458
158 1.15456
159 1.1546
160 1.15469
161 1.15429
162 1.15429
163 1.15485
164 1.1547
165 1.1547
166 1.15516
167 1.15764
168 1.15764
169 1.15778
170 1.15782
171 1.15813
172 1.15813
173 1.15862
174 1.1594
175 1.15953
176 1.16448
177 1.16461
178 1.16837
179 1.16847
180 1.1694
181 1.17349
182 1.17349
183 1.17367
184 1.17367
185 1.17387
186 1.17382
187 1.17391
188 1.17391
189 1.17374
190 1.17738
191 1.17738
192 1.17743
193 1.17748
194 1.17762
195 1.17762
196 1.17757
197 1.17757
198 1.17757
199 1.17754
200 1.17752
201 1.17754
202 1.17758
203 1.17765
204 1.17771
205 1.17823
206 1.17817
207 1.17831
208 1.17831
209 1.17858
210 1.17887
211 1.17885
212 1.17858
213 1.17858
214 1.17862
215 1.1791
216 1.17901
217 1.17911
218 1.17911
219 1.1793
220 1.1793
221 1.1793
222 1.17943
223 1.17943
224 1.17968
225 1.17973
