0 21.953
1 22.319
2 22.325
3 22.509
4 22.995
5 23.042
6 23.2
7 23.274
8 23.287
9 23.308
10 23.426
11 23.451
12 23.457
13 23.515
14 23.533
15 23.566
16 23.563
17 23.566
18 23.636
19 23.661
20 23.677
21 23.737
22 23.735
23 23.73
24 23.736
25 23.75
26 23.997
27 24.009
28 24.011
29 24.015
30 24.09
31 24.104
32 24.121
33 24.12
34 24.137
35 24.142
36 24.143
37 24.247
38 24.275
39 24.286
40 24.323
41 24.331
42 24.342
43 24.346
44 24.38
45 24.385
46 24.385
47 24.398
48 24.41
49 24.395
50 24.394
51 24.444
52 24.47
53 24.477
54 24.476
55 24.478
56 24.479
57 24.484
58 24.482
59 24.482
60 24.488
61 24.494
62 24.495
63 24.498
64 24.497
65 24.502
66 24.512
67 24.513
68 24.525
69 24.556
70 24.554
71 24.564
72 24.564
73 24.585
74 24.594
75 24.594
76 24.611
77 24.613
78 24.629
79 24.644
80 24.658
81 24.666
82 24.67
83 24.674
84 24.677
85 24.68
86 24.678
87 24.682
88 24.717
89 24.717
90 24.719
91 24.716
92 24.72
93 24.722
94 24.727
95 24.723
96 24.723
97 24.723
98 24.723
99 24.738
100 24.74
101 24.751
102 24.75
103 24.777
104 24.8
105 24.788
106 24.789
107 24.79
108 24.797
109 24.806
110 24.847
111 24.847
112 24.843
113 24.847
114 24.851
115 24.851
116 24.857
117 24.863
118 24.849
119 24.857
120 24.855
121 24.885
122 24.897
123 24.91
124 24.909
125 24.913
126 24.919
127 24.919
128 24.913
129 25.008
130 25.003
131 25.003
132 25.003
133 25.001
134 24.999
135 25.001
136 24.995
137 24.999
138 25.027
139 25.028
140 25.03
141 25.033
142 25.032
143 25.035
144 25.05
145 25.054
146 25.056
147 25.047
148 25.04
149 25.043
150 25.076
151 25.094
152 25.094
153 25.125
154 25.143
155 25.145
156 25.147
157 25.147
158 25.148
159 25.149
160 25.151
161 25.143
162 25.143
163 25.156
164 25.153
165 25.153
166 25.162
167 25.214
168 25.214
169 25.217
170 25.218
171 25.224
172 25.224
173 25.235
174 25.252
175 25.254
176 25.361
177 25.364
178 25.443
179 25.445
180 25.467
181 25.555
182 25.555
183 25.56
184 25.56
185 25.563
186 25.562
187 25.563
188 25.563
189 25.561
190 25.637
191 25.637
192 25.638
193 25.639
194 25.642
195 25.642
196 25.641
197 25.641
198 25.641
199 25.64
200 25.64
201 25.64
202 25.641
203 25.641
204 25.642
205 25.651
206 25.649
207 25.651
208 25.651
209 25.657
210 25.662
211 25.661
212 25.655
213 25.655
214 25.657
215 25.668
216 25.666
217 25.668
218 25.668
219 25.672
220 25.672
221 25.672
222 25.674
223 25.674
224 25.678
225 25.679
