0 4.0993
1 4.19099
2 4.18427
3 4.23628
4 4.34302
5 4.3489
6 4.36678
7 4.39103
8 4.39759
9 4.40144
10 4.41058
11 4.4141
12 4.41396
13 4.43812
14 4.43645
15 4.43511
16 4.41612
17 4.42034
18 4.44223
19 4.46284
20 4.46588
21 4.47526
22 4.4753
23 4.47443
24 4.47437
25 4.47877
26 4.49684
27 4.5058
28 4.50639
29 4.50598
30 4.52611
31 4.53619
32 4.54117
33 4.54256
34 4.54774
35 4.55041
36 4.54993
37 4.5679
38 4.57821
39 4.59438
40 4.59627
41 4.59517
42 4.59515
43 4.59544
44 4.59807
45 4.59915
46 4.59916
47 4.60843
48 4.60965
49 4.61622
50 4.61748
51 4.62205
52 4.62319
53 4.6259
54 4.6253
55 4.6276
56 4.62758
57 4.62709
58 4.62868
59 4.62848
60 4.62814
61 4.62979
62 4.63268
63 4.63353
64 4.63476
65 4.63538
66 4.6406
67 4.6406
68 4.63888
69 4.63873
70 4.63845
71 4.63628
72 4.63627
73 4.63712
74 4.63648
75 4.63672
76 4.64642
77 4.6447
78 4.64708
79 4.64883
80 4.64968
81 4.6545
82 4.65542
83 4.65496
84 4.65561
85 4.65455
86 4.65593
87 4.65558
88 4.66379
89 4.66529
90 4.66529
91 4.66397
92 4.66397
93 4.66394
94 4.66319
95 4.66482
96 4.66435
97 4.66435
98 4.66474
99 4.66403
100 4.66629
101 4.6634
102 4.66179
103 4.66648
104 4.66979
105 4.67003
106 4.66884
107 4.66851
108 4.66497
109 4.66548
110 4.6668
111 4.6652
112 4.66622
113 4.66603
114 4.66544
115 4.66544
116 4.66636
117 4.66784
118 4.6667
119 4.66952
120 4.66957
121 4.67348
122 4.67688
123 4.68146
124 4.68229
125 4.68115
126 4.68263
127 4.68181
128 4.6775
129 4.68742
130 4.68735
131 4.68729
132 4.68823
133 4.68677
134 4.68889
135 4.68782
136 4.68884
137 4.68811
138 4.69783
139 4.69897
140 4.70171
141 4.70362
142 4.70362
143 4.70816
144 4.70583
145 4.70583
146 4.70616
147 4.7066
148 4.7076
149 4.70738
150 4.71555
151 4.71865
152 4.71912
153 4.71784
154 4.72928
155 4.73126
156 4.73086
157 4.72988
158 4.73408
159 4.73454
160 4.73608
161 4.73694
162 4.73689
163 4.73706
164 4.73769
165 4.73671
166 4.74045
167 4.75238
168 4.75177
169 4.75121
170 4.7508
171 4.75211
172 4.75211
173 4.75236
174 4.75313
175 4.75487
176 4.78213
177 4.78213
178 4.78979
179 4.7887
180 4.79262
181 4.80671
182 4.80781
183 4.8094
184 4.8094
185 4.80949
186 4.8092
187 4.80839
188 4.80839
189 4.80907
190 4.8281
191 4.8281
192 4.82715
193 4.82792
194 4.82763
195 4.82763
196 4.82718
197 4.82689
198 4.82687
199 4.82812
200 4.82817
201 4.82847
202 4.83062
203 4.83306
204 4.83228
205 4.83249
206 4.83361
207 4.83158
208 4.83061
209 4.82975
210 4.8311
211 4.83136
212 4.83351
213 4.83351
214 4.83248
215 4.83787
216 4.83787
217 4.83905
218 4.83905
219 4.84031
220 4.84031
221 4.84031
222 4.83981
223 4.83981
224 4.83851
225 4.83926
