0 0.1525
1 0.114261
2 0.112976
3 0.104948
4 0.0667895
5 0.0658909
6 0.0642584
7 0.0631207
8 0.0625101
9 0.062393
10 0.0608145
11 0.0606753
12 0.0606566
13 0.0583773
14 0.0581362
15 0.057975
16 0.0582681
17 0.0581602
18 0.0570293
19 0.0563396
20 0.056331
21 0.0555987
22 0.0555735
23 0.0555135
24 0.0555255
25 0.0554476
26 0.0495484
27 0.0490671
28 0.0490641
29 0.0490732
30 0.0475549
31 0.047458
32 0.0473554
33 0.047362
34 0.0473128
35 0.0473089
36 0.0472963
37 0.0458579
38 0.0456224
39 0.0454915
40 0.0454571
41 0.0454473
42 0.0456879
43 0.045684
44 0.0456165
45 0.0456432
46 0.0456282
47 0.0455177
48 0.0455518
49 0.0455869
50 0.0455902
51 0.0453573
52 0.0452495
53 0.0452311
54 0.0452161
55 0.0451956
56 0.0451957
57 0.0451954
58 0.045198
59 0.045196
60 0.0452391
61 0.0452186
62 0.0452443
63 0.0452596
64 0.0452205
65 0.0452575
66 0.0453762
67 0.0453762
68 0.0453503
69 0.0449899
70 0.0449903
71 0.0449683
72 0.0449546
73 0.0448225
74 0.044822
75 0.0448293
76 0.0440537
77 0.0440247
78 0.0439764
79 0.0439079
80 0.0438687
81 0.0438316
82 0.043859
83 0.0438796
84 0.043883
85 0.0439001
86 0.0439122
87 0.0439147
88 0.0436663
89 0.0436922
90 0.0436922
91 0.0436863
92 0.0436863
93 0.043686
94 0.043628
95 0.0436336
96 0.0436035
97 0.0436035
98 0.0436078
99 0.0436104
100 0.0435948
101 0.0436161
102 0.0436137
103 0.0433848
104 0.0433029
105 0.0433442
106 0.0433341
107 0.043309
108 0.0432843
109 0.0432905
110 0.0433219
111 0.0433146
112 0.0433348
113 0.0433326
114 0.0433232
115 0.0433232
116 0.0433181
117 0.0433493
118 0.0433413
119 0.0433752
120 0.0434393
121 0.0434706
122 0.0435027
123 0.0434793
124 0.0435089
125 0.0434882
126 0.0435238
127 0.0435379
128 0.0435279
129 0.0431358
130 0.0431452
131 0.0431662
132 0.043187
133 0.0431409
134 0.0429448
135 0.0428951
136 0.0428851
137 0.0428467
138 0.0428248
139 0.0428508
140 0.0428374
141 0.042806
142 0.042806
143 0.0426967
144 0.0423993
145 0.0423993
146 0.0424137
147 0.0424099
148 0.0424524
149 0.0424502
150 0.0424898
151 0.0417138
152 0.0417319
153 0.0416887
154 0.0414899
155 0.0414989
156 0.0414774
157 0.0414977
158 0.0415759
159 0.0415791
160 0.0415666
161 0.0415927
162 0.0415918
163 0.0416107
164 0.0416163
165 0.0415998
166 0.0415595
167 0.0410303
168 0.0410513
169 0.0410437
170 0.0410604
171 0.0410876
172 0.0410876
173 0.0408954
174 0.0409036
175 0.0409231
176 0.0395788
177 0.0395788
178 0.0389966
179 0.0389866
180 0.0390801
181 0.0378383
182 0.0378418
183 0.0378602
184 0.0378602
185 0.0378675
186 0.0378659
187 0.0378555
188 0.0378555
189 0.0378761
190 0.0370271
191 0.0370271
192 0.0369767
193 0.0369774
194 0.0370023
195 0.0370023
196 0.036993
197 0.0369934
198 0.0369871
199 0.0369909
200 0.0369885
201 0.0370042
202 0.0370083
203 0.0370512
204 0.0370434
205 0.0370748
206 0.0370869
207 0.0370797
208 0.037092
209 0.0370918
210 0.037125
211 0.0371258
212 0.0370622
213 0.0370622
214 0.0370578
215 0.037107
216 0.037107
217 0.0371157
218 0.0371157
219 0.0371414
220 0.0371413
221 0.0371413
222 0.0371308
223 0.0371308
224 0.0371272
225 0.0371308
