0 0.0857519
1 0.0843126
2 0.083967
3 0.0790461
4 0.0778196
5 0.0773471
6 0.0780147
7 0.0767238
8 0.0757456
9 0.0756388
10 0.0751776
11 0.0751777
12 0.0752088
13 0.0748925
14 0.0741406
15 0.0737809
16 0.0736796
17 0.0731947
18 0.0720828
19 0.0703158
20 0.0700459
21 0.0702164
22 0.0699733
23 0.069874
24 0.0699532
25 0.0699233
26 0.0664635
27 0.0664843
28 0.0665469
29 0.0664607
30 0.0660595
31 0.0660531
32 0.0661119
33 0.0659842
34 0.0657917
35 0.0656487
36 0.0652634
37 0.0642182
38 0.0640559
39 0.0638099
40 0.0634932
41 0.0635519
42 0.0635706
43 0.0635692
44 0.0633304
45 0.0633872
46 0.0633646
47 0.0628036
48 0.0627514
49 0.0627429
50 0.0626873
51 0.0623193
52 0.0623007
53 0.0621828
54 0.0621635
55 0.0621077
56 0.0621049
57 0.062016
58 0.0620005
59 0.0620097
60 0.0620179
61 0.0620327
62 0.0620818
63 0.0621076
64 0.0621271
65 0.0620746
66 0.062006
67 0.0620036
68 0.0619435
69 0.0619422
70 0.0619475
71 0.0618333
72 0.0618337
73 0.0617669
74 0.061642
75 0.0616488
76 0.0616213
77 0.0615999
78 0.061678
79 0.0616841
80 0.0615419
81 0.0615548
82 0.0614191
83 0.061376
84 0.0614006
85 0.0614212
86 0.0614431
87 0.0614666
88 0.061441
89 0.0614332
90 0.0614225
91 0.0613977
92 0.0614127
93 0.0614467
94 0.0614122
95 0.0613888
96 0.0613926
97 0.0613926
98 0.0613973
99 0.0614116
100 0.0614163
101 0.0614216
102 0.0613908
103 0.0612339
104 0.0607145
105 0.0606768
106 0.060695
107 0.0606903
108 0.060695
109 0.0606034
110 0.0607914
111 0.0607914
112 0.0607906
113 0.0607802
114 0.0608073
115 0.0608073
116 0.060838
117 0.0608828
118 0.0609996
119 0.0610137
120 0.0609872
121 0.0607111
122 0.0607028
123 0.0602884
124 0.0602748
125 0.0602856
126 0.0602643
127 0.0602346
128 0.0601244
129 0.0600037
130 0.0599186
131 0.0599126
132 0.0598906
133 0.0598761
134 0.0598406
135 0.0597647
136 0.0597605
137 0.059742
138 0.0597825
139 0.0597712
140 0.059793
141 0.0597475
142 0.0597461
143 0.0597289
144 0.0596251
145 0.0596316
146 0.0596351
147 0.0595836
148 0.0593689
149 0.0594134
150 0.0592272
151 0.0583712
152 0.058371
153 0.0583454
154 0.0583975
155 0.0583849
156 0.0583967
157 0.0583722
158 0.0583482
159 0.0583494
160 0.0583686
161 0.0583345
162 0.0583345
163 0.0583353
164 0.0583154
165 0.0583154
166 0.0583239
167 0.0579202
168 0.0579074
169 0.0578886
170 0.0579003
171 0.0579013
172 0.0579013
173 0.0578667
174 0.0579052
175 0.057885
176 0.0580427
177 0.0580122
178 0.0585286
179 0.0585279
180 0.058585
181 0.0586335
182 0.0586335
183 0.0586019
184 0.0586019
185 0.0584426
186 0.0584235
187 0.0584157
188 0.0584157
189 0.05847
190 0.058678
191 0.058678
192 0.0586529
193 0.0586472
194 0.0586225
195 0.0586225
196 0.0586347
197 0.0586347
198 0.0586347
199 0.058641
200 0.0586133
201 0.0586071
202 0.0586115
203 0.0586253
204 0.0586328
205 0.0586436
206 0.0586688
207 0.0586598
208 0.0586598
209 0.0586152
210 0.0586146
211 0.0585954
212 0.0585799
213 0.0585799
214 0.0585714
215 0.058591
216 0.0585887
217 0.0586082
218 0.0586082
219 0.0586096
220 0.0586096
221 0.0586096
222 0.0586191
223 0.0586191
224 0.0586543
225 0.0586492
