0 1
1 0.811923
2 0.80459
3 0.759521
4 0.537375
5 0.529779
6 0.51641
7 0.507774
8 0.502748
9 0.501604
10 0.490995
11 0.489929
12 0.489709
13 0.472665
14 0.471297
15 0.469616
16 0.470221
17 0.469583
18 0.461182
19 0.456086
20 0.455762
21 0.449713
22 0.449593
23 0.449175
24 0.449171
25 0.448913
26 0.401939
27 0.398227
28 0.398289
29 0.398385
30 0.386945
31 0.386348
32 0.38593
33 0.385978
34 0.385204
35 0.385111
36 0.384812
37 0.372575
38 0.370431
39 0.36947
40 0.369232
41 0.369138
42 0.371524
43 0.371709
44 0.371895
45 0.371945
46 0.371857
47 0.371339
48 0.371434
49 0.372329
50 0.372149
51 0.370627
52 0.369871
53 0.369797
54 0.369589
55 0.369344
56 0.369344
57 0.369389
58 0.369395
59 0.369366
60 0.369497
61 0.369291
62 0.36946
63 0.369561
64 0.369149
65 0.369526
66 0.370865
67 0.370865
68 0.370646
69 0.368369
70 0.368376
71 0.368113
72 0.368058
73 0.366979
74 0.367038
75 0.367088
76 0.360759
77 0.360406
78 0.3602
79 0.359521
80 0.359266
81 0.35917
82 0.359274
83 0.35944
84 0.359445
85 0.359741
86 0.359766
87 0.359773
88 0.35736
89 0.357549
90 0.357549
91 0.357397
92 0.357397
93 0.357394
94 0.356891
95 0.356576
96 0.356358
97 0.356358
98 0.356389
99 0.356529
100 0.356286
101 0.356384
102 0.356363
103 0.353772
104 0.352928
105 0.353289
106 0.3532
107 0.352952
108 0.352701
109 0.352784
110 0.352936
111 0.352882
112 0.353052
113 0.35304
114 0.352959
115 0.352959
116 0.35305
117 0.353327
118 0.353417
119 0.353799
120 0.354243
121 0.353965
122 0.354413
123 0.354033
124 0.3542
125 0.354033
126 0.354159
127 0.354396
128 0.354369
129 0.351085
130 0.351134
131 0.351265
132 0.351396
133 0.351114
134 0.349213
135 0.348978
136 0.348881
137 0.348425
138 0.348453
139 0.348563
140 0.348543
141 0.348217
142 0.348217
143 0.347467
144 0.345409
145 0.345409
146 0.345601
147 0.345723
148 0.345956
149 0.345932
150 0.34629
151 0.340076
152 0.340158
153 0.339701
154 0.338486
155 0.33853
156 0.338467
157 0.338594
158 0.339174
159 0.339197
160 0.339379
161 0.339554
162 0.33955
163 0.339709
164 0.339823
165 0.339583
166 0.339231
167 0.335481
168 0.335822
169 0.335788
170 0.335867
171 0.336096
172 0.336096
173 0.33449
174 0.334518
175 0.334664
176 0.324385
177 0.324385
178 0.320959
179 0.32091
180 0.321922
181 0.310939
182 0.310982
183 0.311176
184 0.311176
185 0.311299
186 0.311289
187 0.311234
188 0.311234
189 0.311457
190 0.304956
191 0.304956
192 0.304586
193 0.304578
194 0.304697
195 0.304697
196 0.304653
197 0.304657
198 0.304633
199 0.304674
200 0.304692
201 0.304776
202 0.304779
203 0.305016
204 0.304977
205 0.305238
206 0.305513
207 0.305382
208 0.305462
209 0.305487
210 0.305689
211 0.305691
212 0.305496
213 0.305496
214 0.305413
215 0.306129
216 0.306129
217 0.306
218 0.306
219 0.306154
220 0.306154
221 0.306154
222 0.306081
223 0.306081
224 0.306072
225 0.306148
