0 1
1 0.989704
2 0.987683
3 0.937678
4 0.929475
5 0.924281
6 0.935026
7 0.920161
8 0.909765
9 0.907894
10 0.901538
11 0.901542
12 0.901733
13 0.897763
14 0.890962
15 0.887412
16 0.886269
17 0.880588
18 0.868176
19 0.84839
20 0.845552
21 0.846869
22 0.844236
23 0.843296
24 0.844176
25 0.843427
26 0.804445
27 0.804451
28 0.804982
29 0.8039
30 0.798919
31 0.798784
32 0.799578
33 0.798232
34 0.795879
35 0.794169
36 0.789941
37 0.777841
38 0.775803
39 0.773098
40 0.770061
41 0.770794
42 0.770669
43 0.770709
44 0.767872
45 0.768578
46 0.76804
47 0.761727
48 0.761063
49 0.761053
50 0.76085
51 0.756289
52 0.756109
53 0.754496
54 0.754284
55 0.753504
56 0.753469
57 0.752374
58 0.752196
59 0.752362
60 0.752355
61 0.752625
62 0.753201
63 0.75342
64 0.753461
65 0.752948
66 0.752448
67 0.752427
68 0.751913
69 0.751755
70 0.75179
71 0.750698
72 0.750654
73 0.749776
74 0.748274
75 0.748371
76 0.747643
77 0.74765
78 0.748363
79 0.748305
80 0.747091
81 0.747189
82 0.745751
83 0.745193
84 0.745397
85 0.74566
86 0.745906
87 0.74613
88 0.745799
89 0.745725
90 0.745615
91 0.745346
92 0.745544
93 0.745983
94 0.745465
95 0.745295
96 0.745336
97 0.745336
98 0.745381
99 0.745483
100 0.745538
101 0.745551
102 0.74522
103 0.743332
104 0.737046
105 0.736498
106 0.736805
107 0.736714
108 0.736715
109 0.735328
110 0.737596
111 0.737596
112 0.737585
113 0.737462
114 0.73803
115 0.73803
116 0.738505
117 0.739005
118 0.740727
119 0.741039
120 0.740684
121 0.737415
122 0.737328
123 0.732707
124 0.732536
125 0.73252
126 0.732281
127 0.731903
128 0.730679
129 0.728745
130 0.727854
131 0.727846
132 0.727555
133 0.727404
134 0.727205
135 0.72637
136 0.726301
137 0.726016
138 0.726378
139 0.726273
140 0.726388
141 0.725894
142 0.725839
143 0.725729
144 0.724368
145 0.724475
146 0.724514
147 0.724006
148 0.7213
149 0.721721
150 0.719938
151 0.710769
152 0.710765
153 0.710524
154 0.711449
155 0.71126
156 0.711379
157 0.71101
158 0.710554
159 0.710563
160 0.710622
161 0.710325
162 0.710325
163 0.71022
164 0.709886
165 0.709886
166 0.709949
167 0.705066
168 0.704965
169 0.704895
170 0.705018
171 0.704976
172 0.704976
173 0.704465
174 0.704789
175 0.70463
176 0.707329
177 0.706979
178 0.713498
179 0.713482
180 0.713822
181 0.715565
182 0.715565
183 0.715435
184 0.715435
185 0.71393
186 0.713724
187 0.71367
188 0.71367
189 0.714175
190 0.716706
191 0.716706
192 0.716382
193 0.716307
194 0.716014
195 0.716014
196 0.716106
197 0.716106
198 0.716106
199 0.716173
200 0.715772
201 0.715759
202 0.715791
203 0.715997
204 0.716082
205 0.716337
206 0.71666
207 0.716549
208 0.716549
209 0.716119
210 0.716107
211 0.715772
212 0.715614
213 0.715614
214 0.715618
215 0.715966
216 0.715948
217 0.716143
218 0.716143
219 0.716315
220 0.716315
221 0.716315
222 0.71653
223 0.71653
224 0.717059
225 0.716964
