0 1
1 1.02667
2 1.02519
3 1.03941
4 1.06869
5 1.07064
6 1.07533
7 1.08241
8 1.08369
9 1.08458
10 1.08699
11 1.08774
12 1.08769
13 1.09428
14 1.09391
15 1.09371
16 1.08899
17 1.09025
18 1.09622
19 1.10142
20 1.10212
21 1.10478
22 1.10462
23 1.10437
24 1.10435
25 1.10535
26 1.11084
27 1.11325
28 1.11341
29 1.1132
30 1.11828
31 1.12065
32 1.12229
33 1.12258
34 1.1239
35 1.1243
36 1.12426
37 1.12936
38 1.132
39 1.13591
40 1.13664
41 1.13629
42 1.13672
43 1.13672
44 1.13739
45 1.13771
46 1.13774
47 1.13995
48 1.14029
49 1.14215
50 1.14249
51 1.14396
52 1.14432
53 1.14505
54 1.14495
55 1.14547
56 1.14548
57 1.14534
58 1.14582
59 1.14576
60 1.14579
61 1.1461
62 1.14705
63 1.14726
64 1.1475
65 1.14772
66 1.14914
67 1.14914
68 1.14869
69 1.14878
70 1.14872
71 1.14825
72 1.14825
73 1.14833
74 1.14811
75 1.14819
76 1.1505
77 1.1501
78 1.15062
79 1.15088
80 1.15117
81 1.15242
82 1.15265
83 1.15246
84 1.15263
85 1.1524
86 1.1527
87 1.15269
88 1.15513
89 1.15541
90 1.15541
91 1.15509
92 1.15509
93 1.15508
94 1.15491
95 1.15533
96 1.15519
97 1.15519
98 1.15529
99 1.1551
100 1.15565
101 1.15494
102 1.1546
103 1.15606
104 1.15702
105 1.15694
106 1.1567
107 1.15661
108 1.15571
109 1.15564
110 1.15617
111 1.15565
112 1.15591
113 1.15586
114 1.1557
115 1.1557
116 1.15594
117 1.15613
118 1.15588
119 1.1565
120 1.15649
121 1.15753
122 1.15847
123 1.15956
124 1.15979
125 1.1596
126 1.15999
127 1.15979
128 1.15877
129 1.1612
130 1.16118
131 1.16118
132 1.16142
133 1.16107
134 1.16162
135 1.16126
136 1.16151
137 1.16142
138 1.16382
139 1.16411
140 1.16479
141 1.16524
142 1.16524
143 1.16645
144 1.16592
145 1.16592
146 1.166
147 1.16611
148 1.16641
149 1.16636
150 1.16844
151 1.16901
152 1.16915
153 1.16868
154 1.17154
155 1.17211
156 1.17202
157 1.1719
158 1.17318
159 1.1733
160 1.17364
161 1.1739
162 1.17388
163 1.17395
164 1.17405
165 1.17383
166 1.1749
167 1.17837
168 1.17827
169 1.17813
170 1.17801
171 1.17834
172 1.17834
173 1.17833
174 1.17854
175 1.17898
176 1.18568
177 1.18568
178 1.18804
179 1.18776
180 1.18891
181 1.19293
182 1.19319
183 1.19355
184 1.19355
185 1.1936
186 1.19353
187 1.19328
188 1.19328
189 1.19344
190 1.19855
191 1.19855
192 1.19834
193 1.19857
194 1.19837
195 1.19837
196 1.19827
197 1.1982
198 1.19819
199 1.19847
200 1.1985
201 1.19858
202 1.1991
203 1.19973
204 1.19955
205 1.19976
206 1.20013
207 1.19957
208 1.19932
209 1.19903
210 1.19945
211 1.1995
212 1.19993
213 1.19993
214 1.19967
215 1.20108
216 1.20108
217 1.2013
218 1.2013
219 1.20179
220 1.20179
221 1.20179
222 1.20167
223 1.20167
224 1.20118
225 1.20136
