0 0.028
1 0.018
2 0.018
3 0.02
4 0.018
5 0.022
6 0.015
7 0.021
8 0.021
9 0.019
10 0.021
11 0.018
12 0.017
13 0.029
14 0.022
15 0.02
16 0.015
17 0.014
18 0.018
19 0.018
20 0.016
21 0.016
22 0.014
23 0.018
24 0.017
25 0.02
26 0.017
27 0.023
28 0.03
29 0.015
30 0.013
31 0.014
32 0.016
33 0.015
34 0.02
35 0.017
36 0.017
37 0.018
38 0.025
39 0.022
40 0.021
41 0.023
42 0.02
43 0.018
44 0.018
45 0.022
46 0.015
47 0.023
48 0.011
49 0.017
50 0.014
51 0.023
52 0.024
53 0.018
54 0.022
55 0.024
56 0.034
57 0.018
58 0.018
59 0.018
60 0.015
61 0.029
62 0.021
63 0.021
64 0.019
65 0.019
66 0.021
67 0.019
68 0.014
69 0.018
70 0.01
71 0.021
72 0.013
73 0.014
74 0.022
75 0.016
76 0.024
77 0.011
78 0.013
79 0.019
80 0.02
81 0.013
82 0.019
83 0.016
84 0.016
85 0.022
86 0.022
87 0.017
88 0.017
89 0.014
90 0.02
91 0.017
92 0.013
93 0.013
94 0.018
95 0.017
96 0.022
97 0.014
98 0.022
99 0.021
100 0.018
101 0.021
102 0.021
103 0.013
104 0.018
105 0.021
106 0.021
107 0.028
108 0.017
109 0.016
110 0.013
111 0.022
112 0.025
113 0.015
114 0.029
115 0.021
116 0.015
117 0.014
118 0.022
119 0.015
120 0.012
121 0.014
122 0.012
123 0.013
124 0.015
125 0.016
126 0.016
127 0.02
128 0.018
129 0.016
130 0.02
131 0.02
132 0.016
133 0.015
134 0.022
135 0.026
136 0.019
137 0.019
138 0.026
139 0.018
140 0.023
141 0.014
142 0.016
143 0.016
144 0.018
145 0.014
146 0.013
147 0.018
148 0.024
149 0.021
150 0.025
151 0.013
152 0.025
153 0.01
154 0.014
155 0.022
156 0.024
157 0.02
158 0.021
159 0.018
160 0.018
161 0.018
162 0.026
163 0.016
164 0.018
165 0.015
166 0.011
167 0.012
168 0.018
169 0.019
170 0.02
171 0.017
172 0.021
173 0.014
174 0.024
175 0.018
176 0.022
177 0.025
178 0.014
179 0.015
180 0.021
181 0.017
182 0.01
183 0.018
184 0.022
185 0.02
186 0.016
187 0.015
188 0.012
189 0.014
190 0.013
191 0.02
192 0.017
193 0.017
194 0.025
195 0.016
196 0.017
197 0.023
198 0.016
199 0.016
200 0.019
201 0.02
202 0.015
203 0.018
204 0.018
205 0.026
206 0.02
207 0.012
208 0.016
209 0.021
210 0.025
211 0.017
212 0.015
213 0.016
214 0.022
215 0.016
216 0.019
217 0.014
218 0.026
219 0.017
220 0.013
221 0.023
222 0.023
223 0.019
224 0.021
225 0.019
