0 1
1 0.990066
2 0.977883
3 0.915571
4 0.892752
5 0.879284
6 0.87017
7 0.858847
8 0.797975
9 0.790449
10 0.786822
11 0.731118
12 0.730122
13 0.722744
14 0.72183
15 0.720192
16 0.646487
17 0.64626
18 0.643956
19 0.636782
20 0.62295
21 0.617915
22 0.61422
23 0.609924
24 0.609926
25 0.606212
26 0.606791
27 0.605859
28 0.605633
29 0.605572
30 0.605572
31 0.605209
32 0.605554
33 0.604541
34 0.604341
35 0.604141
36 0.604066
37 0.577208
38 0.577308
39 0.574275
40 0.572102
41 0.568939
42 0.567832
43 0.565067
44 0.565022
45 0.565122
46 0.565022
47 0.563625
48 0.562978
49 0.562764
50 0.562875
51 0.561878
52 0.536936
53 0.536327
54 0.536327
55 0.536527
56 0.529217
57 0.528107
58 0.527853
59 0.521274
60 0.520855
61 0.521038
62 0.520658
63 0.516657
64 0.517015
65 0.517002
66 0.518478
67 0.517651
68 0.51754
69 0.517214
70 0.517132
71 0.517132
72 0.516799
73 0.515698
74 0.516171
75 0.516938
76 0.516813
77 0.51795
78 0.517807
79 0.517314
80 0.517148
81 0.516898
82 0.515212
83 0.512216
84 0.505744
85 0.50545
86 0.502365
87 0.502009
88 0.500507
89 0.500355
90 0.498976
91 0.498976
92 0.499091
93 0.499091
94 0.499091
95 0.479555
96 0.479373
97 0.479375
98 0.479375
99 0.479224
100 0.478822
101 0.477874
102 0.467371
103 0.466448
104 0.464329
105 0.464329
106 0.464329
107 0.464329
108 0.464329
109 0.464329
110 0.46224
111 0.461574
112 0.461574
113 0.461267
114 0.461267
115 0.45435
116 0.454572
117 0.454406
118 0.454046
119 0.45378
120 0.452996
121 0.452329
122 0.452329
123 0.449725
124 0.449725
125 0.449872
126 0.449872
127 0.449893
128 0.449332
129 0.449127
130 0.449127
131 0.449127
132 0.448896
133 0.448815
134 0.447807
135 0.448502
136 0.448526
137 0.447501
138 0.447969
139 0.447969
140 0.447898
141 0.447898
142 0.44682
143 0.446973
144 0.4477
145 0.445871
146 0.445243
147 0.445152
148 0.444377
149 0.444453
150 0.443206
151 0.443012
152 0.442689
153 0.442889
154 0.442889
155 0.441272
156 0.441313
157 0.440342
158 0.440425
159 0.440425
160 0.437917
161 0.437985
162 0.437723
163 0.437723
164 0.437682
165 0.436717
166 0.436717
167 0.436717
168 0.436618
169 0.436459
170 0.434908
171 0.434908
172 0.43493
173 0.43483
174 0.43483
175 0.43483
176 0.434656
177 0.434656
178 0.434673
179 0.434673
180 0.434644
181 0.432312
182 0.432281
183 0.432814
184 0.432668
185 0.432968
186 0.432849
187 0.432766
188 0.432666
189 0.432666
190 0.432186
191 0.432186
192 0.431306
193 0.431119
194 0.431012
195 0.431012
196 0.430466
197 0.429119
198 0.429119
199 0.428945
200 0.428945
201 0.428945
202 0.428945
203 0.428278
204 0.428374
205 0.428283
206 0.426683
207 0.426683
208 0.426203
209 0.425816
210 0.425609
211 0.425409
212 0.425933
213 0.425338
214 0.425857
215 0.425968
216 0.425757
217 0.425666
218 0.426157
219 0.426278
220 0.426056
221 0.425965
222 0.426481
223 0.426273
224 0.426373
225 0.426779
