0 1
1 1.00073
2 1.00034
3 1.00999
4 1.01254
5 1.01244
6 1.01321
7 1.014
8 1.01659
9 1.01588
10 1.01773
11 1.05016
12 1.05042
13 1.05068
14 1.05111
15 1.05262
16 1.0783
17 1.07845
18 1.0784
19 1.0821
20 1.08612
21 1.09547
22 1.09473
23 1.09587
24 1.0961
25 1.09755
26 1.09748
27 1.09843
28 1.09853
29 1.09751
30 1.09775
31 1.09811
32 1.09722
33 1.09798
34 1.09793
35 1.098
36 1.09805
37 1.09857
38 1.09865
39 1.10118
40 1.10298
41 1.10099
42 1.10106
43 1.10336
44 1.10327
45 1.10344
46 1.10367
47 1.10426
48 1.10522
49 1.1049
50 1.10493
51 1.10574
52 1.10917
53 1.10995
54 1.10988
55 1.10988
56 1.1104
57 1.11107
58 1.11165
59 1.11401
60 1.11398
61 1.11509
62 1.11568
63 1.11733
64 1.11737
65 1.11884
66 1.12028
67 1.1218
68 1.1218
69 1.12279
70 1.12321
71 1.12321
72 1.12306
73 1.12263
74 1.12278
75 1.12316
76 1.12265
77 1.12293
78 1.12301
79 1.12341
80 1.12317
81 1.12329
82 1.1255
83 1.12739
84 1.13023
85 1.13089
86 1.13268
87 1.13288
88 1.13329
89 1.13283
90 1.13352
91 1.13366
92 1.13317
93 1.13317
94 1.13323
95 1.14388
96 1.14357
97 1.14466
98 1.14461
99 1.14438
100 1.14455
101 1.14624
102 1.14929
103 1.14912
104 1.14906
105 1.14906
106 1.14901
107 1.14868
108 1.1488
109 1.1488
110 1.1502
111 1.15034
112 1.15016
113 1.15098
114 1.15111
115 1.15214
116 1.15231
117 1.15218
118 1.15217
119 1.15304
120 1.15314
121 1.15142
122 1.15136
123 1.1529
124 1.15286
125 1.15307
126 1.15307
127 1.15335
128 1.15356
129 1.15343
130 1.15351
131 1.1534
132 1.1534
133 1.15296
134 1.15338
135 1.15357
136 1.15376
137 1.15562
138 1.15552
139 1.15544
140 1.15545
141 1.15558
142 1.15878
143 1.15849
144 1.15859
145 1.15797
146 1.15835
147 1.15863
148 1.15927
149 1.16013
150 1.16039
151 1.15889
152 1.15898
153 1.15888
154 1.15896
155 1.16127
156 1.16106
157 1.16173
158 1.16184
159 1.16195
160 1.16327
161 1.16424
162 1.16441
163 1.16458
164 1.1648
165 1.16577
166 1.16565
167 1.16649
168 1.16606
169 1.16636
170 1.16595
171 1.16578
172 1.16563
173 1.16563
174 1.16556
175 1.16585
176 1.16565
177 1.16582
178 1.16604
179 1.16618
180 1.16609
181 1.16733
182 1.16733
183 1.16737
184 1.16675
185 1.16675
186 1.16668
187 1.16672
188 1.16711
189 1.16759
190 1.16752
191 1.16781
192 1.16727
193 1.16731
194 1.16791
195 1.16791
196 1.16758
197 1.16915
198 1.16915
199 1.16929
200 1.16944
201 1.16932
202 1.16976
203 1.1695
204 1.1684
205 1.1684
206 1.16728
207 1.16728
208 1.16626
209 1.16562
210 1.16589
211 1.16605
212 1.16637
213 1.16798
214 1.1679
215 1.16788
216 1.16783
217 1.16801
218 1.16835
219 1.16852
220 1.16879
221 1.16879
222 1.16924
223 1.16875
224 1.16904
225 1.16846
