0 12.802
1 12.808
2 12.802
3 12.897
4 12.925
5 12.921
6 12.924
7 12.933
8 12.952
9 12.944
10 12.967
11 13.339
12 13.342
13 13.344
14 13.349
15 13.365
16 13.655
17 13.657
18 13.657
19 13.699
20 13.747
21 13.86
22 13.849
23 13.864
24 13.866
25 13.883
26 13.882
27 13.892
28 13.893
29 13.88
30 13.883
31 13.888
32 13.877
33 13.886
34 13.886
35 13.887
36 13.888
37 13.893
38 13.894
39 13.924
40 13.944
41 13.916
42 13.917
43 13.942
44 13.941
45 13.943
46 13.945
47 13.951
48 13.963
49 13.96
50 13.961
51 13.967
52 14.007
53 14.018
54 14.017
55 14.017
56 14.023
57 14.032
58 14.044
59 14.068
60 14.067
61 14.08
62 14.087
63 14.111
64 14.111
65 14.126
66 14.145
67 14.162
68 14.162
69 14.176
70 14.181
71 14.181
72 14.179
73 14.176
74 14.178
75 14.183
76 14.177
77 14.181
78 14.182
79 14.187
80 14.184
81 14.185
82 14.207
83 14.231
84 14.266
85 14.273
86 14.291
87 14.293
88 14.298
89 14.292
90 14.301
91 14.303
92 14.298
93 14.298
94 14.299
95 14.43
96 14.427
97 14.44
98 14.44
99 14.439
100 14.442
101 14.463
102 14.499
103 14.496
104 14.495
105 14.495
106 14.495
107 14.491
108 14.494
109 14.494
110 14.512
111 14.513
112 14.51
113 14.519
114 14.521
115 14.534
116 14.536
117 14.534
118 14.533
119 14.544
120 14.545
121 14.523
122 14.522
123 14.539
124 14.538
125 14.54
126 14.54
127 14.543
128 14.547
129 14.546
130 14.547
131 14.546
132 14.546
133 14.541
134 14.546
135 14.548
136 14.551
137 14.578
138 14.577
139 14.576
140 14.576
141 14.578
142 14.615
143 14.613
144 14.614
145 14.607
146 14.611
147 14.615
148 14.617
149 14.627
150 14.629
151 14.616
152 14.617
153 14.616
154 14.617
155 14.642
156 14.64
157 14.649
158 14.65
159 14.651
160 14.668
161 14.678
162 14.68
163 14.682
164 14.685
165 14.698
166 14.696
167 14.708
168 14.702
169 14.705
170 14.702
171 14.7
172 14.698
173 14.698
174 14.697
175 14.701
176 14.699
177 14.701
178 14.705
179 14.706
180 14.705
181 14.717
182 14.717
183 14.717
184 14.708
185 14.708
186 14.71
187 14.711
188 14.716
189 14.721
190 14.72
191 14.723
192 14.714
193 14.715
194 14.724
195 14.724
196 14.718
197 14.737
198 14.737
199 14.739
200 14.741
201 14.74
202 14.746
203 14.743
204 14.73
205 14.73
206 14.718
207 14.718
208 14.706
209 14.698
210 14.701
211 14.703
212 14.707
213 14.725
214 14.724
215 14.723
216 14.722
217 14.724
218 14.727
219 14.73
220 14.732
221 14.732
222 14.738
223 14.731
224 14.736
225 14.728
