0 0.0540213
1 0.0533022
2 0.0526377
3 0.0485764
4 0.0481629
5 0.0476774
6 0.0470363
7 0.0466192
8 0.0447073
9 0.0445822
10 0.0444512
11 0.0427785
12 0.0428023
13 0.0425371
14 0.0424825
15 0.0424969
16 0.0408761
17 0.0408657
18 0.040798
19 0.0404115
20 0.0396681
21 0.0387027
22 0.0385619
23 0.0383336
24 0.0383178
25 0.0381045
26 0.0380384
27 0.0379435
28 0.0378583
29 0.0377331
30 0.0376965
31 0.0376381
32 0.0375389
33 0.0375319
34 0.0375262
35 0.0375208
36 0.0375225
37 0.0375082
38 0.0375213
39 0.0373655
40 0.0372645
41 0.0366613
42 0.0366515
43 0.0362479
44 0.0362094
45 0.036198
46 0.0361783
47 0.0361279
48 0.0360442
49 0.0360147
50 0.0360006
51 0.0356953
52 0.0354486
53 0.0354093
54 0.0354312
55 0.0354312
56 0.0350096
57 0.0349101
58 0.0346836
59 0.0344546
60 0.0343761
61 0.0343119
62 0.0341839
63 0.0338145
64 0.0337867
65 0.0334834
66 0.0334225
67 0.033268
68 0.0332576
69 0.0332481
70 0.033238
71 0.0332358
72 0.0332223
73 0.0330283
74 0.0330317
75 0.0330126
76 0.0329506
77 0.0329552
78 0.0329582
79 0.0329369
80 0.0329367
81 0.0329293
82 0.0328705
83 0.0327916
84 0.0326609
85 0.0326675
86 0.0326108
87 0.0326121
88 0.032576
89 0.0325128
90 0.0325031
91 0.0325038
92 0.0324585
93 0.0324624
94 0.0324613
95 0.0322556
96 0.0322358
97 0.032227
98 0.0322327
99 0.0321045
100 0.0321145
101 0.0319835
102 0.0316521
103 0.0316267
104 0.0316245
105 0.0316245
106 0.0316286
107 0.03161
108 0.0316059
109 0.0316158
110 0.0315466
111 0.0315496
112 0.0315348
113 0.0314885
114 0.0314926
115 0.0314811
116 0.0314762
117 0.0314622
118 0.0314687
119 0.0314758
120 0.0314839
121 0.0313799
122 0.0313647
123 0.0307757
124 0.0307749
125 0.0307659
126 0.0307674
127 0.0307585
128 0.0306994
129 0.0306716
130 0.0306726
131 0.0306596
132 0.0306564
133 0.0306206
134 0.0306423
135 0.0306526
136 0.0306358
137 0.0305974
138 0.0305879
139 0.0305764
140 0.0305826
141 0.0305765
142 0.0306288
143 0.0306051
144 0.030608
145 0.03055
146 0.0305169
147 0.030526
148 0.0302368
149 0.030275
150 0.0300697
151 0.0300438
152 0.0300386
153 0.0300364
154 0.0300424
155 0.0299065
156 0.0298969
157 0.0298597
158 0.0298689
159 0.0298679
160 0.0297913
161 0.0298446
162 0.0297446
163 0.029736
164 0.0297394
165 0.0297614
166 0.0297481
167 0.0297493
168 0.0297069
169 0.0296946
170 0.029683
171 0.0296771
172 0.029677
173 0.029676
174 0.0296723
175 0.0296687
176 0.0296602
177 0.0296628
178 0.0296564
179 0.0296405
180 0.0296375
181 0.0295376
182 0.0295371
183 0.0295092
184 0.0294329
185 0.0294318
186 0.0293633
187 0.0293633
188 0.02936
189 0.0293553
190 0.0293467
191 0.0293437
192 0.0292782
193 0.0292703
194 0.0290838
195 0.0290838
196 0.0290579
197 0.0290094
198 0.0289975
199 0.0290056
200 0.0290036
201 0.0289922
202 0.0289973
203 0.0289895
204 0.0289379
205 0.0289336
206 0.0287997
207 0.0287997
208 0.0287824
209 0.0287031
210 0.0286878
211 0.0286948
212 0.0286832
213 0.028697
214 0.0286906
215 0.0286801
216 0.0286697
217 0.0286564
218 0.0286397
219 0.0286366
220 0.0286246
221 0.0286246
222 0.0286356
223 0.0283956
224 0.0283908
225 0.0283469
