0 1
1 0.991407
2 0.983026
3 0.929322
4 0.92424
5 0.917499
6 0.907165
7 0.900942
8 0.872699
9 0.870915
10 0.868826
11 0.843442
12 0.843829
13 0.839337
14 0.838642
15 0.839225
16 0.809594
17 0.809399
18 0.808553
19 0.801423
20 0.78795
21 0.77069
22 0.768227
23 0.7644
24 0.764574
25 0.761267
26 0.760273
27 0.758477
28 0.757044
29 0.754908
30 0.754106
31 0.753415
32 0.751929
33 0.752014
34 0.751936
35 0.751878
36 0.752012
37 0.751892
38 0.752054
39 0.750278
40 0.748301
41 0.736418
42 0.736249
43 0.729105
44 0.728437
45 0.728216
46 0.727851
47 0.727208
48 0.726251
49 0.725725
50 0.725265
51 0.719746
52 0.714397
53 0.713813
54 0.714167
55 0.714167
56 0.705515
57 0.703757
58 0.699127
59 0.695118
60 0.693774
61 0.692816
62 0.690431
63 0.682529
64 0.682155
65 0.67673
66 0.67579
67 0.672342
68 0.672275
69 0.67207
70 0.671881
71 0.671859
72 0.671641
73 0.667507
74 0.667463
75 0.667008
76 0.665882
77 0.665967
78 0.666009
79 0.665425
80 0.665412
81 0.665167
82 0.664444
83 0.662906
84 0.660384
85 0.660568
86 0.659447
87 0.659463
88 0.658751
89 0.657762
90 0.657504
91 0.657522
92 0.656411
93 0.656466
94 0.656453
95 0.651244
96 0.650845
97 0.650171
98 0.650115
99 0.647819
100 0.647948
101 0.645667
102 0.640936
103 0.640553
104 0.640525
105 0.640525
106 0.64052
107 0.640287
108 0.640086
109 0.640249
110 0.639054
111 0.639071
112 0.638878
113 0.637904
114 0.637956
115 0.63765
116 0.637556
117 0.637371
118 0.637504
119 0.637275
120 0.637423
121 0.635673
122 0.635564
123 0.625678
124 0.625657
125 0.62536
126 0.625378
127 0.625208
128 0.624242
129 0.623764
130 0.623774
131 0.62357
132 0.623536
133 0.622806
134 0.623215
135 0.623309
136 0.622995
137 0.622255
138 0.621947
139 0.621747
140 0.621921
141 0.621846
142 0.624217
143 0.623758
144 0.623803
145 0.622479
146 0.621939
147 0.622098
148 0.615982
149 0.616263
150 0.612939
151 0.612233
152 0.612147
153 0.612118
154 0.612231
155 0.609086
156 0.609036
157 0.608252
158 0.608326
159 0.60834
160 0.60665
161 0.607865
162 0.605448
163 0.605234
164 0.605279
165 0.60541
166 0.605243
167 0.605576
168 0.604773
169 0.604379
170 0.604121
171 0.604039
172 0.604001
173 0.603985
174 0.603927
175 0.60374
176 0.603596
177 0.603569
178 0.603473
179 0.603235
180 0.603176
181 0.600607
182 0.6006
183 0.600221
184 0.599015
185 0.598999
186 0.598092
187 0.598088
188 0.598052
189 0.597913
190 0.597903
191 0.59795
192 0.596676
193 0.596236
194 0.592051
195 0.592051
196 0.591729
197 0.590613
198 0.590477
199 0.590575
200 0.590526
201 0.590313
202 0.590518
203 0.590391
204 0.589737
205 0.58965
206 0.586908
207 0.586908
208 0.586386
209 0.584737
210 0.584602
211 0.584676
212 0.584494
213 0.584477
214 0.584382
215 0.58423
216 0.584061
217 0.583876
218 0.58351
219 0.583528
220 0.583341
221 0.583341
222 0.583634
223 0.580026
224 0.58014
225 0.579028
