0 2.49738
1 2.49819
2 2.4956
3 2.50962
4 2.51616
5 2.51517
6 2.51496
7 2.51638
8 2.5179
9 2.5158
10 2.52111
11 2.59361
12 2.59442
13 2.59467
14 2.59575
15 2.59991
16 2.65312
17 2.65379
18 2.65365
19 2.66193
20 2.67234
21 2.6963
22 2.6934
23 2.69579
24 2.69633
25 2.70022
26 2.69981
27 2.70183
28 2.7018
29 2.69843
30 2.69908
31 2.70013
32 2.69752
33 2.69994
34 2.69992
35 2.70011
36 2.7005
37 2.70188
38 2.70214
39 2.70888
40 2.71337
41 2.7039
42 2.70417
43 2.70948
44 2.70919
45 2.70955
46 2.7101
47 2.7118
48 2.71624
49 2.71552
50 2.71596
51 2.71564
52 2.72319
53 2.72571
54 2.72572
55 2.72572
56 2.72642
57 2.72841
58 2.73013
59 2.73687
60 2.73647
61 2.73942
62 2.74036
63 2.74473
64 2.74461
65 2.74699
66 2.75022
67 2.75318
68 2.75316
69 2.7562
70 2.75732
71 2.75732
72 2.75676
73 2.75505
74 2.75573
75 2.75704
76 2.75558
77 2.75661
78 2.75688
79 2.75796
80 2.75736
81 2.75762
82 2.76257
83 2.76779
84 2.77482
85 2.77651
86 2.78005
87 2.78058
88 2.78183
89 2.77998
90 2.7822
91 2.78278
92 2.78158
93 2.78157
94 2.7818
95 2.80467
96 2.80385
97 2.80679
98 2.80661
99 2.80525
100 2.80602
101 2.81056
102 2.81979
103 2.81894
104 2.81868
105 2.81868
106 2.81858
107 2.81752
108 2.81833
109 2.81843
110 2.82248
111 2.82276
112 2.82197
113 2.82361
114 2.82411
115 2.82744
116 2.82791
117 2.82739
118 2.82718
119 2.82962
120 2.82992
121 2.82366
122 2.82329
123 2.82118
124 2.82099
125 2.82144
126 2.82146
127 2.82221
128 2.82247
129 2.82214
130 2.82241
131 2.82212
132 2.82211
133 2.82096
134 2.82224
135 2.82289
136 2.82338
137 2.82934
138 2.82908
139 2.82883
140 2.82899
141 2.82949
142 2.83853
143 2.83824
144 2.8385
145 2.83654
146 2.83737
147 2.83851
148 2.83658
149 2.83899
150 2.84002
151 2.83771
152 2.83785
153 2.83759
154 2.83787
155 2.84286
156 2.84246
157 2.84444
158 2.84469
159 2.84493
160 2.84969
161 2.85202
162 2.85206
163 2.85254
164 2.85314
165 2.85641
166 2.8559
167 2.85928
168 2.85795
169 2.85865
170 2.85793
171 2.85748
172 2.85713
173 2.85712
174 2.85689
175 2.85788
176 2.85741
177 2.85783
178 2.85891
179 2.85909
180 2.85884
181 2.86091
182 2.86092
183 2.86079
184 2.85807
185 2.85804
186 2.85847
187 2.85879
188 2.85991
189 2.86074
190 2.86043
191 2.86118
192 2.85901
193 2.85927
194 2.85974
195 2.85974
196 2.85833
197 2.86171
198 2.86169
199 2.86215
200 2.8626
201 2.86222
202 2.86358
203 2.86284
204 2.85968
205 2.85976
206 2.85664
207 2.85664
208 2.85369
209 2.85127
210 2.852
211 2.85245
212 2.85337
213 2.85719
214 2.85694
215 2.85667
216 2.85635
217 2.85679
218 2.85735
219 2.85793
220 2.85863
221 2.85863
222 2.8601
223 2.85674
224 2.85803
225 2.85582
