0 0.0979669
1 0.0977179
2 0.0967946
3 0.0940456
4 0.0934249
5 0.0938275
6 0.0956288
7 0.0951482
8 0.0928472
9 0.0928226
10 0.0925079
11 0.0609591
12 0.0609556
13 0.0609826
14 0.0609973
15 0.0609121
16 0.0347333
17 0.0347444
18 0.0347244
19 0.0339526
20 0.0330432
21 0.0318232
22 0.0318036
23 0.0313583
24 0.0313612
25 0.0313128
26 0.0312905
27 0.031242
28 0.0311621
29 0.0311998
30 0.0312247
31 0.0312498
32 0.0311597
33 0.0311916
34 0.0312091
35 0.0312018
36 0.0312024
37 0.0311825
38 0.0311804
39 0.0311712
40 0.0311462
41 0.0309555
42 0.0309604
43 0.0310605
44 0.0310577
45 0.0310193
46 0.0310427
47 0.0311054
48 0.0315431
49 0.0315457
50 0.0315686
51 0.0314502
52 0.0303545
53 0.0303573
54 0.0303859
55 0.0303859
56 0.0301013
57 0.0299498
58 0.0298831
59 0.0301612
60 0.0301474
61 0.0302525
62 0.0302782
63 0.0303117
64 0.030292
65 0.0304824
66 0.0303234
67 0.0299511
68 0.0299626
69 0.0299828
70 0.0299938
71 0.0299923
72 0.0299857
73 0.0298746
74 0.0299598
75 0.0300057
76 0.0300442
77 0.0300547
78 0.030057
79 0.0300628
80 0.0301001
81 0.0301092
82 0.0301705
83 0.0300851
84 0.0299689
85 0.0299485
86 0.0298164
87 0.0298209
88 0.0298427
89 0.0297957
90 0.0299018
91 0.0299175
92 0.0299481
93 0.029948
94 0.0299581
95 0.0272156
96 0.0272198
97 0.02727
98 0.0272741
99 0.0273174
100 0.0273362
101 0.0272272
102 0.0264454
103 0.026432
104 0.0264195
105 0.0264195
106 0.0264323
107 0.0264331
108 0.0264248
109 0.0264325
110 0.0263049
111 0.0263049
112 0.0262935
113 0.0261688
114 0.0261695
115 0.0262252
116 0.0262136
117 0.026219
118 0.0262135
119 0.0261979
120 0.0262031
121 0.0262148
122 0.0262143
123 0.0262119
124 0.0261929
125 0.0261902
126 0.0261925
127 0.0262246
128 0.0261101
129 0.0261083
130 0.0261134
131 0.0261056
132 0.0261043
133 0.0261392
134 0.0261417
135 0.0261691
136 0.0261575
137 0.0259707
138 0.0259643
139 0.0259649
140 0.025956
141 0.0259631
142 0.0253637
143 0.0253855
144 0.0253863
145 0.0252431
146 0.0252556
147 0.0252692
148 0.0249015
149 0.0249574
150 0.0247768
151 0.0248471
152 0.0248654
153 0.0248652
154 0.0248663
155 0.0249358
156 0.0249519
157 0.0249001
158 0.0249233
159 0.0249234
160 0.025001
161 0.0249839
162 0.0247608
163 0.0247586
164 0.02476
165 0.0247622
166 0.0247608
167 0.0248044
168 0.0248378
169 0.0248405
170 0.0248491
171 0.0248291
172 0.0248251
173 0.0248251
174 0.0248246
175 0.0248
176 0.024781
177 0.0248383
178 0.0248139
179 0.0247927
180 0.0248039
181 0.0244605
182 0.0244615
183 0.0244884
184 0.0245218
185 0.0245241
186 0.0245562
187 0.0245764
188 0.0246039
189 0.0246102
190 0.0246034
191 0.0246183
192 0.0244944
193 0.0244585
194 0.0244943
195 0.0244943
196 0.0245106
197 0.0243022
198 0.0243015
199 0.0243043
200 0.0243256
201 0.0243216
202 0.0243384
203 0.0243183
204 0.024386
205 0.0243863
206 0.0243537
207 0.0243537
208 0.0243488
209 0.0242686
210 0.0242314
211 0.0242247
212 0.0242161
213 0.0241727
214 0.0241875
215 0.0241871
216 0.0242162
217 0.0242259
218 0.0242325
219 0.0242042
220 0.0242527
221 0.0242527
222 0.0242426
223 0.0241623
224 0.024151
225 0.0240929
