0 1
1 1.00123
2 0.998886
3 0.963624
4 0.944197
5 0.947773
6 0.950373
7 0.959251
8 0.933239
9 0.951611
10 0.946893
11 0.779947
12 0.782338
13 0.784834
14 0.785237
15 0.786805
16 0.559486
17 0.558258
18 0.556521
19 0.544739
20 0.536114
21 0.533974
22 0.534585
23 0.526773
24 0.526786
25 0.528106
26 0.528379
27 0.529163
28 0.528886
29 0.528966
30 0.529117
31 0.529571
32 0.529544
33 0.531203
34 0.532176
35 0.532198
36 0.532447
37 0.536781
38 0.537063
39 0.538918
40 0.539653
41 0.540742
42 0.541258
43 0.540647
44 0.541131
45 0.540979
46 0.541836
47 0.544944
48 0.544792
49 0.545014
50 0.545662
51 0.544938
52 0.510091
53 0.510485
54 0.510872
55 0.511042
56 0.509488
57 0.507953
58 0.508197
59 0.508701
60 0.509018
61 0.509555
62 0.511942
63 0.513462
64 0.512974
65 0.514552
66 0.512354
67 0.512517
68 0.512547
69 0.514119
70 0.515215
71 0.515215
72 0.51531
73 0.512738
74 0.512744
75 0.511231
76 0.511393
77 0.509801
78 0.509835
79 0.511147
80 0.510931
81 0.51065
82 0.51362
83 0.511354
84 0.506181
85 0.505506
86 0.504155
87 0.50434
88 0.503487
89 0.50349
90 0.504493
91 0.504493
92 0.504884
93 0.504934
94 0.505054
95 0.464617
96 0.464612
97 0.463604
98 0.463765
99 0.465194
100 0.464009
101 0.46013
102 0.441705
103 0.441652
104 0.442255
105 0.442246
106 0.44227
107 0.442293
108 0.442292
109 0.442202
110 0.438605
111 0.437848
112 0.437985
113 0.437414
114 0.437414
115 0.436525
116 0.436282
117 0.436264
118 0.435708
119 0.43599
120 0.436218
121 0.436603
122 0.436541
123 0.433272
124 0.433218
125 0.433809
126 0.433809
127 0.433749
128 0.431693
129 0.431394
130 0.431602
131 0.431602
132 0.431593
133 0.432892
134 0.431053
135 0.431012
136 0.433493
137 0.432347
138 0.432557
139 0.432445
140 0.432108
141 0.431746
142 0.431505
143 0.431538
144 0.432466
145 0.429307
146 0.429129
147 0.429169
148 0.42787
149 0.427753
150 0.425718
151 0.425169
152 0.42542
153 0.4252
154 0.425125
155 0.42418
156 0.42327
157 0.422775
158 0.422812
159 0.422812
160 0.423183
161 0.423316
162 0.422688
163 0.422749
164 0.423327
165 0.426925
166 0.426924
167 0.426924
168 0.427411
169 0.426897
170 0.427705
171 0.427719
172 0.427712
173 0.428289
174 0.428289
175 0.428266
176 0.429314
177 0.429314
178 0.428441
179 0.428441
180 0.428456
181 0.424068
182 0.424228
183 0.424266
184 0.425165
185 0.42522
186 0.424863
187 0.42495
188 0.425003
189 0.425003
190 0.424769
191 0.424769
192 0.423135
193 0.42354
194 0.424765
195 0.424765
196 0.425213
197 0.423495
198 0.423556
199 0.423485
200 0.423684
201 0.423675
202 0.423646
203 0.42373
204 0.423605
205 0.42414
206 0.424745
207 0.424745
208 0.427024
209 0.427161
210 0.422939
211 0.42333
212 0.423929
213 0.4233
214 0.423868
215 0.423947
216 0.424274
217 0.424034
218 0.423786
219 0.423301
220 0.423455
221 0.423398
222 0.424327
223 0.424409
224 0.424519
225 0.42378
