0 1
1 1.00181
2 1.002
3 1.01118
4 1.01272
5 1.01278
6 1.01522
7 1.01692
8 1.02206
9 1.02023
10 1.02131
11 1.03625
12 1.03659
13 1.03909
14 1.03916
15 1.04067
16 1.06993
17 1.06936
18 1.06927
19 1.07259
20 1.07845
21 1.08168
22 1.08143
23 1.08605
24 1.08545
25 1.08633
26 1.08609
27 1.08719
28 1.08743
29 1.08739
30 1.08749
31 1.08736
32 1.08673
33 1.08769
34 1.08818
35 1.08826
36 1.08827
37 1.08997
38 1.09035
39 1.09298
40 1.09489
41 1.09533
42 1.09528
43 1.09698
44 1.09688
45 1.09667
46 1.0974
47 1.09834
48 1.09819
49 1.09823
50 1.09819
51 1.09966
52 1.10607
53 1.10674
54 1.10673
55 1.10682
56 1.1099
57 1.11076
58 1.11105
59 1.11287
60 1.11316
61 1.11353
62 1.1121
63 1.11287
64 1.11276
65 1.11448
66 1.11793
67 1.11775
68 1.11783
69 1.11907
70 1.11971
71 1.11971
72 1.12015
73 1.12106
74 1.1214
75 1.1218
76 1.12207
77 1.12366
78 1.12363
79 1.12382
80 1.12358
81 1.12356
82 1.12639
83 1.12869
84 1.12955
85 1.13051
86 1.13349
87 1.13347
88 1.13345
89 1.13366
90 1.13432
91 1.13432
92 1.1348
93 1.13468
94 1.13466
95 1.14922
96 1.14918
97 1.15243
98 1.15244
99 1.15291
100 1.15243
101 1.15303
102 1.15614
103 1.15589
104 1.15707
105 1.15694
106 1.15694
107 1.15694
108 1.15693
109 1.15659
110 1.15667
111 1.15641
112 1.15643
113 1.1575
114 1.1575
115 1.15617
116 1.15603
117 1.15616
118 1.15704
119 1.15742
120 1.15796
121 1.15667
122 1.15687
123 1.15622
124 1.15603
125 1.15636
126 1.15636
127 1.15606
128 1.15538
129 1.15547
130 1.15522
131 1.15522
132 1.15533
133 1.1561
134 1.15528
135 1.15566
136 1.1566
137 1.16304
138 1.16292
139 1.16314
140 1.16311
141 1.16318
142 1.16206
143 1.16226
144 1.16393
145 1.16511
146 1.1646
147 1.16486
148 1.16524
149 1.16652
150 1.16571
151 1.16568
152 1.16502
153 1.16501
154 1.16501
155 1.16755
156 1.16755
157 1.16811
158 1.16806
159 1.16806
160 1.16919
161 1.16884
162 1.16882
163 1.16863
164 1.16887
165 1.16969
166 1.16968
167 1.16968
168 1.17086
169 1.17086
170 1.17028
171 1.17038
172 1.17006
173 1.17048
174 1.17048
175 1.17047
176 1.17072
177 1.17072
178 1.17146
179 1.17146
180 1.17162
181 1.17152
182 1.17203
183 1.17215
184 1.17253
185 1.17246
186 1.17214
187 1.17214
188 1.17268
189 1.17268
190 1.17284
191 1.17284
192 1.17346
193 1.1733
194 1.17435
195 1.17435
196 1.17523
197 1.17749
198 1.17737
199 1.17724
200 1.1776
201 1.17788
202 1.17736
203 1.17835
204 1.17912
205 1.17885
206 1.17561
207 1.17561
208 1.17634
209 1.17637
210 1.17573
211 1.17632
212 1.17697
213 1.17766
214 1.17848
215 1.17858
216 1.17911
217 1.17906
218 1.17862
219 1.17879
220 1.1788
221 1.17877
222 1.17967
223 1.17951
224 1.17998
225 1.18019
