21422 : 22350 3630 
22350 : 21422 
7487 : 16921 3842 
3630 : 8820 16921 7735 21422 
12098 : 3729 18906 
16921 : 3630 7487 
3842 : 7487 11869 
20308 : 19008 16762 
3729 : 12344 12098 
8820 : 18906 3630 
1032 : 13515 5208 
960 : 1689 
5208 : 1032 3290 
12344 : 3729 11155 
18259 : 8246 
11869 : 3842 8246 
19008 : 7735 20308 
20130 : 11155 
129 : 10174 13515 
8246 : 11869 18259 
3290 : 5208 1689 
7735 : 3630 19008 
16762 : 20308 1689 
1689 : 16762 3290 960 
186 : 10174 2917 
18906 : 12098 8820 
2917 : 186 
10174 : 186 129 
11155 : 20130 12344 
13515 : 129 1032 
2917 960 20130 18259 22350 
