9409 : 7170 
10324 : 5703 
110 : 6083 18825 3735 701 
3735 : 110 17842 
22181 : 17842 21426 
6916 : 18825 16426 
18825 : 110 6916 
5703 : 10324 10511 
16854 : 21426 14619 
5573 : 701 
701 : 5573 110 
6083 : 6926 110 
21772 : 5270 14619 
361 : 9279 6886 
6886 : 361 290 
9279 : 361 5945 
6926 : 7170 6083 
10511 : 5703 16426 
21426 : 22181 16854 
7170 : 6926 9409 
16426 : 6916 1282 10511 
17842 : 3735 22181 
290 : 6886 1282 
5945 : 3742 9279 
1282 : 290 16426 
14619 : 16854 21772 
3742 : 5945 
5270 : 21772 
5573 3742 5270 10324 9409 
