13892 : 8883 
12353 : 12405 2990 
12405 : 12353 
14090 : 580 18634 
18634 : 14090 2990 
580 : 13175 14090 
17500 : 17170 80 
943 : 7735 2990 
13175 : 16427 580 
1127 : 16427 
7735 : 1761 943 
2990 : 943 18634 12353 
4628 : 1761 729 20470 8883 
16427 : 13175 1127 
5630 : 19992 17170 
9651 : 729 19992 
1761 : 4628 7735 
19992 : 9651 5630 
17170 : 5630 17500 
2377 : 20470 7487 
7487 : 2377 92 
8883 : 13892 4628 
92 : 7487 15986 
20470 : 4628 2377 
15986 : 92 2199 
2199 : 15986 
16636 : 80 
729 : 4628 9651 
80 : 16636 17500 
16636 1127 12405 2199 13892 
