18170 : 7157 1722 
542 : 2434 7157 
1722 : 18170 15343 
15062 : 6654 
13305 : 6803 2434 
2434 : 13305 542 14186 
9042 : 15396 11890 
7157 : 542 18170 
6803 : 13305 
19135 : 943 8735 
943 : 2990 19135 7735 
14186 : 7735 2434 
6654 : 15396 15062 
15396 : 6654 9042 
11890 : 9042 1515 
2990 : 943 18634 16349 
1515 : 11890 14090 
14090 : 1515 18634 
8735 : 19135 22329 
15343 : 1722 
7735 : 943 14186 
16349 : 2990 
18634 : 14090 2990 
8722 : 3803 
22329 : 3803 8735 
3803 : 8722 22329 
15062 15343 16349 8722 6803 
