13262 : 15551 7227 
15551 : 13262 
2469 : 4402 
2159 : 2588 16427 
7227 : 10972 13262 
7487 : 1706 10972 
16245 : 11899 
1706 : 9287 7487 
9287 : 11899 1706 
2588 : 2159 
11899 : 9287 781 16245 
3381 : 5672 
13175 : 580 16427 
10972 : 7487 7227 
11397 : 4402 7860 
580 : 14090 13175 
16427 : 7860 369 13175 2159 
4402 : 11397 2469 
369 : 16427 20308 
19074 : 12521 5672 
20308 : 369 6622 
32 : 6622 9248 
9248 : 32 12521 
21489 : 781 14090 
7860 : 11397 16427 
12521 : 9248 19074 
5672 : 19074 3381 
6622 : 20308 32 
781 : 11899 21489 
14090 : 21489 580 
16245 2588 2469 3381 15551 
