0 1
1 0.999666
2 0.999628
3 0.999507
4 0.999263
5 0.999221
6 0.999053
7 0.999008
8 0.998964
9 0.998919
10 0.99883
11 0.998744
12 0.998709
13 0.998633
14 0.998369
15 0.998287
16 0.998245
17 0.998201
18 0.998156
19 0.998115
20 0.998074
21 0.997991
22 0.997912
23 0.997867
24 0.997826
25 0.997781
26 0.99774
27 0.997702
28 0.997657
29 0.997616
30 0.997571
31 0.997536
32 0.997495
33 0.997409
34 0.997365
35 0.99732
36 0.997244
37 0.997199
38 0.997155
39 0.997114
40 0.997069
41 0.997028
42 0.996986
43 0.996945
44 0.996904
45 0.996866
46 0.996821
47 0.996786
48 0.996751
49 0.99671
50 0.996621
51 0.99658
52 0.996538
53 0.996449
54 0.996408
55 0.996367
56 0.996322
57 0.996284
58 0.996239
59 0.996198
60 0.99616
61 0.995442
62 0.995397
63 0.995356
64 0.995235
65 0.995194
66 0.995152
67 0.995111
68 0.99507
69 0.995025
70 0.994949
71 0.994904
72 0.99486
73 0.994818
74 0.994777
75 0.994736
76 0.994698
77 0.994653
78 0.994612
79 0.994571
80 0.994529
81 0.994488
82 0.994443
83 0.994399
84 0.994358
85 0.994313
86 0.994272
87 0.994227
88 0.994103
89 0.994062
90 0.994021
91 0.993982
92 0.993941
93 0.9939
94 0.993858
95 0.993814
96 0.993773
97 0.993728
98 0.993684
99 0.993642
100 0.993604
101 0.993563
102 0.993525
103 0.99348
104 0.993398
105 0.993309
106 0.99327
107 0.993226
108 0.993185
109 0.99314
110 0.993102
111 0.993057
112 0.993013
113 0.992968
114 0.992927
115 0.992889
116 0.992848
117 0.992806
118 0.992765
119 0.992727
120 0.992682
121 0.992641
122 0.992596
123 0.992552
124 0.992507
125 0.992425
126 0.992387
127 0.992345
128 0.992304
129 0.99218
130 0.992136
131 0.992094
132 0.992056
133 0.992015
134 0.99197
135 0.991929
136 0.991891
137 0.991846
138 0.991773
139 0.991729
140 0.991687
141 0.991643
142 0.991602
143 0.99156
144 0.991487
145 0.991446
146 0.991363
147 0.991325
148 0.99128
149 0.991236
150 0.99115
151 0.990797
152 0.990721
153 0.990562
154 0.990518
155 0.990473
156 0.990429
157 0.990387
158 0.990343
159 0.990298
160 0.99026
161 0.990219
162 0.990174
163 0.99013
164 0.990088
165 0.990044
166 0.989961
167 0.989917
168 0.989745
169 0.989704
170 0.989621
171 0.98958
172 0.989538
173 0.989449
174 0.989405
175 0.98936
176 0.989112
177 0.989068
178 0.988925
179 0.98888
180 0.988839
181 0.988763
182 0.988725
183 0.98868
184 0.988639
185 0.988594
186 0.988556
187 0.988512
188 0.988423
189 0.988381
190 0.988343
191 0.988299
192 0.988216
193 0.988172
194 0.98813
195 0.988089
196 0.988048
197 0.988006
198 0.987962
199 0.98792
200 0.987879
201 0.987765
202 0.987723
203 0.987682
204 0.987599
205 0.987558
206 0.987475
207 0.98739
208 0.987348
209 0.987307
210 0.987266
211 0.987221
212 0.987177
213 0.987135
214 0.987011
215 0.98697
216 0.986925
217 0.986887
218 0.986843
219 0.986798
220 0.986757
221 0.986712
222 0.986604
223 0.98656
224 0.986519
225 0.986474
