0 351
1 277
2 251
3 220
4 262
5 225
6 260
7 229
8 279
9 267
10 261
11 287
12 253
13 248
14 240
15 251
16 238
17 212
18 240
19 224
20 226
21 221
22 236
23 242
24 244
25 230
26 228
27 228
28 247
29 236
30 241
31 253
32 615
33 222
34 254
35 228
36 265
37 245
38 271
39 310
40 305
41 262
42 278
43 242
44 262
45 276
46 280
47 278
48 278
49 289
50 269
51 251
52 251
53 316
54 316
55 268
56 267
57 245
58 301
59 318
60 253
61 271
62 249
63 237
64 402
65 259
66 280
67 235
68 261
69 241
70 257
71 264
72 243
73 274
74 240
75 275
76 285
77 297
78 265
79 260
80 258
81 258
82 288
83 269
84 304
85 278
86 278
87 256
88 259
89 268
90 252
91 267
92 257
93 259
94 274
95 291
96 262
97 281
98 257
99 290
100 295
101 258
102 259
103 255
104 292
105 287
106 276
107 255
108 249
109 271
110 256
111 274
112 264
113 284
114 304
115 275
116 255
117 290
118 304
119 259
120 258
121 266
122 292
123 262
124 300
125 298
126 277
127 266
128 2411
129 264
130 303
131 259
132 288
133 287
134 262
135 255
136 278
137 263
138 283
139 253
140 260
141 273
142 240
143 261
144 260
145 244
146 251
147 309
148 270
149 233
150 235
151 273
152 245
153 285
154 266
155 228
156 266
157 254
158 266
159 238
160 321
161 244
162 261
163 234
164 247
165 225
166 206
167 223
168 227
169 201
170 239
171 210
172 237
173 240
174 204
175 230
176 250
177 211
178 219
179 231
180 217
181 241
182 211
183 233
184 204
185 252
186 211
187 219
188 210
189 239
190 208
191 244
192 247
193 221
194 246
195 216
196 220
197 216
198 198
199 272
200 242
201 219
202 228
203 280
204 259
205 234
206 223
207 274
208 237
209 221
210 266
211 249
212 234
213 255
214 219
215 290
216 244
217 238
218 260
219 279
220 248
221 243
222 255
223 280
224 258
225 254
