0 3.725
1 3.641
2 3.619
3 3.434
4 3.561
5 3.668
6 3.578
7 3.582
8 3.589
9 3.585
10 3.652
11 3.588
12 3.605
13 3.614
14 3.596
15 3.569
16 3.571
17 3.568
18 3.472
19 3.443
20 3.416
21 3.451
22 3.549
23 3.462
24 3.457
25 3.487
26 3.353
27 3.383
28 3.341
29 3.378
30 3.362
31 3.399
32 3.413
33 3.414
34 3.406
35 3.422
36 3.484
37 3.351
38 3.364
39 3.347
40 3.346
41 3.374
42 3.436
43 3.334
44 3.364
45 3.398
46 3.347
47 3.394
48 3.37
49 3.354
50 3.456
51 3.394
52 3.403
53 3.398
54 3.368
55 3.438
56 3.349
57 3.468
58 3.402
59 3.331
60 3.358
61 3.331
62 3.395
63 3.358
64 3.407
65 3.344
66 3.428
67 3.465
68 3.354
69 3.382
70 3.414
71 3.358
72 3.423
73 3.395
74 3.399
75 3.414
76 3.394
77 3.473
78 3.382
79 3.357
80 3.359
81 3.378
82 3.396
83 3.374
84 3.348
85 3.404
86 3.388
87 3.369
88 3.362
89 3.366
90 3.387
91 3.4
92 3.472
93 3.38
94 3.344
95 3.374
96 3.417
97 3.376
98 3.47
99 3.445
100 3.373
101 3.427
102 3.415
103 3.404
104 3.407
105 3.392
106 3.384
107 3.396
108 3.383
109 3.444
110 3.365
111 3.375
112 3.38
113 3.333
114 3.383
115 3.377
116 3.375
117 3.403
118 3.406
119 3.414
120 3.427
121 3.399
122 3.365
123 3.364
124 3.38
125 3.329
126 3.392
127 3.345
128 3.446
129 3.366
130 3.356
131 3.336
132 3.324
133 3.369
134 3.383
135 3.341
136 3.356
137 3.333
138 3.321
139 3.403
140 3.346
141 3.349
142 3.422
143 3.354
144 3.337
145 3.324
146 3.346
147 3.313
148 3.394
149 3.367
150 3.365
151 3.341
152 3.305
153 3.357
154 3.334
155 3.34
156 3.398
157 3.368
158 3.366
159 3.352
160 3.409
161 3.314
162 3.39
163 3.35
164 3.313
165 3.344
166 3.37
167 3.386
168 3.328
169 3.31
170 3.354
171 3.311
172 3.43
173 3.329
174 3.435
175 3.381
176 3.355
177 3.356
178 3.41
179 3.429
180 3.461
181 3.474
182 3.48
183 3.449
184 3.48
185 3.486
186 3.462
187 3.475
188 3.441
189 3.446
190 3.56
191 3.52
192 3.507
193 3.518
194 3.527
195 3.456
196 3.553
197 3.518
198 3.477
199 3.452
200 3.484
201 3.572
202 3.508
203 3.521
204 3.5
205 3.534
206 3.468
207 3.511
208 3.492
209 3.546
210 3.527
211 3.506
212 3.488
213 3.533
214 3.471
215 3.56
216 3.508
217 3.507
218 3.531
219 3.507
220 3.486
221 3.456
222 3.518
223 3.493
224 3.527
225 3.523
