0 1
1 0.92072
2 0.898655
3 0.853988
4 0.760456
5 0.752726
6 0.720192
7 0.711508
8 0.706259
9 0.703554
10 0.669114
11 0.666069
12 0.666114
13 0.660779
14 0.658709
15 0.653894
16 0.64784
17 0.646959
18 0.639678
19 0.632392
20 0.630026
21 0.623285
22 0.6209
23 0.619284
24 0.61814
25 0.616468
26 0.5712
27 0.569462
28 0.569453
29 0.569141
30 0.563109
31 0.562632
32 0.562298
33 0.562565
34 0.56092
35 0.560945
36 0.560475
37 0.549753
38 0.54797
39 0.545571
40 0.544544
41 0.544238
42 0.53946
43 0.538718
44 0.538004
45 0.537805
46 0.536175
47 0.534711
48 0.534942
49 0.53298
50 0.53332
51 0.528613
52 0.524778
53 0.523943
54 0.524076
55 0.522315
56 0.522107
57 0.521726
58 0.521726
59 0.521526
60 0.520826
61 0.519468
62 0.519657
63 0.519614
64 0.517114
65 0.517003
66 0.516238
67 0.516238
68 0.515643
69 0.512478
70 0.512478
71 0.512273
72 0.512273
73 0.511153
74 0.510076
75 0.510076
76 0.510046
77 0.508807
78 0.508452
79 0.506393
80 0.506075
81 0.505996
82 0.505511
83 0.504788
84 0.504788
85 0.504454
86 0.504571
87 0.504624
88 0.499778
89 0.499354
90 0.499354
91 0.499191
92 0.498991
93 0.498991
94 0.498765
95 0.498115
96 0.498115
97 0.49767
98 0.49767
99 0.498563
100 0.498757
101 0.497382
102 0.497565
103 0.497823
104 0.478709
105 0.478724
106 0.478633
107 0.478744
108 0.478744
109 0.478223
110 0.478504
111 0.47819
112 0.47819
113 0.477868
114 0.478098
115 0.478098
116 0.477647
117 0.477522
118 0.476475
119 0.475838
120 0.476024
121 0.475353
122 0.475543
123 0.474572
124 0.474558
125 0.474458
126 0.474208
127 0.473815
128 0.473904
129 0.470612
130 0.469933
131 0.470383
132 0.470671
133 0.47056
134 0.469468
135 0.467718
136 0.467346
137 0.467435
138 0.465802
139 0.465663
140 0.465754
141 0.465715
142 0.465858
143 0.465595
144 0.464902
145 0.464902
146 0.464973
147 0.465032
148 0.463157
149 0.463014
150 0.461762
151 0.457934
152 0.457934
153 0.454095
154 0.453074
155 0.452741
156 0.452866
157 0.452871
158 0.45231
159 0.45231
160 0.45238
161 0.452392
162 0.452392
163 0.451859
164 0.451959
165 0.451709
166 0.451876
167 0.448525
168 0.448525
169 0.448414
170 0.448414
171 0.448827
172 0.448702
173 0.447489
174 0.447489
175 0.447489
176 0.443907
177 0.44383
178 0.434946
179 0.434946
180 0.433129
181 0.42694
182 0.42669
183 0.426582
184 0.426582
185 0.426674
186 0.426974
187 0.427065
188 0.427065
189 0.426719
190 0.420484
191 0.420484
192 0.420359
193 0.420109
194 0.419955
195 0.419955
196 0.42008
197 0.42008
198 0.42008
199 0.419955
200 0.420289
201 0.420455
202 0.420455
203 0.420372
204 0.420372
205 0.419941
206 0.419816
207 0.419816
208 0.419716
209 0.419883
210 0.418494
211 0.418222
212 0.418407
213 0.418407
214 0.418427
215 0.418427
216 0.418427
217 0.418427
218 0.418427
219 0.418322
220 0.418322
221 0.418222
222 0.418116
223 0.41783
224 0.417687
225 0.417787
