0 1
1 1.01285
2 1.01241
3 1.02458
4 1.05063
5 1.05335
6 1.05915
7 1.06241
8 1.06256
9 1.0633
10 1.07161
11 1.07214
12 1.07254
13 1.07513
14 1.07585
15 1.07602
16 1.07567
17 1.07677
18 1.07992
19 1.08232
20 1.08245
21 1.08625
22 1.08712
23 1.08798
24 1.08768
25 1.08833
26 1.09892
27 1.10022
28 1.10021
29 1.10028
30 1.1021
31 1.10283
32 1.10293
33 1.10303
34 1.1044
35 1.10427
36 1.1056
37 1.10879
38 1.11063
39 1.11188
40 1.11168
41 1.11193
42 1.11428
43 1.11406
44 1.1149
45 1.11502
46 1.11473
47 1.11728
48 1.11772
49 1.11924
50 1.12045
51 1.12262
52 1.12417
53 1.12492
54 1.12511
55 1.12453
56 1.12462
57 1.12521
58 1.12533
59 1.1256
60 1.1264
61 1.12699
62 1.12722
63 1.12677
64 1.12678
65 1.12686
66 1.1286
67 1.12847
68 1.12821
69 1.12928
70 1.12947
71 1.12967
72 1.12967
73 1.13023
74 1.13111
75 1.13111
76 1.13122
77 1.13026
78 1.13031
79 1.1318
80 1.13196
81 1.13264
82 1.13332
83 1.1339
84 1.13423
85 1.13415
86 1.13423
87 1.13432
88 1.13752
89 1.13804
90 1.13804
91 1.13778
92 1.13765
93 1.13765
94 1.13826
95 1.13848
96 1.13848
97 1.13848
98 1.13848
99 1.13881
100 1.13875
101 1.13908
102 1.13955
103 1.14162
104 1.1541
105 1.15447
106 1.15425
107 1.15456
108 1.15464
109 1.15515
110 1.15404
111 1.15406
112 1.15406
113 1.15475
114 1.15475
115 1.15475
116 1.15449
117 1.1546
118 1.15554
119 1.15534
120 1.15637
121 1.15831
122 1.15827
123 1.15872
124 1.15915
125 1.15907
126 1.15937
127 1.15998
128 1.16004
129 1.1663
130 1.16631
131 1.16614
132 1.16638
133 1.16632
134 1.1666
135 1.16695
136 1.1673
137 1.16778
138 1.16812
139 1.16846
140 1.16838
141 1.16841
142 1.16826
143 1.16912
144 1.17099
145 1.17099
146 1.17119
147 1.17104
148 1.17078
149 1.17103
150 1.17285
151 1.17522
152 1.17528
153 1.17515
154 1.17718
155 1.17767
156 1.17767
157 1.17805
158 1.17898
159 1.17898
160 1.17858
161 1.1787
162 1.1787
163 1.17889
164 1.17897
165 1.17854
166 1.17876
167 1.18254
168 1.18254
169 1.18262
170 1.18262
171 1.18236
172 1.18227
173 1.18402
174 1.18402
175 1.18402
176 1.18643
177 1.18569
178 1.1923
179 1.1923
180 1.19306
181 1.19621
182 1.19614
183 1.1962
184 1.1962
185 1.19595
186 1.19618
187 1.19627
188 1.19627
189 1.19709
190 1.19817
191 1.19817
192 1.19817
193 1.19817
194 1.19843
195 1.19843
196 1.19834
197 1.19834
198 1.19834
199 1.19804
200 1.19804
201 1.19774
202 1.19774
203 1.19761
204 1.19761
205 1.19742
206 1.19743
207 1.19743
208 1.19751
209 1.19729
210 1.19728
211 1.19829
212 1.19862
213 1.19862
214 1.19887
215 1.1987
216 1.1987
217 1.1987
218 1.1987
219 1.19889
220 1.19889
221 1.19873
222 1.19855
223 1.19865
224 1.19881
225 1.19836
