0 12.657
1 12.797
2 12.792
3 12.925
4 13.213
5 13.245
6 13.317
7 13.35
8 13.352
9 13.361
10 13.451
11 13.455
12 13.461
13 13.488
14 13.495
15 13.498
16 13.496
17 13.509
18 13.546
19 13.571
20 13.572
21 13.618
22 13.63
23 13.637
24 13.634
25 13.641
26 13.772
27 13.785
28 13.785
29 13.785
30 13.809
31 13.819
32 13.82
33 13.82
34 13.838
35 13.837
36 13.852
37 13.883
38 13.9
39 13.914
40 13.91
41 13.913
42 13.944
43 13.942
44 13.954
45 13.955
46 13.952
47 13.982
48 13.987
49 14.004
50 14.02
51 14.045
52 14.062
53 14.07
54 14.073
55 14.065
56 14.066
57 14.073
58 14.074
59 14.077
60 14.086
61 14.091
62 14.094
63 14.089
64 14.089
65 14.09
66 14.11
67 14.109
68 14.107
69 14.119
70 14.121
71 14.123
72 14.123
73 14.129
74 14.139
75 14.139
76 14.14
77 14.129
78 14.129
79 14.147
80 14.148
81 14.156
82 14.164
83 14.171
84 14.174
85 14.173
86 14.174
87 14.174
88 14.214
89 14.221
90 14.221
91 14.218
92 14.217
93 14.217
94 14.224
95 14.226
96 14.226
97 14.226
98 14.226
99 14.23
100 14.229
101 14.232
102 14.239
103 14.265
104 14.417
105 14.421
106 14.419
107 14.423
108 14.424
109 14.434
110 14.42
111 14.42
112 14.42
113 14.427
114 14.427
115 14.427
116 14.424
117 14.425
118 14.439
119 14.437
120 14.449
121 14.473
122 14.473
123 14.473
124 14.478
125 14.477
126 14.48
127 14.487
128 14.489
129 14.574
130 14.574
131 14.573
132 14.576
133 14.575
134 14.578
135 14.585
136 14.591
137 14.597
138 14.6
139 14.604
140 14.603
141 14.603
142 14.601
143 14.61
144 14.633
145 14.633
146 14.635
147 14.633
148 14.632
149 14.635
150 14.656
151 14.681
152 14.682
153 14.68
154 14.704
155 14.71
156 14.71
157 14.714
158 14.726
159 14.726
160 14.719
161 14.72
162 14.72
163 14.723
164 14.724
165 14.721
166 14.724
167 14.771
168 14.771
169 14.772
170 14.772
171 14.769
172 14.768
173 14.79
174 14.79
175 14.79
176 14.817
177 14.808
178 14.89
179 14.89
180 14.9
181 14.937
182 14.936
183 14.939
184 14.939
185 14.935
186 14.938
187 14.939
188 14.939
189 14.947
190 14.962
191 14.962
192 14.962
193 14.962
194 14.964
195 14.964
196 14.963
197 14.963
198 14.963
199 14.96
200 14.96
201 14.956
202 14.956
203 14.954
204 14.954
205 14.953
206 14.953
207 14.953
208 14.954
209 14.952
210 14.95
211 14.963
212 14.967
213 14.967
214 14.97
215 14.969
216 14.969
217 14.969
218 14.969
219 14.972
220 14.972
221 14.97
222 14.968
223 14.969
224 14.971
225 14.965
