0 0.0564273
1 0.0547653
2 0.0545762
3 0.0502184
4 0.0490925
5 0.0489243
6 0.0491088
7 0.0482921
8 0.0475598
9 0.0474898
10 0.0472209
11 0.0471548
12 0.0471238
13 0.0467365
14 0.0464347
15 0.0461275
16 0.0460083
17 0.0457984
18 0.0450597
19 0.0440716
20 0.0439441
21 0.0439938
22 0.0438005
23 0.0437052
24 0.043701
25 0.043675
26 0.0406306
27 0.0406922
28 0.0406979
29 0.040677
30 0.0403896
31 0.0403934
32 0.040398
33 0.04036
34 0.0402463
35 0.0401753
36 0.0399319
37 0.0392531
38 0.0391947
39 0.0390825
40 0.0387947
41 0.0387919
42 0.0388079
43 0.0388076
44 0.0387842
45 0.0388172
46 0.0388023
47 0.0385772
48 0.0385576
49 0.0386352
50 0.0387121
51 0.0385799
52 0.0385592
53 0.0385243
54 0.0385417
55 0.0385383
56 0.0385511
57 0.0385272
58 0.0385301
59 0.0385452
60 0.0385483
61 0.0386499
62 0.0386319
63 0.0386123
64 0.0386287
65 0.0386131
66 0.0386663
67 0.0386572
68 0.0385246
69 0.0385375
70 0.0385388
71 0.0384153
72 0.0384153
73 0.0383554
74 0.0383422
75 0.0383336
76 0.0383443
77 0.0382646
78 0.038277
79 0.0381671
80 0.038117
81 0.0381184
82 0.0379479
83 0.0379054
84 0.0379466
85 0.0379351
86 0.0379307
87 0.0379267
88 0.0380348
89 0.0380675
90 0.0380675
91 0.0380666
92 0.0380755
93 0.0380755
94 0.0380315
95 0.0380322
96 0.0380322
97 0.0380254
98 0.0380254
99 0.0380609
100 0.0380235
101 0.0380439
102 0.0380716
103 0.0381156
104 0.0380264
105 0.0380049
106 0.0379696
107 0.0379588
108 0.0379526
109 0.038091
110 0.0380695
111 0.0380401
112 0.0380401
113 0.0380639
114 0.0380954
115 0.0380954
116 0.0381232
117 0.0381506
118 0.0382348
119 0.0381798
120 0.0381829
121 0.0380889
122 0.0380235
123 0.0377537
124 0.0377855
125 0.0377829
126 0.0377835
127 0.0377322
128 0.0376808
129 0.0376692
130 0.0376665
131 0.0376366
132 0.0376585
133 0.0376415
134 0.0375863
135 0.037579
136 0.0375926
137 0.037589
138 0.0375406
139 0.0375556
140 0.0375427
141 0.0375286
142 0.0375281
143 0.0374897
144 0.0375824
145 0.0375824
146 0.0375804
147 0.0375818
148 0.0376286
149 0.0376484
150 0.0376169
151 0.0371232
152 0.0371243
153 0.037006
154 0.0370811
155 0.0370926
156 0.0370963
157 0.0371161
158 0.0371098
159 0.0371098
160 0.0371229
161 0.0371081
162 0.0371081
163 0.0370979
164 0.0371037
165 0.0370999
166 0.0370982
167 0.0369649
168 0.0369649
169 0.0369692
170 0.0369692
171 0.0369173
172 0.0369142
173 0.0369584
174 0.0369591
175 0.0369519
176 0.0369032
177 0.0369039
178 0.0369993
179 0.0369993
180 0.0369826
181 0.0369477
182 0.0369425
183 0.0369678
184 0.0369678
185 0.0369284
186 0.0369153
187 0.0368692
188 0.0368692
189 0.0369258
190 0.036962
191 0.036962
192 0.0369557
193 0.0369574
194 0.0369533
195 0.0369533
196 0.0369559
197 0.0369559
198 0.0369559
199 0.0369337
200 0.0369305
201 0.0369008
202 0.0369008
203 0.0368822
204 0.0368822
205 0.0368072
206 0.0367883
207 0.0367883
208 0.0367776
209 0.0367323
210 0.0367066
211 0.0367426
212 0.0367535
213 0.0367535
214 0.0367644
215 0.036746
216 0.036746
217 0.036746
218 0.036746
219 0.036705
220 0.036705
221 0.0366977
222 0.0366883
223 0.0366954
224 0.0367106
225 0.036707
