0 0.0979669
1 0.0732589
2 0.07251
3 0.0664398
4 0.0406554
5 0.0398261
6 0.0390426
7 0.0384805
8 0.0380996
9 0.0380649
10 0.037427
11 0.0372693
12 0.0372325
13 0.0357538
14 0.0356962
15 0.0355575
16 0.0358221
17 0.0357128
18 0.03476
19 0.0344074
20 0.0344286
21 0.0337912
22 0.0338085
23 0.0337484
24 0.0337298
25 0.0336424
26 0.0292421
27 0.0289688
28 0.0289751
29 0.0289927
30 0.0284622
31 0.0283646
32 0.0282823
33 0.0282719
34 0.028286
35 0.0282951
36 0.0282896
37 0.0273333
38 0.0272312
39 0.0271386
40 0.027145
41 0.0271269
42 0.0271027
43 0.0271168
44 0.0270788
45 0.0270794
46 0.0270906
47 0.0270275
48 0.0270494
49 0.0270662
50 0.0270087
51 0.0269425
52 0.026878
53 0.026872
54 0.0268705
55 0.0268122
56 0.0268018
57 0.0268038
58 0.0268038
59 0.026823
60 0.0268764
61 0.0268656
62 0.0269292
63 0.0269558
64 0.0269214
65 0.0269412
66 0.0269557
67 0.0269557
68 0.0269755
69 0.0268475
70 0.0268499
71 0.0268737
72 0.0268742
73 0.0268585
74 0.0268729
75 0.0268729
76 0.0263841
77 0.0264729
78 0.026416
79 0.0264752
80 0.0264044
81 0.0263859
82 0.0263646
83 0.0264049
84 0.0264029
85 0.0264031
86 0.026375
87 0.0263659
88 0.0260632
89 0.0260701
90 0.0260701
91 0.0260921
92 0.026091
93 0.026091
94 0.0260895
95 0.0260633
96 0.0260506
97 0.0260506
98 0.0260496
99 0.0260605
100 0.0260647
101 0.0261969
102 0.026229
103 0.0260916
104 0.0260266
105 0.0259699
106 0.0259697
107 0.0259697
108 0.0258995
109 0.0259113
110 0.0258968
111 0.0258968
112 0.0258927
113 0.0258927
114 0.0258909
115 0.0258909
116 0.0259592
117 0.0259844
118 0.0260162
119 0.0260096
120 0.0260251
121 0.0260045
122 0.0260323
123 0.0259994
124 0.0260103
125 0.0259898
126 0.0260101
127 0.0259969
128 0.0259936
129 0.0258033
130 0.0258033
131 0.0257938
132 0.0258251
133 0.0258358
134 0.0256833
135 0.0255827
136 0.0256062
137 0.0256254
138 0.0256772
139 0.0256809
140 0.0256701
141 0.0256698
142 0.0256698
143 0.0256616
144 0.0254852
145 0.0254852
146 0.0254852
147 0.0254852
148 0.02551
149 0.0255093
150 0.0255752
151 0.0250593
152 0.02507
153 0.0250329
154 0.0248045
155 0.0248102
156 0.0248189
157 0.0248085
158 0.0249642
159 0.0249642
160 0.0249443
161 0.024984
162 0.0249854
163 0.0249982
164 0.0250135
165 0.025014
166 0.0250268
167 0.0246047
168 0.0246034
169 0.0246207
170 0.0246234
171 0.0246254
172 0.0246254
173 0.0244908
174 0.0244878
175 0.0244923
176 0.0236986
177 0.0237092
178 0.0232395
179 0.0232401
180 0.023366
181 0.0225252
182 0.0225252
183 0.0225143
184 0.0225143
185 0.0225487
186 0.0225487
187 0.0225498
188 0.0225498
189 0.0225548
190 0.0218901
191 0.0218938
192 0.0219168
193 0.0219185
194 0.0219341
195 0.0219341
196 0.0219345
197 0.0219345
198 0.0219192
199 0.0219191
200 0.0219123
201 0.0219038
202 0.021876
203 0.021876
204 0.0218763
205 0.0218748
206 0.021872
207 0.021819
208 0.0218222
209 0.0218144
210 0.0218134
211 0.0217841
212 0.0217509
213 0.0217509
214 0.0217404
215 0.0217273
216 0.0217273
217 0.021721
218 0.021721
219 0.021736
220 0.021736
221 0.021736
222 0.021736
223 0.021736
224 0.0217891
225 0.0217895
