0 1
1 0.980057
2 0.979823
3 0.917535
4 0.907641
5 0.90598
6 0.914973
7 0.902
8 0.890133
9 0.889218
10 0.883404
11 0.882616
12 0.881843
13 0.874935
14 0.870445
15 0.86513
16 0.863246
17 0.85983
18 0.846749
19 0.830051
20 0.827881
21 0.829325
22 0.826032
23 0.824601
24 0.824489
25 0.823753
26 0.771968
27 0.773957
28 0.774088
29 0.773671
30 0.76852
31 0.768143
32 0.768173
33 0.767758
34 0.766274
35 0.765244
36 0.761546
37 0.749333
38 0.748593
39 0.746399
40 0.741404
41 0.741359
42 0.741792
43 0.742522
44 0.742132
45 0.742522
46 0.741813
47 0.73872
48 0.738399
49 0.739288
50 0.740551
51 0.73886
52 0.738049
53 0.737248
54 0.737608
55 0.73771
56 0.73816
57 0.737635
58 0.737671
59 0.737894
60 0.737492
61 0.739118
62 0.73875
63 0.738407
64 0.738839
65 0.73857
66 0.739416
67 0.73923
68 0.736372
69 0.736908
70 0.736983
71 0.734603
72 0.734603
73 0.733475
74 0.733284
75 0.733174
76 0.733672
77 0.732474
78 0.73269
79 0.730354
80 0.729589
81 0.729207
82 0.726533
83 0.725759
84 0.726499
85 0.726327
86 0.726273
87 0.726282
88 0.728656
89 0.729316
90 0.729316
91 0.729309
92 0.729394
93 0.729394
94 0.728585
95 0.728609
96 0.728609
97 0.728455
98 0.728455
99 0.729067
100 0.728488
101 0.72906
102 0.729452
103 0.730138
104 0.729431
105 0.729702
106 0.72908
107 0.729004
108 0.729009
109 0.730937
110 0.730713
111 0.730238
112 0.730238
113 0.730677
114 0.731364
115 0.731364
116 0.73222
117 0.732577
118 0.734367
119 0.733541
120 0.733543
121 0.731727
122 0.730931
123 0.727712
124 0.728334
125 0.728312
126 0.728159
127 0.726653
128 0.725455
129 0.725982
130 0.725882
131 0.725222
132 0.725691
133 0.725432
134 0.724756
135 0.724561
136 0.724774
137 0.724803
138 0.723762
139 0.724165
140 0.723924
141 0.723757
142 0.723751
143 0.723148
144 0.725481
145 0.725481
146 0.725368
147 0.725561
148 0.725936
149 0.726422
150 0.725756
151 0.717358
152 0.717386
153 0.714751
154 0.716215
155 0.716462
156 0.716518
157 0.717245
158 0.717658
159 0.717658
160 0.717928
161 0.717655
162 0.717655
163 0.717301
164 0.717523
165 0.717423
166 0.717507
167 0.714959
168 0.714959
169 0.714934
170 0.714934
171 0.714328
172 0.714283
173 0.714813
174 0.714824
175 0.714691
176 0.713728
177 0.713438
178 0.71459
179 0.71459
180 0.714106
181 0.713449
182 0.713459
183 0.713652
184 0.713652
185 0.712833
186 0.712601
187 0.711599
188 0.711599
189 0.713516
190 0.713921
191 0.713921
192 0.713914
193 0.713957
194 0.714014
195 0.714014
196 0.714051
197 0.714051
198 0.714051
199 0.713493
200 0.713425
201 0.712969
202 0.712969
203 0.712769
204 0.712769
205 0.711216
206 0.711012
207 0.711012
208 0.710796
209 0.710042
210 0.709033
211 0.709603
212 0.709736
213 0.709736
214 0.710007
215 0.709748
216 0.709748
217 0.709748
218 0.709748
219 0.709211
220 0.709211
221 0.709133
222 0.708968
223 0.709119
224 0.709468
225 0.709446
