0 1
1 0.88155
2 0.877404
3 0.826947
4 0.642495
5 0.637071
6 0.617044
7 0.607406
8 0.602981
9 0.602182
10 0.577353
11 0.577551
12 0.577205
13 0.572036
14 0.569565
15 0.569139
16 0.567371
17 0.565641
18 0.556431
19 0.551829
20 0.551309
21 0.546272
22 0.545081
23 0.545055
24 0.545036
25 0.542997
26 0.475285
27 0.475041
28 0.475266
29 0.475562
30 0.469307
31 0.469126
32 0.469284
33 0.468277
34 0.469989
35 0.469858
36 0.470253
37 0.463788
38 0.462054
39 0.460886
40 0.459765
41 0.459926
42 0.461313
43 0.461199
44 0.462404
45 0.462075
46 0.461236
47 0.464877
48 0.465359
49 0.462939
50 0.463083
51 0.464403
52 0.459918
53 0.457322
54 0.45792
55 0.457594
56 0.458232
57 0.459406
58 0.459345
59 0.459693
60 0.457969
61 0.45887
62 0.458474
63 0.458506
64 0.458604
65 0.458775
66 0.458916
67 0.458906
68 0.460495
69 0.457921
70 0.457765
71 0.45727
72 0.45727
73 0.455819
74 0.455616
75 0.455587
76 0.455474
77 0.455488
78 0.455337
79 0.452796
80 0.452018
81 0.451382
82 0.451276
83 0.45108
84 0.451571
85 0.451484
86 0.450171
87 0.450058
88 0.446389
89 0.4467
90 0.4467
91 0.446645
92 0.446643
93 0.446643
94 0.446497
95 0.446529
96 0.446529
97 0.446552
98 0.446552
99 0.446989
100 0.447001
101 0.446701
102 0.446938
103 0.446759
104 0.449364
105 0.448109
106 0.447783
107 0.447733
108 0.447757
109 0.448515
110 0.449472
111 0.450065
112 0.450065
113 0.450423
114 0.451083
115 0.451083
116 0.451379
117 0.451964
118 0.452816
119 0.453047
120 0.454937
121 0.458625
122 0.458333
123 0.457649
124 0.458025
125 0.458008
126 0.457958
127 0.457865
128 0.458244
129 0.454161
130 0.453727
131 0.454333
132 0.455599
133 0.455865
134 0.455696
135 0.454058
136 0.454375
137 0.454687
138 0.4547
139 0.456136
140 0.456606
141 0.457459
142 0.457452
143 0.457371
144 0.457573
145 0.457573
146 0.457934
147 0.458945
148 0.458163
149 0.458368
150 0.459733
151 0.44896
152 0.449296
153 0.447267
154 0.447465
155 0.447586
156 0.447816
157 0.448747
158 0.451925
159 0.451925
160 0.451761
161 0.453742
162 0.453742
163 0.453892
164 0.453942
165 0.453884
166 0.453948
167 0.449039
168 0.449039
169 0.44918
170 0.44918
171 0.45023
172 0.450225
173 0.449129
174 0.449134
175 0.44914
176 0.442458
177 0.442942
178 0.429378
179 0.429378
180 0.430072
181 0.415454
182 0.415709
183 0.41579
184 0.41579
185 0.415407
186 0.415339
187 0.415803
188 0.415803
189 0.416473
190 0.409479
191 0.409479
192 0.409523
193 0.409528
194 0.409474
195 0.409474
196 0.409468
197 0.409468
198 0.409468
199 0.409473
200 0.409473
201 0.40962
202 0.40962
203 0.409472
204 0.409472
205 0.409556
206 0.409392
207 0.409392
208 0.40944
209 0.410111
210 0.409808
211 0.409914
212 0.409884
213 0.409884
214 0.409901
215 0.409709
216 0.409709
217 0.409709
218 0.409709
219 0.40796
220 0.40796
221 0.407952
222 0.4072
223 0.407228
224 0.407379
225 0.407588
