0 1
1 1.01082
2 1.01001
3 1.0223
4 1.04999
5 1.05286
6 1.05789
7 1.06155
8 1.06155
9 1.06211
10 1.07053
11 1.07112
12 1.07157
13 1.07417
14 1.07503
15 1.07499
16 1.07363
17 1.07466
18 1.07804
19 1.08077
20 1.08076
21 1.08473
22 1.08547
23 1.08643
24 1.08586
25 1.08647
26 1.09678
27 1.09835
28 1.0983
29 1.09829
30 1.09969
31 1.10043
32 1.10055
33 1.10068
34 1.10205
35 1.10174
36 1.10323
37 1.10692
38 1.10898
39 1.11032
40 1.11005
41 1.11032
42 1.11295
43 1.11261
44 1.11356
45 1.11369
46 1.11302
47 1.11621
48 1.11672
49 1.11808
50 1.1196
51 1.12183
52 1.12333
53 1.12427
54 1.12452
55 1.12369
56 1.12375
57 1.12434
58 1.12448
59 1.12478
60 1.12565
61 1.12636
62 1.12654
63 1.12592
64 1.12578
65 1.12585
66 1.12793
67 1.12777
68 1.12741
69 1.12853
70 1.12877
71 1.12879
72 1.12879
73 1.12935
74 1.13038
75 1.13037
76 1.13049
77 1.12929
78 1.12925
79 1.13047
80 1.13062
81 1.13144
82 1.13208
83 1.1325
84 1.13302
85 1.1329
86 1.13295
87 1.13311
88 1.13642
89 1.1371
90 1.1371
91 1.13678
92 1.1366
93 1.1366
94 1.13726
95 1.13762
96 1.13762
97 1.1376
98 1.1376
99 1.13798
100 1.1378
101 1.13826
102 1.13885
103 1.14123
104 1.15592
105 1.15629
106 1.15597
107 1.15632
108 1.1564
109 1.15633
110 1.15472
111 1.1547
112 1.1547
113 1.15553
114 1.15556
115 1.15556
116 1.15517
117 1.15535
118 1.15634
119 1.15596
120 1.15725
121 1.15893
122 1.1587
123 1.15931
124 1.15982
125 1.15969
126 1.16006
127 1.16089
128 1.16086
129 1.16785
130 1.16795
131 1.1677
132 1.16797
133 1.16789
134 1.16817
135 1.16816
136 1.16856
137 1.16912
138 1.16937
139 1.16981
140 1.16969
141 1.1698
142 1.16963
143 1.17059
144 1.17292
145 1.17292
146 1.17319
147 1.17295
148 1.17245
149 1.17286
150 1.17483
151 1.17732
152 1.17741
153 1.17675
154 1.17918
155 1.17973
156 1.17974
157 1.18024
158 1.18122
159 1.18122
160 1.18077
161 1.18092
162 1.18092
163 1.18095
164 1.18106
165 1.18035
166 1.18059
167 1.18505
168 1.18505
169 1.18516
170 1.18516
171 1.18471
172 1.18458
173 1.18652
174 1.18652
175 1.18653
176 1.18863
177 1.18764
178 1.19359
179 1.19359
180 1.19427
181 1.19736
182 1.19726
183 1.19729
184 1.19729
185 1.19701
186 1.19727
187 1.19736
188 1.19736
189 1.19837
190 1.19938
191 1.19938
192 1.19939
193 1.19939
194 1.19974
195 1.19974
196 1.19962
197 1.19962
198 1.19962
199 1.19922
200 1.19921
201 1.19874
202 1.19874
203 1.19856
204 1.19856
205 1.1982
206 1.19818
207 1.19818
208 1.19823
209 1.19792
210 1.19779
211 1.1989
212 1.1993
213 1.1993
214 1.19956
215 1.19935
216 1.19935
217 1.19935
218 1.19935
219 1.19953
220 1.19953
221 1.19932
222 1.19901
223 1.19915
224 1.19933
225 1.19879
