0 2.49738
1 2.55014
2 2.54526
3 2.57593
4 2.61966
5 2.62445
6 2.62808
7 2.62945
8 2.63181
9 2.63509
10 2.6436
11 2.64168
12 2.64064
13 2.6629
14 2.66252
15 2.6637
16 2.66605
17 2.66675
18 2.67289
19 2.68255
20 2.68455
21 2.6916
22 2.69468
23 2.69565
24 2.69593
25 2.69736
26 2.70935
27 2.72291
28 2.72275
29 2.7231
30 2.73448
31 2.73492
32 2.73632
33 2.73621
34 2.74222
35 2.74419
36 2.74264
37 2.74729
38 2.75073
39 2.75197
40 2.75722
41 2.75711
42 2.76281
43 2.76161
44 2.76707
45 2.76644
46 2.7661
47 2.77363
48 2.77363
49 2.77901
50 2.78002
51 2.78372
52 2.78416
53 2.78537
54 2.78565
55 2.78499
56 2.78394
57 2.78396
58 2.78422
59 2.78492
60 2.78749
61 2.78652
62 2.78714
63 2.78776
64 2.78786
65 2.78825
66 2.79498
67 2.79498
68 2.79671
69 2.8013
70 2.80106
71 2.80366
72 2.80365
73 2.80875
74 2.81013
75 2.81013
76 2.81512
77 2.81456
78 2.81398
79 2.81727
80 2.81425
81 2.81558
82 2.81701
83 2.8151
84 2.81456
85 2.81478
86 2.815
87 2.81449
88 2.81929
89 2.81831
90 2.81831
91 2.81922
92 2.81941
93 2.81941
94 2.82005
95 2.82177
96 2.8217
97 2.8217
98 2.821
99 2.82071
100 2.81949
101 2.82047
102 2.82105
103 2.8262
104 2.83102
105 2.82792
106 2.8279
107 2.8279
108 2.82407
109 2.82611
110 2.82679
111 2.82765
112 2.82816
113 2.82816
114 2.82719
115 2.82719
116 2.82893
117 2.83008
118 2.83135
119 2.83083
120 2.83004
121 2.83566
122 2.83552
123 2.83712
124 2.83946
125 2.83877
126 2.83939
127 2.83893
128 2.83771
129 2.84305
130 2.84305
131 2.84336
132 2.84393
133 2.84367
134 2.84473
135 2.84556
136 2.84624
137 2.84595
138 2.85243
139 2.85307
140 2.85233
141 2.85288
142 2.85288
143 2.85605
144 2.85575
145 2.85575
146 2.856
147 2.856
148 2.85585
149 2.85607
150 2.8609
151 2.86298
152 2.86292
153 2.86395
154 2.86725
155 2.86746
156 2.868
157 2.86931
158 2.8695
159 2.8695
160 2.86933
161 2.86837
162 2.86815
163 2.86917
164 2.8698
165 2.8698
166 2.869
167 2.87346
168 2.87364
169 2.87348
170 2.874
171 2.87419
172 2.87419
173 2.87373
174 2.87371
175 2.87406
176 2.88932
177 2.88931
178 2.89753
179 2.89741
180 2.90293
181 2.92286
182 2.92286
183 2.92247
184 2.92247
185 2.92266
186 2.92266
187 2.9232
188 2.9232
189 2.92344
190 2.93318
191 2.9337
192 2.93434
193 2.93416
194 2.93456
195 2.93456
196 2.93428
197 2.93428
198 2.93438
199 2.93406
200 2.93291
201 2.9327
202 2.93309
203 2.93309
204 2.93309
205 2.93276
206 2.93178
207 2.93219
208 2.93258
209 2.93249
210 2.93432
211 2.93322
212 2.9335
213 2.9335
214 2.93217
215 2.93153
216 2.93153
217 2.9312
218 2.9312
219 2.93182
220 2.93182
221 2.93182
222 2.93182
223 2.93182
224 2.93306
225 2.93308
