0 6.529
1 6.444
2 6.662
3 6.532
4 6.164
5 5.983
6 6.138
7 6.064
8 6.058
9 6.077
10 6.028
11 5.975
12 6.05
13 6.013
14 6.039
15 6.082
16 6.004
17 6.02
18 5.998
19 6.028
20 6.037
21 6.027
22 6.054
23 6.144
24 6.147
25 6.151
26 6.173
27 6.173
28 6.135
29 6.153
30 6.122
31 6.139
32 6.105
33 6.182
34 6.219
35 6.228
36 6.242
37 6.157
38 6.162
39 6.164
40 6.149
41 6.171
42 6.096
43 6.163
44 6.117
45 6.112
46 6.143
47 6.076
48 6.144
49 6.102
50 6.159
51 6.184
52 6.058
53 6.135
54 6.115
55 6.071
56 6.076
57 6.132
58 6.153
59 6.144
60 6.095
61 6.063
62 6.038
63 6.078
64 6.08
65 6.161
66 6.071
67 6.044
68 6.048
69 6.02
70 6.06
71 6.084
72 5.977
73 6.035
74 6.094
75 6.049
76 5.998
77 6.035
78 6.025
79 6.094
80 6.094
81 6.029
82 6.166
83 6.05
84 6.072
85 6.097
86 6.142
87 6.114
88 6.072
89 6.071
90 6.122
91 6.1
92 6.078
93 6.108
94 6.075
95 6.103
96 6.094
97 6.136
98 6.233
99 6.251
100 6.081
101 6.096
102 6.148
103 6.145
104 6.204
105 6.107
106 6.167
107 6.09
108 6.126
109 6.123
110 6.066
111 6.05
112 6.048
113 6.071
114 6.062
115 6.1
116 6.085
117 6.063
118 6.063
119 6.052
120 6.076
121 6.015
122 6.08
123 6.052
124 6.075
125 6.062
126 6.014
127 6.084
128 6.094
129 6.029
130 6.039
131 6.059
132 6.023
133 6.128
134 6.109
135 6.034
136 6.093
137 6.04
138 6.068
139 6.044
140 6.044
141 6.106
142 6.051
143 6.003
144 6.05
145 6.078
146 6.097
147 6.115
148 6.093
149 6.105
150 6.084
151 6.16
152 6.161
153 6.141
154 6.173
155 6.117
156 6.163
157 6.215
158 6.178
159 6.202
160 6.196
161 6.195
162 6.141
163 6.134
164 6.135
165 6.155
166 6.183
167 6.201
168 6.195
169 6.133
170 6.2
171 6.17
172 6.19
173 6.22
174 6.176
175 6.321
176 6.225
177 6.223
178 6.194
179 6.176
180 6.258
181 6.217
182 6.21
183 6.265
184 6.212
185 6.183
186 6.177
187 6.174
188 6.241
189 6.216
190 6.256
191 6.307
192 6.258
193 6.262
194 6.281
195 6.149
196 6.23
197 6.186
198 6.277
199 6.377
200 6.289
201 6.221
202 6.269
203 6.272
204 6.207
205 6.274
206 6.26
207 6.258
208 6.277
209 6.317
210 6.246
211 6.309
212 6.329
213 6.234
214 6.235
215 6.257
216 6.245
217 6.284
218 6.332
219 6.295
220 6.219
221 6.258
222 6.225
223 6.244
224 6.272
225 6.188
