0 1
1 0.905665
2 0.825273
3 0.814871
4 0.76296
5 0.732759
6 0.723786
7 0.717504
8 0.712088
9 0.702578
10 0.686784
11 0.684703
12 0.665492
13 0.660598
14 0.651618
15 0.641825
16 0.638388
17 0.630192
18 0.629949
19 0.624497
20 0.621779
21 0.620954
22 0.614145
23 0.601184
24 0.598003
25 0.597948
26 0.597567
27 0.594863
28 0.582871
29 0.579798
30 0.578335
31 0.568129
32 0.567404
33 0.562569
34 0.557661
35 0.556163
36 0.548367
37 0.544905
38 0.539167
39 0.537498
40 0.534635
41 0.53158
42 0.529966
43 0.52837
44 0.527268
45 0.523712
46 0.522355
47 0.521818
48 0.519305
49 0.517966
50 0.517189
51 0.517064
52 0.515169
53 0.512223
54 0.510969
55 0.497008
56 0.494232
57 0.492845
58 0.484093
59 0.48401
60 0.483623
61 0.479434
62 0.479543
63 0.47813
64 0.477489
65 0.473933
66 0.471797
67 0.471123
68 0.471704
69 0.468803
70 0.468759
71 0.466962
72 0.466979
73 0.466713
74 0.459249
75 0.456723
76 0.455031
77 0.453785
78 0.452968
79 0.451821
80 0.448806
81 0.448372
82 0.446228
83 0.445076
84 0.443691
85 0.443203
86 0.443051
87 0.442373
88 0.441675
89 0.440886
90 0.440235
91 0.439083
92 0.439583
93 0.438844
94 0.437887
95 0.437037
96 0.436681
97 0.430077
98 0.427144
99 0.427144
100 0.426644
101 0.427002
102 0.426501
103 0.425557
104 0.424056
105 0.423455
106 0.422164
107 0.416462
108 0.410657
109 0.410307
110 0.409972
111 0.409823
112 0.409263
113 0.407269
114 0.404808
115 0.40501
116 0.404356
117 0.404732
118 0.404655
119 0.403827
120 0.403649
121 0.403649
122 0.403717
123 0.403156
124 0.403555
125 0.401302
126 0.39966
127 0.399338
128 0.399808
129 0.399707
130 0.398685
131 0.397564
132 0.397507
133 0.397614
134 0.397891
135 0.39738
136 0.397363
137 0.39763
138 0.3954
139 0.395566
140 0.395015
141 0.394457
142 0.394462
143 0.393338
144 0.392739
145 0.392046
146 0.392483
147 0.391946
148 0.391357
149 0.391266
150 0.388148
151 0.387301
152 0.386974
153 0.386558
154 0.384061
155 0.383453
156 0.38344
157 0.382958
158 0.382916
159 0.38152
160 0.379891
161 0.379821
162 0.379174
163 0.377919
164 0.377611
165 0.377257
166 0.376938
167 0.375404
168 0.375183
169 0.373479
170 0.372174
171 0.372143
172 0.372143
173 0.371335
174 0.371402
175 0.371332
176 0.371088
177 0.371088
178 0.371048
179 0.37118
180 0.37118
181 0.370922
182 0.370246
183 0.369947
184 0.369864
185 0.36688
186 0.366466
187 0.36644
188 0.366206
189 0.366206
190 0.36524
191 0.364061
192 0.363853
193 0.363802
194 0.363441
195 0.362419
196 0.362367
197 0.363055
198 0.361971
199 0.361196
200 0.360977
201 0.361002
202 0.361061
203 0.360471
204 0.358165
205 0.357673
206 0.357993
207 0.357993
208 0.357327
209 0.356439
210 0.356224
211 0.355771
212 0.356007
213 0.355857
214 0.356051
215 0.355851
216 0.356099
217 0.355988
218 0.355929
219 0.355947
220 0.354446
221 0.354454
222 0.354243
223 0.353796
224 0.3529
225 0.352715
