0 1
1 1.01975
2 1.03606
3 1.03583
4 1.05004
5 1.05793
6 1.06201
7 1.0645
8 1.06552
9 1.06699
10 1.07345
11 1.07412
12 1.07587
13 1.07646
14 1.07883
15 1.08468
16 1.08659
17 1.0903
18 1.09031
19 1.09122
20 1.09224
21 1.09431
22 1.09623
23 1.09833
24 1.09947
25 1.10053
26 1.10033
27 1.10062
28 1.10472
29 1.10519
30 1.10609
31 1.10719
32 1.10727
33 1.11156
34 1.11323
35 1.11521
36 1.11668
37 1.11827
38 1.12145
39 1.12195
40 1.12304
41 1.12528
42 1.12543
43 1.12709
44 1.12827
45 1.12977
46 1.1305
47 1.13126
48 1.13233
49 1.13318
50 1.13323
51 1.13371
52 1.13423
53 1.13438
54 1.13483
55 1.13571
56 1.13643
57 1.13621
58 1.13878
59 1.13879
60 1.14018
61 1.14041
62 1.14117
63 1.14283
64 1.14346
65 1.14503
66 1.14464
67 1.14519
68 1.14515
69 1.14639
70 1.15079
71 1.15048
72 1.15075
73 1.15248
74 1.15358
75 1.15443
76 1.15503
77 1.15601
78 1.15603
79 1.15688
80 1.15808
81 1.15798
82 1.1578
83 1.15756
84 1.15826
85 1.15906
86 1.15956
87 1.15983
88 1.16093
89 1.16221
90 1.16242
91 1.16219
92 1.1639
93 1.16395
94 1.16489
95 1.16628
96 1.16614
97 1.17092
98 1.17233
99 1.17271
100 1.17316
101 1.17384
102 1.17392
103 1.17451
104 1.17553
105 1.17657
106 1.1782
107 1.17849
108 1.17916
109 1.17939
110 1.18012
111 1.18063
112 1.18068
113 1.18008
114 1.18372
115 1.18508
116 1.1849
117 1.1845
118 1.18506
119 1.18566
120 1.1859
121 1.1859
122 1.1867
123 1.1877
124 1.18755
125 1.19162
126 1.19137
127 1.19243
128 1.19245
129 1.1928
130 1.1934
131 1.19517
132 1.19536
133 1.19556
134 1.19608
135 1.19619
136 1.19618
137 1.19691
138 1.19701
139 1.19725
140 1.19784
141 1.19875
142 1.19896
143 1.19997
144 1.19998
145 1.20036
146 1.20124
147 1.20136
148 1.20224
149 1.20224
150 1.20184
151 1.2028
152 1.20284
153 1.20356
154 1.20402
155 1.20393
156 1.20444
157 1.20486
158 1.20586
159 1.20636
160 1.20631
161 1.20657
162 1.20743
163 1.20891
164 1.20825
165 1.20919
166 1.20937
167 1.2148
168 1.21505
169 1.21987
170 1.22076
171 1.22143
172 1.22137
173 1.22124
174 1.22105
175 1.22203
176 1.22241
177 1.22254
178 1.22197
179 1.22303
180 1.22303
181 1.22328
182 1.22296
183 1.22423
184 1.2241
185 1.22591
186 1.22615
187 1.22626
188 1.22636
189 1.22631
190 1.22705
191 1.22842
192 1.22839
193 1.22839
194 1.22813
195 1.22924
196 1.22888
197 1.22991
198 1.2307
199 1.2319
200 1.23237
201 1.23296
202 1.23271
203 1.23284
204 1.23418
205 1.23514
206 1.2354
207 1.2354
208 1.23659
209 1.23718
210 1.23762
211 1.23816
212 1.23935
213 1.24033
214 1.24046
215 1.24081
216 1.24096
217 1.24137
218 1.24136
219 1.24167
220 1.24134
221 1.24186
222 1.24175
223 1.24418
224 1.24346
225 1.24399
