0 15.862
1 16.144
2 16.372
3 16.369
4 16.563
5 16.677
6 16.732
7 16.763
8 16.778
9 16.8
10 16.892
11 16.903
12 16.928
13 16.937
14 16.975
15 17.062
16 17.09
17 17.151
18 17.151
19 17.161
20 17.176
21 17.211
22 17.24
23 17.273
24 17.292
25 17.308
26 17.303
27 17.306
28 17.362
29 17.369
30 17.382
31 17.403
32 17.405
33 17.47
34 17.491
35 17.523
36 17.546
37 17.57
38 17.613
39 17.621
40 17.636
41 17.67
42 17.672
43 17.695
44 17.716
45 17.737
46 17.75
47 17.76
48 17.773
49 17.785
50 17.786
51 17.793
52 17.8
53 17.803
54 17.812
55 17.824
56 17.836
57 17.835
58 17.879
59 17.879
60 17.899
61 17.904
62 17.915
63 17.941
64 17.951
65 17.977
66 17.969
67 17.974
68 17.973
69 17.991
70 18.07
71 18.068
72 18.072
73 18.1
74 18.119
75 18.13
76 18.139
77 18.153
78 18.153
79 18.165
80 18.183
81 18.181
82 18.178
83 18.176
84 18.188
85 18.201
86 18.209
87 18.214
88 18.232
89 18.251
90 18.255
91 18.251
92 18.278
93 18.281
94 18.293
95 18.313
96 18.31
97 18.384
98 18.406
99 18.411
100 18.419
101 18.43
102 18.431
103 18.44
104 18.456
105 18.474
106 18.492
107 18.494
108 18.505
109 18.51
110 18.523
111 18.532
112 18.533
113 18.523
114 18.581
115 18.601
116 18.595
117 18.589
118 18.6
119 18.613
120 18.617
121 18.617
122 18.63
123 18.643
124 18.64
125 18.702
126 18.699
127 18.717
128 18.717
129 18.723
130 18.733
131 18.761
132 18.764
133 18.767
134 18.775
135 18.777
136 18.777
137 18.789
138 18.791
139 18.794
140 18.803
141 18.816
142 18.819
143 18.832
144 18.832
145 18.84
146 18.855
147 18.855
148 18.87
149 18.869
150 18.864
151 18.88
152 18.88
153 18.893
154 18.902
155 18.901
156 18.908
157 18.915
158 18.933
159 18.939
160 18.938
161 18.941
162 18.957
163 18.98
164 18.971
165 18.983
166 18.986
167 19.072
168 19.076
169 19.162
170 19.178
171 19.189
172 19.188
173 19.186
174 19.184
175 19.196
176 19.201
177 19.203
178 19.193
179 19.209
180 19.209
181 19.213
182 19.206
183 19.229
184 19.226
185 19.259
186 19.263
187 19.27
188 19.272
189 19.271
190 19.282
191 19.308
192 19.307
193 19.307
194 19.304
195 19.32
196 19.313
197 19.327
198 19.34
199 19.361
200 19.367
201 19.374
202 19.37
203 19.373
204 19.397
205 19.412
206 19.415
207 19.415
208 19.431
209 19.44
210 19.447
211 19.456
212 19.473
213 19.486
214 19.489
215 19.495
216 19.498
217 19.504
218 19.503
219 19.507
220 19.502
221 19.508
222 19.505
223 19.543
224 19.53
225 19.537
