0 0.116478
1 0.0857262
2 0.0614192
3 0.0603313
4 0.0501289
5 0.0461682
6 0.0445071
7 0.0438451
8 0.0434442
9 0.0425395
10 0.0412923
11 0.0406723
12 0.0390388
13 0.038693
14 0.0377975
15 0.0368864
16 0.036132
17 0.0354902
18 0.0354018
19 0.0348381
20 0.0346006
21 0.0345253
22 0.0337872
23 0.0330305
24 0.032843
25 0.032709
26 0.0325887
27 0.0324408
28 0.0315464
29 0.0311323
30 0.0310794
31 0.0306578
32 0.0305491
33 0.0300451
34 0.0296764
35 0.0294871
36 0.0291227
37 0.0289204
38 0.0283113
39 0.0280309
40 0.0275167
41 0.0273
42 0.0271585
43 0.0270163
44 0.0268346
45 0.0265708
46 0.0264779
47 0.0264205
48 0.0261969
49 0.0261377
50 0.0260868
51 0.0260745
52 0.0259818
53 0.0258339
54 0.0257403
55 0.0250773
56 0.0248796
57 0.0248544
58 0.0244794
59 0.024469
60 0.0244519
61 0.0242173
62 0.0240836
63 0.023944
64 0.0239015
65 0.0238162
66 0.0236103
67 0.0235792
68 0.0235573
69 0.0233616
70 0.0233306
71 0.0231797
72 0.023109
73 0.0230775
74 0.0227818
75 0.0225954
76 0.0225351
77 0.0224805
78 0.0224319
79 0.0223294
80 0.0221967
81 0.0221731
82 0.0221194
83 0.0220571
84 0.0219958
85 0.0219318
86 0.0219255
87 0.0218389
88 0.0217961
89 0.0217558
90 0.0217123
91 0.0215767
92 0.0215829
93 0.0215319
94 0.0214041
95 0.0213889
96 0.0213479
97 0.0210036
98 0.0208604
99 0.020858
100 0.0208317
101 0.0207844
102 0.0207905
103 0.0207395
104 0.0207043
105 0.0206489
106 0.0205342
107 0.0203332
108 0.0200695
109 0.0200421
110 0.0200213
111 0.0200175
112 0.0200096
113 0.0199638
114 0.0196992
115 0.0195834
116 0.0195429
117 0.0195555
118 0.0195458
119 0.019496
120 0.0194396
121 0.0194396
122 0.0194371
123 0.0193915
124 0.019373
125 0.0193099
126 0.0192107
127 0.0191162
128 0.019077
129 0.019066
130 0.0190174
131 0.0189711
132 0.0190024
133 0.0189842
134 0.0188988
135 0.0188911
136 0.0189024
137 0.0188962
138 0.0188315
139 0.0188137
140 0.0186838
141 0.0186546
142 0.0186546
143 0.0185721
144 0.0185419
145 0.0184912
146 0.0184489
147 0.0184288
148 0.0184121
149 0.0183855
150 0.018345
151 0.0183168
152 0.0182685
153 0.0182494
154 0.0181504
155 0.0181451
156 0.0181152
157 0.0180945
158 0.018087
159 0.0180671
160 0.018042
161 0.0180242
162 0.0180071
163 0.0179852
164 0.0179725
165 0.0179439
166 0.0179286
167 0.0178822
168 0.0178429
169 0.0177675
170 0.0176474
171 0.0176191
172 0.0176168
173 0.0175788
174 0.0175857
175 0.0175916
176 0.0175791
177 0.0175804
178 0.0175744
179 0.0175535
180 0.0175535
181 0.0175488
182 0.0174227
183 0.0174117
184 0.0174162
185 0.0173704
186 0.0173636
187 0.0173594
188 0.0173497
189 0.0173497
190 0.0172188
191 0.0171855
192 0.0171778
193 0.0171613
194 0.0171466
195 0.0171211
196 0.0171174
197 0.0170903
198 0.0171158
199 0.0170864
200 0.0170553
201 0.0170689
202 0.0170266
203 0.0170112
204 0.0169139
205 0.0169096
206 0.0168961
207 0.0168961
208 0.0168423
209 0.0168164
210 0.0168068
211 0.016805
212 0.0167626
213 0.0167364
214 0.0167469
215 0.0167421
216 0.0167368
217 0.0167115
218 0.0166932
219 0.0166764
220 0.0164739
221 0.016474
222 0.0164143
223 0.0163895
224 0.0163645
225 0.0162745
