0 1
1 0.993413
2 1.01191
3 1.00552
4 0.921312
5 0.890264
6 0.898257
7 0.892543
8 0.887704
9 0.879967
10 0.855265
11 0.843499
12 0.834452
13 0.834615
14 0.833724
15 0.822753
16 0.80939
17 0.809767
18 0.808812
19 0.809409
20 0.808437
21 0.809555
22 0.812533
23 0.815133
24 0.815829
25 0.816933
26 0.806462
27 0.806852
28 0.806148
29 0.806344
30 0.806972
31 0.801518
32 0.80008
33 0.808763
34 0.804157
35 0.794877
36 0.795915
37 0.795279
38 0.776467
39 0.772616
40 0.772857
41 0.773761
42 0.773269
43 0.775122
44 0.7763
45 0.777533
46 0.777627
47 0.776403
48 0.774882
49 0.773658
50 0.772815
51 0.771365
52 0.771308
53 0.771046
54 0.771896
55 0.768915
56 0.768588
57 0.767513
58 0.769552
59 0.769522
60 0.771491
61 0.768622
62 0.767918
63 0.76903
64 0.769193
65 0.766876
66 0.758278
67 0.760098
68 0.760288
69 0.753556
70 0.759016
71 0.758152
72 0.757714
73 0.761728
74 0.756183
75 0.767878
76 0.768735
77 0.769576
78 0.769466
79 0.767172
80 0.768448
81 0.768075
82 0.767979
83 0.765805
84 0.765553
85 0.764648
86 0.764478
87 0.764748
88 0.76301
89 0.763486
90 0.764081
91 0.763885
92 0.756904
93 0.75889
94 0.754397
95 0.755647
96 0.756098
97 0.752948
98 0.752459
99 0.752304
100 0.751281
101 0.751708
102 0.751694
103 0.752049
104 0.752716
105 0.751961
106 0.75156
107 0.754033
108 0.752627
109 0.749266
110 0.749152
111 0.750533
112 0.750775
113 0.751397
114 0.744006
115 0.74234
116 0.739851
117 0.739225
118 0.738443
119 0.729737
120 0.7296
121 0.7296
122 0.730971
123 0.730491
124 0.729073
125 0.732109
126 0.728741
127 0.728308
128 0.727833
129 0.727996
130 0.72795
131 0.728699
132 0.729005
133 0.729
134 0.729461
135 0.729444
136 0.729404
137 0.729663
138 0.729877
139 0.730536
140 0.73061
141 0.731444
142 0.731664
143 0.723179
144 0.722728
145 0.722517
146 0.723551
147 0.723389
148 0.723521
149 0.723762
150 0.72425
151 0.725384
152 0.724718
153 0.724947
154 0.723879
155 0.723577
156 0.72422
157 0.724038
158 0.724407
159 0.72442
160 0.724748
161 0.724849
162 0.725036
163 0.721554
164 0.719566
165 0.720887
166 0.720723
167 0.718955
168 0.71856
169 0.709016
170 0.708992
171 0.709367
172 0.709345
173 0.709535
174 0.709277
175 0.709909
176 0.70949
177 0.709489
178 0.709117
179 0.706178
180 0.706178
181 0.706205
182 0.705705
183 0.705628
184 0.705843
185 0.70526
186 0.705341
187 0.704153
188 0.704062
189 0.704303
190 0.705446
191 0.705966
192 0.705943
193 0.705754
194 0.705692
195 0.705148
196 0.705201
197 0.706769
198 0.706819
199 0.704634
200 0.703916
201 0.703998
202 0.704659
203 0.703962
204 0.701484
205 0.700446
206 0.700359
207 0.700359
208 0.700013
209 0.6997
210 0.700469
211 0.698476
212 0.69915
213 0.696565
214 0.696518
215 0.696963
216 0.697902
217 0.698835
218 0.698835
219 0.698974
220 0.699204
221 0.699261
222 0.699283
223 0.697933
224 0.697369
225 0.693928
