0 3.04932
1 3.11325
2 3.15502
3 3.14841
4 3.19705
5 3.21362
6 3.22012
7 3.22654
8 3.23057
9 3.23447
10 3.2539
11 3.25439
12 3.27387
13 3.27367
14 3.28932
15 3.29973
16 3.30904
17 3.3204
18 3.32314
19 3.33376
20 3.33903
21 3.34024
22 3.36311
23 3.37106
24 3.37515
25 3.37608
26 3.37847
27 3.38068
28 3.37907
29 3.38143
30 3.38362
31 3.38663
32 3.38784
33 3.3998
34 3.40272
35 3.407
36 3.42081
37 3.42568
38 3.42963
39 3.43256
40 3.43645
41 3.43724
42 3.44088
43 3.44044
44 3.44413
45 3.44989
46 3.45131
47 3.45148
48 3.45628
49 3.4605
50 3.46106
51 3.46204
52 3.46657
53 3.46591
54 3.46594
55 3.47219
56 3.47935
57 3.48007
58 3.49175
59 3.49149
60 3.49644
61 3.49174
62 3.49464
63 3.49628
64 3.49613
65 3.50323
66 3.50427
67 3.50754
68 3.51043
69 3.51798
70 3.5202
71 3.52109
72 3.52596
73 3.52778
74 3.53444
75 3.53132
76 3.53136
77 3.5315
78 3.52977
79 3.5349
80 3.54016
81 3.54045
82 3.5484
83 3.54838
84 3.54964
85 3.55138
86 3.55256
87 3.55414
88 3.5582
89 3.56029
90 3.56134
91 3.56023
92 3.56284
93 3.56457
94 3.57116
95 3.57485
96 3.57616
97 3.59174
98 3.59677
99 3.59697
100 3.59776
101 3.60179
102 3.60204
103 3.59917
104 3.60115
105 3.60234
106 3.60079
107 3.59377
108 3.60495
109 3.60637
110 3.60946
111 3.61016
112 3.61212
113 3.61305
114 3.62775
115 3.63205
116 3.63567
117 3.64171
118 3.64586
119 3.64496
120 3.64539
121 3.64539
122 3.64687
123 3.64599
124 3.64615
125 3.65093
126 3.6488
127 3.65504
128 3.65645
129 3.65649
130 3.65944
131 3.66252
132 3.66652
133 3.66736
134 3.66691
135 3.667
136 3.66766
137 3.66715
138 3.66995
139 3.66981
140 3.67182
141 3.6734
142 3.67507
143 3.67518
144 3.67351
145 3.67449
146 3.67619
147 3.67658
148 3.67851
149 3.67739
150 3.67796
151 3.68117
152 3.68159
153 3.68237
154 3.67957
155 3.68254
156 3.68469
157 3.68481
158 3.68981
159 3.69598
160 3.69626
161 3.6981
162 3.70101
163 3.70169
164 3.70277
165 3.70681
166 3.70786
167 3.71498
168 3.71754
169 3.71596
170 3.72141
171 3.72223
172 3.72239
173 3.72287
174 3.72356
175 3.72593
176 3.72675
177 3.72755
178 3.72746
179 3.7295
180 3.7295
181 3.73131
182 3.73534
183 3.73919
184 3.73805
185 3.74172
186 3.74241
187 3.74428
188 3.74371
189 3.74371
190 3.74643
191 3.75147
192 3.75138
193 3.75047
194 3.74989
195 3.74522
196 3.74548
197 3.74893
198 3.7527
199 3.75717
200 3.75989
201 3.76088
202 3.76279
203 3.76257
204 3.77064
205 3.76986
206 3.77001
207 3.77001
208 3.77369
209 3.7765
210 3.77744
211 3.77862
212 3.78195
213 3.78283
214 3.78359
215 3.7835
216 3.78477
217 3.78425
218 3.78665
219 3.78588
220 3.7894
221 3.78985
222 3.7916
223 3.79308
224 3.79129
225 3.79479
