0 1
1 0.871425
2 0.718187
3 0.708852
4 0.628831
5 0.576887
6 0.555518
7 0.530186
8 0.524454
9 0.516581
10 0.502571
11 0.499015
12 0.49334
13 0.493027
14 0.487782
15 0.477593
16 0.470461
17 0.466745
18 0.466034
19 0.458451
20 0.453619
21 0.450159
22 0.44346
23 0.439568
24 0.439597
25 0.438909
26 0.4354
27 0.434504
28 0.424637
29 0.422913
30 0.421623
31 0.417445
32 0.416848
33 0.40919
34 0.401621
35 0.397203
36 0.395764
37 0.394721
38 0.387245
39 0.386076
40 0.38514
41 0.380788
42 0.380267
43 0.37944
44 0.37726
45 0.374486
46 0.374184
47 0.372715
48 0.371226
49 0.370831
50 0.370034
51 0.36946
52 0.368925
53 0.366944
54 0.367207
55 0.365027
56 0.364715
57 0.362881
58 0.362078
59 0.362244
60 0.360737
61 0.360279
62 0.359151
63 0.35811
64 0.356251
65 0.354811
66 0.352595
67 0.35037
68 0.350352
69 0.348973
70 0.34359
71 0.343023
72 0.342994
73 0.340584
74 0.338232
75 0.331674
76 0.331054
77 0.330691
78 0.329816
79 0.328887
80 0.328606
81 0.328355
82 0.327514
83 0.326511
84 0.325091
85 0.323488
86 0.323389
87 0.323492
88 0.320755
89 0.321998
90 0.322926
91 0.32185
92 0.321953
93 0.321311
94 0.318984
95 0.318887
96 0.318717
97 0.314858
98 0.313863
99 0.313688
100 0.313386
101 0.311654
102 0.311499
103 0.310416
104 0.308962
105 0.308921
106 0.305881
107 0.303791
108 0.303307
109 0.301957
110 0.301616
111 0.301678
112 0.301756
113 0.301819
114 0.300743
115 0.299857
116 0.29882
117 0.298547
118 0.298668
119 0.297831
120 0.297574
121 0.297574
122 0.297512
123 0.296575
124 0.294924
125 0.293542
126 0.292683
127 0.291309
128 0.291137
129 0.291476
130 0.289975
131 0.289899
132 0.289829
133 0.28962
134 0.289882
135 0.289822
136 0.289767
137 0.289627
138 0.289021
139 0.289108
140 0.289283
141 0.289138
142 0.289356
143 0.288733
144 0.288719
145 0.288511
146 0.288513
147 0.288419
148 0.288277
149 0.288138
150 0.286407
151 0.286356
152 0.285873
153 0.285801
154 0.285753
155 0.286437
156 0.286896
157 0.285918
158 0.28553
159 0.285306
160 0.285385
161 0.285095
162 0.285159
163 0.284056
164 0.284802
165 0.285113
166 0.285066
167 0.284508
168 0.28451
169 0.281668
170 0.279418
171 0.279362
172 0.27933
173 0.279553
174 0.278767
175 0.278659
176 0.278725
177 0.278732
178 0.278753
179 0.277058
180 0.277058
181 0.277057
182 0.276863
183 0.275611
184 0.275791
185 0.276627
186 0.276615
187 0.271631
188 0.271641
189 0.272487
190 0.271836
191 0.271283
192 0.271144
193 0.270538
194 0.270225
195 0.270363
196 0.270046
197 0.270691
198 0.270211
199 0.268863
200 0.268557
201 0.268541
202 0.268648
203 0.269155
204 0.268828
205 0.268536
206 0.268145
207 0.268145
208 0.267016
209 0.26651
210 0.266208
211 0.266077
212 0.265601
213 0.264885
214 0.264846
215 0.265104
216 0.26548
217 0.265412
218 0.265291
219 0.265392
220 0.265683
221 0.264409
222 0.264944
223 0.265635
224 0.265065
225 0.264347
