0 0.0643799
1 0.063032
2 0.0631164
3 0.0624824
4 0.0563363
5 0.0546127
6 0.0546683
7 0.0547448
8 0.0545968
9 0.0541255
10 0.0527338
11 0.0515159
12 0.0505787
13 0.0504444
14 0.0502402
15 0.0495411
16 0.0487135
17 0.0488461
18 0.0488518
19 0.0491435
20 0.0491211
21 0.0491263
22 0.0494918
23 0.0496384
24 0.0497111
25 0.0496439
26 0.0493949
27 0.0493857
28 0.0489772
29 0.0487815
30 0.0488319
31 0.0487142
32 0.0485754
33 0.0489995
34 0.0487365
35 0.0484154
36 0.0485743
37 0.0484286
38 0.0471582
39 0.0469243
40 0.0468148
41 0.0468234
42 0.0468168
43 0.0468469
44 0.0469145
45 0.0470034
46 0.0469874
47 0.0468715
48 0.0467232
49 0.0466977
50 0.0466949
51 0.0466551
52 0.0467537
53 0.046714
54 0.046675
55 0.0458694
56 0.0457693
57 0.0457936
58 0.0455246
59 0.045516
60 0.0455581
61 0.045385
62 0.0453629
63 0.0453225
64 0.0453547
65 0.0453242
66 0.0450293
67 0.045097
68 0.0451179
69 0.0448694
70 0.0448379
71 0.04472
72 0.044714
73 0.044726
74 0.0439947
75 0.044066
76 0.0440984
77 0.0440571
78 0.0440486
79 0.0439403
80 0.0438887
81 0.0439109
82 0.0440068
83 0.0438879
84 0.0438489
85 0.0437893
86 0.0438028
87 0.0437321
88 0.0437584
89 0.0437814
90 0.0438199
91 0.0437789
92 0.0437085
93 0.0437293
94 0.0436452
95 0.0436679
96 0.0436871
97 0.0435124
98 0.0434431
99 0.0434411
100 0.0434249
101 0.0434823
102 0.0434864
103 0.043451
104 0.0434348
105 0.0433913
106 0.0435153
107 0.0435064
108 0.0433546
109 0.0431831
110 0.0432227
111 0.043218
112 0.043241
113 0.0431838
114 0.042725
115 0.0426417
116 0.0425996
117 0.0426605
118 0.0427153
119 0.0425098
120 0.0424457
121 0.0424457
122 0.0424163
123 0.0422652
124 0.0422346
125 0.0423062
126 0.0421862
127 0.0421852
128 0.0421665
129 0.0421603
130 0.0421758
131 0.0420736
132 0.0422041
133 0.0421642
134 0.0421528
135 0.0421505
136 0.0421641
137 0.0421651
138 0.04218
139 0.042205
140 0.0421204
141 0.0421475
142 0.0421492
143 0.04199
144 0.0419458
145 0.0419489
146 0.0419129
147 0.0419109
148 0.0419248
149 0.0419078
150 0.0419157
151 0.0418936
152 0.041864
153 0.0418638
154 0.0417801
155 0.0417902
156 0.0418092
157 0.041799
158 0.041883
159 0.0419113
160 0.0419318
161 0.0419225
162 0.0419037
163 0.0418809
164 0.0417299
165 0.0418019
166 0.0417908
167 0.0417596
168 0.0417947
169 0.0415574
170 0.0415447
171 0.0415307
172 0.0415343
173 0.0415352
174 0.0415526
175 0.041594
176 0.0415903
177 0.0416066
178 0.0416529
179 0.0416326
180 0.0416326
181 0.041642
182 0.0416218
183 0.0416879
184 0.0416735
185 0.0416184
186 0.0416065
187 0.0415951
188 0.0415859
189 0.0415859
190 0.0415806
191 0.0415945
192 0.0415872
193 0.0416323
194 0.0416217
195 0.0414902
196 0.0414949
197 0.0415367
198 0.0415393
199 0.0414658
200 0.0414446
201 0.0414052
202 0.0414423
203 0.0413539
204 0.041062
205 0.0410113
206 0.0410186
207 0.0410186
208 0.041049
209 0.0410589
210 0.0410829
211 0.0410766
212 0.041072
213 0.0410268
214 0.0410374
215 0.0410322
216 0.0410449
217 0.0410071
218 0.041052
219 0.0410496
220 0.0410419
221 0.0410433
222 0.0410834
223 0.0410601
224 0.0410271
225 0.0406093
