0 1
1 1.02763
2 1.04512
3 1.04257
4 1.06186
5 1.06831
6 1.0709
7 1.07329
8 1.07454
9 1.07644
10 1.08383
11 1.08427
12 1.09126
13 1.09118
14 1.09684
15 1.10052
16 1.1035
17 1.1073
18 1.10831
19 1.11161
20 1.11394
21 1.11436
22 1.12266
23 1.12552
24 1.12678
25 1.12712
26 1.12792
27 1.12874
28 1.12859
29 1.12948
30 1.13028
31 1.13163
32 1.13195
33 1.13579
34 1.13671
35 1.13808
36 1.14239
37 1.14415
38 1.14534
39 1.14634
40 1.14793
41 1.14819
42 1.14951
43 1.14957
44 1.1509
45 1.1535
46 1.15406
47 1.15424
48 1.15591
49 1.15735
50 1.15758
51 1.15786
52 1.15947
53 1.15953
54 1.15937
55 1.16141
56 1.16381
57 1.1641
58 1.16776
59 1.16767
60 1.16939
61 1.16825
62 1.16915
63 1.16974
64 1.16962
65 1.1722
66 1.17254
67 1.17352
68 1.1745
69 1.17732
70 1.17792
71 1.17809
72 1.17976
73 1.18035
74 1.18315
75 1.18207
76 1.18203
77 1.18208
78 1.18171
79 1.18386
80 1.18543
81 1.18561
82 1.18808
83 1.18813
84 1.18852
85 1.18928
86 1.18967
87 1.19003
88 1.19171
89 1.19237
90 1.19265
91 1.19228
92 1.19319
93 1.19373
94 1.19622
95 1.19742
96 1.19799
97 1.20366
98 1.20533
99 1.20539
100 1.20549
101 1.20687
102 1.20703
103 1.20576
104 1.20639
105 1.20675
106 1.20638
107 1.20382
108 1.20774
109 1.20827
110 1.20924
111 1.20943
112 1.21032
113 1.21058
114 1.21537
115 1.21666
116 1.21801
117 1.21997
118 1.221
119 1.22053
120 1.2207
121 1.2207
122 1.22129
123 1.2212
124 1.22129
125 1.2232
126 1.22238
127 1.22457
128 1.22504
129 1.22504
130 1.22609
131 1.22698
132 1.2282
133 1.22815
134 1.22789
135 1.22793
136 1.22817
137 1.22798
138 1.22875
139 1.22879
140 1.22989
141 1.2306
142 1.23121
143 1.23137
144 1.23085
145 1.23098
146 1.23151
147 1.23165
148 1.23222
149 1.23188
150 1.23202
151 1.23309
152 1.23327
153 1.23348
154 1.23224
155 1.23343
156 1.23404
157 1.23411
158 1.23581
159 1.23798
160 1.23814
161 1.23885
162 1.23951
163 1.23981
164 1.24015
165 1.24147
166 1.24172
167 1.24376
168 1.2445
169 1.24411
170 1.24588
171 1.24627
172 1.24632
173 1.2465
174 1.24665
175 1.24742
176 1.24762
177 1.24792
178 1.24782
179 1.24857
180 1.24857
181 1.24926
182 1.25068
183 1.25167
184 1.25133
185 1.25259
186 1.25277
187 1.25336
188 1.25321
189 1.25321
190 1.25412
191 1.25577
192 1.25575
193 1.25544
194 1.25528
195 1.25343
196 1.25352
197 1.25471
198 1.25593
199 1.2574
200 1.25835
201 1.2587
202 1.25946
203 1.25934
204 1.26182
205 1.26146
206 1.26147
207 1.26147
208 1.26338
209 1.26432
210 1.26474
211 1.2652
212 1.26604
213 1.26628
214 1.26657
215 1.26652
216 1.26687
217 1.26668
218 1.26759
219 1.26732
220 1.26846
221 1.26858
222 1.26905
223 1.26964
224 1.2692
225 1.27045
