0 4
1 4
2 1
3 4
4 2
5 4
6 1
7 2
8 1
9 4
10 4
11 4
12 4
13 4
14 1
15 4
16 4
17 1
18 4
19 1
20 1
21 4
22 4
23 4
24 4
25 4
26 4
27 4
28 1
29 4
30 4
31 4
32 1
33 4
34 3
35 4
36 4
37 4
38 2
39 4
40 4
41 1
42 4
43 2
44 1
45 4
46 4
47 4
48 4
49 4
50 4
51 4
52 4
53 4
54 4
55 4
56 4
57 4
58 2
59 4
60 4
61 1
62 4
63 4
64 4
65 4
66 4
67 4
68 4
69 4
70 4
71 4
72 4
73 4
74 4
75 4
76 4
77 4
78 2
79 4
80 4
81 4
82 4
83 4
84 4
85 4
86 4
87 4
88 4
89 1
90 4
91 1
92 4
93 1
94 4
95 1
96 4
97 4
98 4
99 4
100 4
101 4
102 4
103 4
104 4
105 4
106 4
107 4
108 4
109 4
110 1
111 1
112 1
113 4
114 2
115 1
116 1
117 2
118 4
119 4
120 2
121 4
122 4
123 4
124 4
125 2
126 4
127 4
128 4
129 2
130 4
131 4
132 4
133 4
134 4
135 4
136 2
137 1
138 1
139 4
140 1
141 4
142 4
143 4
144 1
145 4
146 4
147 1
148 4
149 1
150 4
151 1
152 2
153 4
154 1
155 4
156 4
157 4
158 4
159 4
160 4
161 4
162 1
163 4
164 4
165 4
166 3
167 1
168 2
169 4
170 4
171 4
172 4
173 3
174 1
175 4
176 4
177 4
178 4
179 4
180 4
181 2
182 4
183 4
184 4
185 4
186 4
187 4
188 4
189 4
190 4
191 4
192 4
193 1
194 4
195 2
196 4
197 4
198 3
199 4
200 4
201 1
202 3
203 4
204 4
205 4
206 4
207 4
208 4
209 4
210 4
211 4
212 4
213 4
214 1
215 2
216 1
217 4
218 2
219 1
220 1
221 4
222 4
223 4
224 4
225 4
226 1
227 4
228 4
229 4
230 4
231 4
232 4
233 4
234 4
235 4
236 4
237 4
238 4
239 4
240 4
241 4
242 4
243 1
244 4
245 1
246 2
247 2
248 4
249 4
250 4
251 4
252 4
253 4
254 4
255 4
256 4
257 4
258 4
259 1
260 4
261 4
262 1
263 4
264 1
265 4
266 4
267 4
268 4
269 4
270 4
271 4
272 4
273 2
274 4
275 2
276 4
277 4
278 4
279 1
280 4
281 4
282 4
283 4
284 4
285 4
286 4
287 4
288 4
289 1
290 4
291 4
292 4
293 1
294 4
295 4
296 4
297 4
298 4
299 4
300 4
301 4
302 4
303 4
304 4
305 1
306 2
307 4
308 4
309 4
310 1
311 4
312 1
313 4
314 4
315 4
316 4
317 4
318 4
319 1
320 4
321 4
322 4
323 4
324 4
325 4
326 1
327 1
328 2
329 4
330 4
331 4
332 4
333 1
334 4
335 2
336 4
337 1
338 4
339 4
340 2
341 4
342 4
343 1
344 4
345 4
346 4
347 2
348 3
414 3
428 3
1684 0
1912 2
2814 2
2838 2
2885 2
3003 2
3173 0
3290 2
353 3
363 3
366 3
376 3
389 3
420 3
475 3
483 3
484 3
517 3
526 3
538 3
563 3
566 3
580 3
596 3
601 3
606 3
629 3
637 3
641 3
649 3
651 3
896 3
897 4
898 3
899 4
900 4
901 3
902 3
903 3
904 4
905 3
906 4
907 4
908 4
909 4
910 3
911 4
912 3
913 3
914 3
915 3
916 4
917 3
918 4
919 3
920 4
921 4
922 4
923 4
924 3
925 4
926 4
927 4
928 4
929 4
930 3
931 3
932 4
933 3
934 4
935 3
936 3
937 3
938 3
939 3
940 3
941 3
942 3
943 3
944 3
945 3
946 4
947 4
948 3
949 3
950 4
951 4
952 4
953 4
954 3
955 4
956 4
957 3
958 3
959 4
960 4
961 4
962 3
963 3
964 3
965 3
966 4
967 4
968 3
969 3
970 4
971 3
972 4
973 4
974 3
975 3
976 3
977 3
978 4
979 4
980 4
981 3
982 4
983 4
984 3
985 3
986 3
987 4
988 3
989 3
990 0
991 4
992 3
993 4
994 3
995 4
996 0
997 4
998 4
999 4
1000 3
1001 3
1002 4
1003 4
1004 4
1005 3
1006 4
1007 3
1008 4
1009 3
1010 3
1011 3
1012 3
1013 3
1014 3
1015 3
1016 4
1017 4
1018 3
1019 3
1020 3
1021 3
1022 3
1023 4
1024 4
1025 3
1026 4
1027 4
1028 4
1029 4
1030 4
1031 4
1032 3
1033 4
1034 4
1035 3
1036 3
1037 3
1038 4
1039 4
1040 4
1041 3
1042 3
1043 4
1044 3
1045 4
1046 3
1047 4
1048 4
1049 4
1050 4
1051 3
1052 3
1053 4
1054 4
1055 4
1056 4
1057 4
1058 4
1059 4
1060 3
1061 4
1062 3
1063 4
1064 3
1065 3
1066 3
1067 3
1068 4
1069 4
1070 3
1071 3
1072 3
1073 4
1074 4
1075 4
1076 4
1077 4
1078 4
1079 4
1080 3
1081 3
1082 3
1083 4
1084 4
1085 1
1086 4
1087 4
1088 4
1089 3
1090 3
1091 4
1092 4
1093 3
1094 3
1095 3
1096 4
1097 3
1098 4
1099 3
1100 3
1101 4
1102 3
1103 3
1104 3
1105 4
1106 3
1107 4
1108 3
1109 3
1110 4
1111 4
1112 4
1113 3
1114 3
1115 3
1116 4
1117 4
1118 3
1119 4
1120 3
1121 3
1122 3
1123 4
1124 4
1125 4
1126 4
1127 3
1128 4
1129 3
1130 4
1131 3
1132 4
1133 4
1134 3
1135 4
1136 4
1137 3
1138 4
1139 3
1140 0
1141 3
1142 3
1143 3
1144 4
1145 4
1146 4
1147 3
1148 3
1149 4
1150 4
1151 4
1152 3
1153 4
1154 3
1155 3
1156 4
1157 4
1158 3
1159 3
1160 4
1161 4
1162 3
1163 4
1164 4
1165 4
1166 3
1167 3
1168 3
1169 3
1170 3
1171 4
1172 4
1173 4
1174 4
1175 4
1176 3
1177 4
1178 4
1179 3
1180 4
1181 4
1182 4
1183 3
1184 4
1185 4
1186 3
1187 4
1188 3
1189 3
1190 3
1191 4
1192 3
1193 4
1194 3
1195 4
1196 4
1197 4
1198 4
1199 4
1200 3
1201 4
1202 3
1203 4
1204 3
1205 4
1206 4
1207 4
1208 4
1209 4
1210 3
1211 4
1212 3
1213 3
1214 4
1215 3
1216 3
1217 3
1218 4
1219 4
1220 4
1221 3
1222 4
1223 3
1224 4
1225 3
1226 3
1227 3
1228 3
1229 3
1230 4
1231 3
1232 3
1233 3
1234 3
1235 3
1236 3
1237 3
1238 4
1239 4
1240 4
1241 3
1242 4
1243 4
1244 3
1245 3
1246 3
1247 3
1248 3
1249 3
1250 4
1251 4
1252 4
1253 3
1254 4
1255 4
1256 4
1257 3
1258 3
1259 3
1260 3
1261 3
1262 4
1263 3
1264 3
1265 4
1266 4
1267 4
1268 3
1269 4
1270 4
1271 4
1272 4
1273 3
1274 4
1275 3
1276 4
1277 3
1278 4
1279 3
1280 4
1281 3
1282 3
1283 4
1284 3
1285 4
1286 3
1287 4
1288 4
1289 4
1290 4
1291 4
1292 3
1293 4
1294 3
1295 3
1296 3
1297 4
1298 3
1299 3
1300 3
1301 4
1302 4
1303 3
1304 3
1305 4
1306 3
1307 4
1308 3
1309 3
1310 3
1311 3
1312 4
1313 3
1314 3
1315 3
1316 3
1317 4
1318 3
1319 3
1320 3
1321 4
1322 3
1323 4
1324 3
1325 4
1326 3
1327 4
1328 4
1329 4
1330 4
1331 4
1332 3
1333 3
1334 4
1335 4
1336 4
1337 4
1338 3
1339 4
1340 4
1341 4
1342 3
1343 3
1344 4
1345 3
1346 4
1347 3
1348 3
1349 3
1350 3
1351 4
1352 4
1353 3
1354 3
1355 3
1356 3
1357 3
1358 3
1359 4
1360 4
1361 4
1362 3
1363 3
1364 3
1365 4
1366 3
1367 4
1368 4
1369 4
1370 4
1371 3
1372 3
1373 3
1374 3
1375 4
1376 4
1377 4
1378 3
1379 3
1380 4
1381 3
1382 3
1383 4
1384 4
1385 3
1386 4
1387 4
1388 4
1389 4
1390 4
1391 4
1392 3
1393 4
1394 4
1395 4
1396 3
1397 3
1398 4
1399 4
1400 3
1401 4
1402 4
1403 4
1404 3
1405 4
1406 3
1407 4
1408 3
1409 4
1410 4
1411 4
1412 3
1413 3
1414 3
1415 3
1416 4
1417 3
1418 3
1419 4
1420 4
1421 4
1422 3
1423 3
1424 3
1425 3
1426 3
1427 3
1428 3
1429 3
1430 3
1431 4
1432 3
1433 4
1434 4
1435 3
1436 3
1437 4
1438 3
1439 4
1440 4
1441 4
1442 4
1443 3
1444 3
1445 4
1446 3
1447 4
1448 3
1449 4
1450 0
1451 3
1452 3
1453 3
1454 3
1455 3
1456 4
1457 4
1458 4
1459 3
1460 4
1461 4
1462 3
1463 4
1464 3
1465 2
1466 4
1467 4
1468 3
1469 3
1470 4
1471 4
1472 3
1473 3
1474 3
1475 3
1476 4
1477 4
1478 3
1479 3
1480 4
1481 3
1482 3
1483 4
1484 4
1485 4
1486 4
1487 3
1488 4
1489 3
1490 3
1491 4
1492 3
1493 3
1494 4
1495 3
1496 3
1497 3
1498 4
1499 4
1500 3
1501 4
1502 3
1503 3
1504 3
1505 0
1506 3
1507 3
1508 3
1509 4
1510 3
1511 4
1512 3
1513 4
1514 3
1515 3
1516 4
1517 4
1518 4
1519 4
1520 4
1521 4
1522 4
1523 4
1524 4
1525 3
1526 3
1527 4
1528 4
1529 3
1530 4
1531 3
1532 4
1533 3
1534 0
1535 4
1536 3
1537 4
1538 4
1539 4
1540 4
1541 3
1542 4
1543 3
1544 4
1545 3
1546 4
1547 4
1548 3
1549 3
1550 3
1551 4
1552 0
1553 4
1554 4
1555 4
1556 4
1557 4
1558 4
1559 4
1560 4
1561 4
1562 4
1563 4
1564 4
1565 3
1566 3
1567 4
1568 3
1569 3
1570 4
1571 4
1572 4
1573 3
1574 3
1575 3
1576 3
1577 2
1578 3
1579 4
1580 4
1581 4
1582 3
1583 3
1584 4
1585 4
1586 3
1587 3
1588 4
1589 4
1590 4
1591 3
1592 3
1593 4
1594 4
1595 3
1596 3
1597 4
1598 4
1599 3
1600 4
1601 3
1602 3
1603 4
1604 4
1605 4
1606 3
1607 4
1608 4
1609 4
1610 4
1611 3
1612 4
1613 4
1614 4
1615 4
1616 3
1617 4
1618 4
1619 4
1620 4
1621 4
1622 4
1623 4
1624 3
1625 3
1626 4
1627 4
1628 3
1629 3
1630 3
1631 3
1632 4
1633 3
1634 3
1635 3
1636 3
1637 4
1638 3
1639 4
1640 3
1641 4
1642 0
1643 4
1644 4
1645 3
1646 3
1647 3
1648 3
1649 3
1650 3
1651 4
1652 4
1653 4
1654 3
1655 3
1656 0
1657 3
1658 3
1659 4
1660 3
1661 3
1662 4
1663 4
1664 3
1665 4
1666 0
1667 3
1668 4
1669 4
1670 4
1671 3
1672 3
1673 3
1674 4
1675 4
1676 4
1677 3
1678 4
1679 3
1680 3
1681 3
1682 3
1683 4
1685 4
1686 3
1687 4
1688 4
1689 4
1690 3
1691 3
1692 3
1693 4
1694 3
1695 3
1696 3
1697 4
1698 4
1699 3
1700 4
1701 4
1702 4
1703 3
1704 3
1705 4
1706 3
1707 4
1708 4
1709 3
1710 4
1711 4
1712 4
1713 3
1714 4
1715 3
1716 3
1717 4
1718 2
1719 4
1720 3
1721 4
1722 4
1723 4
1724 4
1725 3
1726 0
1727 3
1728 3
1729 3
1730 4
1731 3
1732 3
1733 3
1734 4
1735 4
1736 4
1737 4
1738 3
1739 3
1740 3
1741 4
1742 3
1743 3
1744 3
1745 3
1746 4
1747 3
1748 3
1749 3
1750 4
1751 3
1752 4
1753 4
1754 4
1755 3
1756 3
1757 4
1758 4
1759 3
1760 3
1761 4
1762 3
1763 3
1764 3
1765 4
1766 3
1767 3
1768 4
1769 4
1770 3
1771 4
1772 4
1773 3
1774 4
1775 4
1776 3
1777 3
1778 3
1779 4
1780 4
1781 3
1782 4
1783 3
1784 3
1785 3
1786 3
1787 3
1788 4
1789 4
1790 3
1791 4
1792 4
1793 4
1794 3
1795 4
1796 4
1797 4
1798 3
1799 4
1800 4
1801 3
1802 3
1803 4
1804 4
1805 4
1806 4
1807 3
1808 3
1809 4
1810 4
1811 4
1812 3
1813 4
1814 3
1815 3
1816 4
1817 4
1818 3
1819 4
1820 3
1821 4
1822 4
1823 4
1824 3
1825 4
1826 4
1827 4
1828 3
1829 3
1830 3
1831 3
1832 4
1833 4
1834 4
1835 4
1836 4
1837 3
1838 4
1839 4
1840 3
1841 3
1842 4
1843 4
1844 3
1845 4
1846 4
1847 4
1848 3
1849 4
1850 3
1851 4
1852 4
1853 3
1854 4
1855 3
1856 4
1857 3
1858 4
1859 3
1860 4
1861 4
1862 3
1863 4
1864 4
1865 4
1866 4
1867 4
1868 4
1869 3
1870 3
1871 3
1872 3
1873 3
1874 4
1875 3
1876 3
1877 4
1878 3
1879 4
1880 3
1881 3
1882 3
1883 4
1884 3
1885 3
1886 4
1887 3
1888 4
1889 4
1890 4
1891 4
1892 3
1893 3
1894 3
1895 3
1896 4
1897 3
1898 4
1899 3
1900 4
1901 3
1902 4
1903 3
1904 3
1905 4
1906 3
1907 3
1908 4
1909 4
1910 3
1911 4
1926 2
1932 2
1939 2
1945 2
1951 2
1955 2
1972 2
1973 2
1976 2
1991 2
1995 2
1998 2
2001 2
2004 2
2007 2
2009 2
2018 2
2024 2
2027 2
2032 2
2038 2
2039 2
2042 2
2054 2
2068 2
2071 2
2072 2
2081 2
2102 2
2111 2
2116 2
2117 2
2127 2
2128 2
2133 2
2135 2
2138 2
2143 2
2153 2
2157 2
2171 2
2174 2
2180 2
2183 2
2187 2
2189 2
2199 2
2203 2
2223 2
2224 2
2225 2
2247 2
2250 2
2254 2
2264 2
2267 2
2268 2
2279 2
2283 2
2284 2
2289 2
2292 2
2302 2
2319 2
2327 2
2336 2
2337 2
2364 2
2378 2
2384 2
2398 2
2417 2
2436 2
2445 2
2447 2
2451 2
2458 2
2459 2
2461 2
2463 2
2471 2
2472 2
2475 2
2491 2
2494 2
2498 2
2502 2
2508 2
2510 2
2511 2
2529 2
2533 2
2538 2
2543 2
2547 2
2571 2
2583 2
2589 2
2598 2
2617 2
2629 2
2635 2
2636 2
2640 2
2643 2
2647 2
2649 2
2653 2
2660 2
2704 0
2740 0
427 3
464 3
549 3
351 3
364 3
393 3
399 3
441 3
476 3
501 3
564 3
349 3
350 3
352 3
354 3
355 3
356 3
357 3
358 3
359 3
360 3
361 3
362 3
365 3
367 3
368 3
369 3
370 3
371 3
372 3
373 3
374 3
375 3
377 3
378 3
379 3
380 3
381 3
382 3
383 3
384 3
385 3
386 3
387 3
388 3
390 3
391 3
392 3
394 3
395 3
396 3
397 3
398 3
400 3
401 3
402 3
403 3
404 3
405 3
406 3
407 3
408 3
409 3
410 3
411 3
412 3
413 3
415 3
416 3
417 3
418 3
419 3
421 3
422 3
423 3
424 3
425 3
426 3
429 3
430 3
431 3
432 3
433 3
434 3
435 3
436 3
437 3
438 3
439 3
440 3
442 3
443 3
444 3
445 3
446 3
447 3
448 3
449 3
450 3
451 3
452 3
453 3
454 3
455 3
456 3
457 3
458 3
459 3
460 3
461 3
462 3
463 3
465 3
466 3
467 3
468 3
469 3
470 3
471 3
472 3
473 3
474 3
477 3
478 3
479 3
480 3
481 3
482 3
485 3
486 3
487 3
488 3
489 3
490 3
491 3
492 3
493 3
494 3
495 3
496 3
497 3
498 3
499 3
500 3
502 3
503 3
504 3
505 3
506 3
507 3
508 3
509 3
510 3
511 3
512 3
513 3
514 3
515 3
516 3
518 3
519 3
520 3
521 3
522 3
523 3
524 3
525 3
527 3
528 3
529 3
530 3
531 3
532 3
533 3
534 3
535 3
536 3
537 3
539 3
540 3
541 3
542 3
543 3
544 3
545 3
546 3
547 3
548 3
550 3
551 3
552 3
553 3
554 3
555 3
556 3
557 3
558 3
559 3
560 3
561 3
562 3
565 3
567 3
568 3
569 3
570 3
571 3
572 3
591 3
656 3
669 3
604 3
645 3
646 3
666 3
683 3
587 3
590 3
614 3
634 3
680 3
586 3
610 3
652 3
673 3
676 3
620 3
574 3
630 3
678 3
593 3
609 3
573 3
575 3
576 3
577 3
578 3
579 3
581 3
582 3
583 3
584 3
585 3
588 3
589 3
592 3
594 3
595 3
597 3
598 3
599 3
600 3
602 3
603 3
605 3
607 3
608 3
611 3
612 3
613 3
615 3
616 3
617 3
618 3
619 3
621 3
622 3
623 3
624 3
625 3
626 3
627 3
628 3
631 3
632 3
633 3
635 3
636 3
638 3
639 3
640 3
642 3
643 3
644 3
647 3
648 3
650 3
653 3
654 3
655 3
657 3
658 3
659 3
660 3
661 3
662 3
663 3
664 3
665 3
667 3
668 3
670 3
671 3
672 3
674 3
675 3
677 3
679 3
681 3
682 3
684 3
685 3
1967 2
3437 1
3454 1
3487 1
3723 1
3861 1
3961 1
3980 4
3989 4
4011 4
4031 4
686 1
687 1
688 1
689 1
690 1
691 1
692 1
693 1
694 1
695 1
696 1
697 1
698 1
699 1
700 1
701 1
702 1
703 1
704 1
705 1
706 1
707 1
708 1
709 1
710 1
711 1
712 1
713 1
714 1
715 1
716 1
717 1
718 1
719 1
720 1
721 1
722 1
723 1
724 1
725 1
726 1
727 1
728 1
729 1
730 1
731 1
732 1
733 1
734 1
735 1
736 1
737 1
738 1
739 1
740 1
741 1
742 1
743 1
744 1
745 1
746 1
747 1
748 1
749 1
750 1
751 1
752 1
753 1
754 1
755 1
756 1
757 1
758 1
759 1
760 1
761 1
762 1
763 1
764 1
765 1
766 1
767 1
768 1
769 1
770 1
771 1
772 1
773 1
774 1
775 1
776 1
777 1
778 1
779 1
780 1
781 1
782 1
783 1
784 1
785 1
786 1
787 1
788 1
789 1
790 1
791 1
792 1
793 1
794 1
795 1
796 1
797 1
798 1
799 1
800 1
801 1
802 1
803 1
804 1
805 1
806 1
807 1
808 1
809 1
810 1
811 1
812 1
813 1
814 1
815 1
816 1
817 1
818 1
819 1
820 1
821 1
822 1
823 1
824 1
825 1
826 1
827 1
828 1
829 1
830 1
831 1
832 1
833 1
834 1
835 1
836 1
837 1
838 1
839 1
840 1
841 1
842 1
843 1
844 1
845 1
846 1
847 1
848 1
849 1
850 1
851 1
852 1
853 1
854 1
855 1
856 1
890 1
857 1
858 1
859 1
860 0
861 1
862 1
863 1
864 1
865 1
866 1
867 1
868 1
869 1
870 1
871 1
872 1
873 1
874 1
875 1
876 1
877 1
878 1
879 1
880 1
881 1
882 1
883 1
884 1
885 1
886 1
887 1
888 1
889 1
891 1
892 1
893 1
894 1
895 1
3456 1
3495 1
3586 1
3621 1
3626 1
3797 1
3501 1
3517 1
3550 1
3577 1
3592 1
3609 1
3633 1
3677 1
3684 1
3721 1
3779 1
3872 1
3948 1
2678 0
2760 0
2822 0
2883 0
2941 0
2968 0
3005 0
3057 0
3136 0
3164 0
3222 0
3245 0
3248 0
3263 0
3278 0
3328 0
3361 0
3440 1
3525 1
3540 1
3556 1
3561 1
3651 1
3674 1
3692 1
3741 1
3750 1
3756 1
3830 1
3851 1
3877 1
3886 1
3943 1
3962 1
2677 0
2826 0
2724 0
2752 0
2775 0
2869 0
2892 0
2962 0
3001 0
3019 0
3100 0
3162 0
3168 0
3233 0
3295 0
3304 0
3331 0
3366 0
3404 0
3406 0
3412 0
2813 0
2971 0
3034 0
3178 0
3410 0
3420 0
2976 0
3011 0
3179 0
3289 0
1920 2
1941 2
1948 2
1959 2
2028 2
2047 2
2053 2
2065 2
2087 2
2125 2
2132 2
2134 2
2148 2
2149 2
2169 2
2191 2
2194 2
2196 2
2198 2
2239 2
2266 2
2282 2
2285 2
2293 2
2315 2
2328 2
2332 2
2333 2
2338 2
2347 2
2351 2
2368 2
2372 2
2385 2
2399 2
2420 2
2496 2
2501 2
2509 2
2512 2
2516 2
2530 2
2542 2
2555 2
2567 2
2592 2
2597 2
2608 2
2642 2
2725 0
2734 0
2764 0
2964 0
3020 0
3062 0
3079 0
3165 0
3205 0
3258 0
3386 0
3409 0
2693 0
2979 0
3101 0
3265 0
3385 0
1913 2
1916 2
1940 2
1947 2
1954 2
1994 2
2002 2
2010 2
2026 2
2052 2
2062 2
2101 2
2137 2
2144 2
2151 2
2163 2
2176 2
2215 2
2241 2
2246 2
2273 2
2294 2
2295 2
2298 2
2343 2
2344 2
2355 2
2377 2
2389 2
2394 2
2413 2
2419 2
2465 2
2468 2
2519 2
2544 2
2582 2
2588 2
2594 2
2605 2
2609 2
2616 2
2903 0
2938 0
2999 0
3201 0
3319 0
3355 0
3097 0
2707 0
3111 0
3186 0
2661 0
2662 0
2663 0
2664 0
2665 0
2666 0
2667 0
2668 0
2669 0
2670 0
2671 0
2672 0
2673 0
2674 0
2675 0
2676 0
2679 0
2680 0
2681 0
2682 0
2683 0
2684 0
2685 0
2686 0
2687 0
2688 0
2689 0
2690 0
2691 0
2692 0
2694 0
2695 0
2696 0
2697 0
2698 0
2699 0
2700 0
2701 0
2702 0
2703 0
2705 0
2706 0
2708 0
2709 0
2710 0
2711 0
2712 0
2713 0
2714 0
2715 0
2716 0
2717 0
2718 0
2719 0
2720 0
2721 0
2722 0
2723 0
2726 0
2727 0
2728 0
2729 0
2730 0
2731 0
2732 0
2733 0
2735 0
2736 0
2737 0
2738 0
2739 0
2741 0
2742 0
2743 0
2744 0
2745 0
2746 0
2747 0
2748 0
2749 0
2750 0
2751 0
2753 0
2754 0
2755 0
2756 0
2757 0
2758 0
2759 0
2761 0
2762 0
2763 0
2765 0
2766 0
2767 0
2768 0
2769 0
2770 0
2771 0
2772 0
2773 0
2774 0
2776 0
2777 0
2778 0
2779 0
2780 0
2781 0
2782 0
2783 0
2784 0
2785 0
2786 0
2787 0
2788 0
2789 0
2790 0
2791 0
2792 0
2793 0
2794 0
2795 0
2796 0
2797 0
2798 0
2799 0
2800 0
2801 0
2802 0
2803 0
2804 0
2805 0
2806 0
2807 0
2808 0
2809 0
2810 0
2811 0
2812 0
2815 0
2816 0
2817 0
2818 0
2819 0
2820 0
2821 0
2823 0
2824 0
2825 0
2827 0
2828 0
2829 0
2830 0
2831 0
2832 0
2833 0
2834 0
2835 0
2836 0
2837 0
2839 0
2840 0
2841 0
2842 0
2843 0
2844 0
2845 0
2846 0
2847 0
2848 0
2849 0
2850 0
2851 0
2852 0
2853 0
2854 0
2855 0
2856 0
2857 0
2858 0
2859 0
2860 0
2861 0
2862 0
2863 0
2864 0
2865 0
2866 0
2867 0
2868 0
2870 0
2871 0
2872 0
2873 0
2874 0
2875 0
2876 0
2877 0
2878 0
2879 0
2880 0
2881 0
2882 0
2884 0
2886 0
2887 0
2888 0
2889 0
2890 0
2891 0
2893 0
2894 0
2895 0
2896 0
2897 0
2898 0
2899 0
2900 0
2901 0
2902 0
2904 0
2905 0
2906 0
2907 0
2908 0
2909 0
2910 0
2911 0
2912 0
2913 0
2914 0
2915 0
2916 0
2917 0
2918 0
2919 0
2920 0
2921 0
2922 0
2923 0
2924 0
2925 0
2926 0
2927 0
2928 0
2929 0
2930 0
2931 0
2932 0
2933 0
2934 0
2935 0
2936 0
2937 0
2939 0
2940 0
2942 0
2943 0
2944 0
2945 0
2946 0
2947 0
2948 0
2949 0
2950 0
2951 0
2952 0
2953 0
2954 0
2955 0
2956 0
2957 0
2958 0
2959 0
2960 0
2961 0
2963 0
2965 0
2966 0
2967 0
2969 0
2970 0
2972 0
2973 0
2974 0
2975 0
2977 0
2978 0
2980 0
2981 0
2982 0
2983 0
2984 0
2985 0
2986 0
2987 0
2988 0
2989 0
2990 0
2991 0
2992 0
2993 0
2994 0
2995 0
2996 0
2997 0
2998 0
3000 0
3002 0
3004 0
3006 0
3007 0
3008 0
3009 0
3010 0
3012 0
3013 0
3014 0
3015 0
3016 0
3017 0
3018 0
3021 0
3022 0
3023 0
3024 0
3025 0
3026 0
3027 0
3028 0
3029 0
3030 0
3031 0
3032 0
3033 0
3035 0
3036 0
3037 0
3038 0
3039 0
3040 0
3041 0
3042 0
3043 0
3044 0
3045 0
3046 0
3047 0
3048 0
3049 0
3050 0
3051 0
3052 0
3053 0
3054 0
3055 0
3056 0
3058 0
3059 0
3060 0
3061 0
3063 0
3064 0
3065 0
3066 0
3067 0
3068 0
3069 0
3070 0
3071 0
3072 0
3073 0
3074 0
3075 0
3076 0
3077 0
3078 0
3080 0
3081 0
3082 0
3083 0
3084 0
3085 0
3086 0
3087 0
3088 0
3089 0
3090 0
3091 0
3092 0
3093 0
3094 0
3095 0
3096 0
3098 0
3099 0
3102 0
3103 0
3104 0
3105 0
3106 0
3107 0
3108 0
3109 0
3110 0
3112 0
3113 0
3114 0
3115 0
3116 0
3117 0
3118 0
3119 0
3120 0
3121 0
3122 0
3123 0
3124 0
3125 0
3126 0
3127 0
3128 0
3129 0
3130 0
3131 0
3132 0
3133 0
3134 0
3135 0
3137 0
3138 0
3139 0
3140 0
3141 0
3142 0
3143 0
3144 0
3145 0
3146 0
3147 0
3148 0
3149 0
3150 0
3151 0
3152 0
3153 0
3154 0
3155 0
3156 0
3157 0
3158 0
3159 0
3160 0
3161 0
3163 0
3166 0
3167 0
3169 0
3170 0
3171 0
3172 0
3174 0
3175 0
3176 0
3177 0
3180 0
3181 0
3182 0
3183 0
3184 0
3185 0
3187 0
3188 0
3189 0
3190 0
3191 0
3192 0
3193 0
3194 0
3195 0
3196 0
3197 0
3198 0
3199 0
3200 0
3202 0
3203 0
3204 0
3206 0
3207 0
3208 0
3209 0
3210 0
3211 0
3212 0
3213 0
3214 0
3215 0
3216 0
3217 0
3218 0
3219 0
3220 0
3221 0
3223 0
3224 0
3225 0
3226 0
3227 0
3228 0
3229 0
3230 0
3231 0
3232 0
3234 0
3235 0
3236 0
3237 0
3238 0
3239 0
3240 0
3241 0
3242 0
3243 0
3244 0
3246 0
3247 0
3249 0
3250 0
3251 0
3252 0
3253 0
3254 0
3255 0
3256 0
3257 0
3259 0
3260 0
3261 0
3262 0
3264 0
3266 0
3267 0
3268 0
3269 0
3270 0
3271 0
3272 0
3273 0
3274 0
3275 0
3276 0
3277 0
3279 0
3280 0
3281 0
3282 0
3283 0
3284 0
3285 0
3286 0
3287 0
3288 0
3291 0
3292 0
3293 0
3294 0
3296 0
3297 0
3298 0
3299 0
3300 0
3301 0
3302 0
3303 0
3305 0
3306 0
3307 0
3308 0
3309 0
3310 0
3311 0
3312 0
3313 0
3314 0
3315 0
3316 0
3317 0
3318 0
3320 0
3321 0
3322 0
3323 0
3324 0
3325 0
3326 0
3327 0
3329 0
3330 0
3332 0
3333 0
3334 0
3335 0
3336 0
3337 0
3338 0
3339 0
3340 0
3341 0
3342 0
3343 0
3344 0
3345 0
3346 0
3347 0
3348 0
3349 0
3350 0
3351 0
3352 0
3353 0
3354 0
3356 0
3357 0
3358 0
3359 0
3360 0
3362 0
3363 0
3364 0
3365 0
3367 0
3368 0
3369 0
3370 0
3371 0
3372 0
3373 0
3374 0
3375 0
3376 0
3377 0
3378 0
3379 0
3380 0
3381 0
3382 0
3383 0
3384 0
3387 0
3388 0
3389 0
3390 0
3391 0
3392 0
3393 0
3394 0
3395 0
3396 0
3397 0
3398 0
3399 0
3400 0
3401 0
3402 0
3403 0
3405 0
3407 0
3408 0
3411 0
3413 0
3414 0
3415 0
3416 0
3417 0
3418 0
3419 0
3421 0
3422 0
3423 0
3424 0
3425 0
3426 0
3427 0
3428 0
3429 0
3430 0
3431 0
3432 0
3433 0
3434 0
3435 0
3436 0
2003 2
2031 2
2155 2
2185 2
2325 2
2330 2
1914 2
1915 2
1917 2
1918 2
1919 2
1921 2
1922 2
1923 2
1924 2
1925 2
1927 2
1928 2
1929 2
1930 2
1931 2
1933 2
1934 2
1935 2
1936 2
1937 2
1938 2
1942 2
1943 2
1944 2
1946 2
1949 2
1950 2
1952 2
1953 2
1956 2
1957 2
1958 2
1960 2
1961 2
1962 2
1963 2
1964 2
1965 2
1966 2
1968 2
1969 2
1970 2
1971 2
1974 2
1975 2
1977 2
1978 2
1979 2
1980 2
1981 2
1982 2
1983 2
1984 2
1985 2
1986 2
1987 2
1988 2
1989 2
1990 2
1992 2
1993 2
1996 2
1997 2
1999 2
2000 2
2005 2
2006 2
2008 2
2011 2
2012 2
2013 2
2014 2
2015 2
2016 2
2017 2
2019 2
2020 2
2021 2
2022 2
2023 2
2025 2
2029 2
2030 2
2033 2
2034 2
2035 2
2036 2
2037 2
2040 2
2041 2
2043 2
2044 2
2045 2
2046 2
2048 2
2049 2
2050 2
2051 2
2055 2
2056 2
2057 2
2058 2
2059 2
2060 2
2061 2
2063 2
2064 2
2066 2
2067 2
2069 2
2070 2
2073 2
2074 2
2075 2
2076 2
2077 2
2078 2
2079 2
2080 2
2082 2
2083 2
2084 2
2085 2
2086 2
2088 2
2089 2
2090 2
2091 2
2092 2
2093 2
2094 2
2095 2
2096 2
2097 2
2098 2
2099 2
2100 2
2103 2
2104 2
2105 2
2106 2
2107 2
2108 2
2109 2
2110 2
2112 2
2113 2
2114 2
2115 2
2118 2
2119 2
2120 2
2121 2
2122 2
2123 2
2124 2
2126 2
2129 2
2130 2
2131 2
2136 2
2139 2
2140 2
2141 2
2142 2
2145 2
2146 2
2147 2
2150 2
2152 2
2154 2
2156 2
2158 2
2159 2
2160 2
2161 2
2162 2
2164 2
2165 2
2166 2
2167 2
2168 2
2170 2
2172 2
2173 2
2175 2
2177 2
2178 2
2179 2
2181 2
2182 2
2184 2
2186 2
2188 2
2190 2
2192 2
2193 2
2195 2
2197 2
2200 2
2201 2
2202 2
2204 2
2205 2
2206 2
2207 2
2208 2
2209 2
2210 2
2211 2
2212 2
2213 2
2214 2
2216 2
2217 2
2218 2
2219 2
2220 2
2221 2
2222 2
2226 2
2227 2
2228 2
2229 2
2230 2
2231 2
2232 2
2233 2
2234 2
2235 2
2236 2
2237 2
2238 2
2240 2
2242 2
2243 2
2244 2
2245 2
2248 2
2249 2
2251 2
2252 2
2253 2
2255 2
2256 2
2257 2
2258 2
2259 2
2260 2
2261 2
2262 2
2263 2
2265 2
2269 2
2270 2
2271 2
2272 2
2274 2
2275 2
2276 2
2277 2
2278 2
2280 2
2281 2
2286 2
2287 2
2288 2
2290 2
2291 2
2296 2
2297 2
2299 2
2300 2
2301 2
2303 2
2304 2
2305 2
2306 2
2307 2
2308 2
2309 2
2310 2
2311 2
2312 2
2313 2
2314 2
2316 2
2317 2
2318 2
2320 2
2321 2
2322 2
2323 2
2324 2
2326 2
2329 2
2331 2
2334 2
2335 2
2339 2
2340 2
2341 2
2342 2
2345 2
2346 2
2348 2
2349 2
2350 2
2352 2
2353 2
2354 2
2356 2
2357 2
2358 2
2359 2
2360 2
2361 2
2362 2
2363 2
2365 2
2366 2
2367 2
2369 2
2370 2
2371 2
2373 2
2374 2
2375 2
2376 2
2379 2
2380 2
2381 2
2382 2
2383 2
2386 2
2387 2
2388 2
2390 2
2391 2
2392 2
2393 2
2395 2
2396 2
2397 2
2400 2
2401 2
2402 2
2403 2
2404 2
2405 2
2406 2
2407 2
2408 2
2409 2
2410 2
2411 2
2412 2
2414 2
2415 2
2416 2
2418 2
2421 2
2422 2
2423 2
2424 2
2425 2
2426 2
2427 2
2428 2
2429 2
2430 2
2431 2
2432 2
2433 2
2434 2
2435 2
2437 2
2438 2
2439 2
2440 2
2441 2
2442 2
2443 2
2444 2
2446 2
2448 2
2449 2
2450 2
2452 2
2453 2
2454 2
2455 2
2456 2
2457 2
2460 2
2462 2
2464 2
2466 2
2467 2
2469 2
2470 2
2473 2
2474 2
2476 2
2477 2
2478 2
2479 2
2480 2
2481 2
2482 2
2483 2
2484 2
2485 2
2486 2
2487 2
2488 2
2489 2
2490 2
2492 2
2493 2
2495 2
2497 2
2499 2
2500 2
2503 2
2504 2
2505 2
2506 2
2507 2
2513 2
2514 2
2515 2
2517 2
2518 2
2520 2
2521 2
2522 2
2523 2
2524 2
2525 2
2526 2
2527 2
2528 2
2531 2
2532 2
2534 2
2535 2
2536 2
2537 2
2539 2
2540 2
2541 2
2545 2
2546 2
2548 2
2549 2
2550 2
2551 2
2552 2
2553 2
2554 2
2556 2
2557 2
2558 2
2559 2
2560 2
2561 2
2562 2
2563 2
2564 2
2565 2
2566 2
2568 2
2569 2
2570 2
2572 2
2573 2
2574 2
2575 2
2576 2
2577 2
2578 2
2579 2
2580 2
2581 2
2584 2
2585 2
2586 2
2587 2
2590 2
2591 2
2593 2
2595 2
2596 2
2599 2
2600 2
2601 2
2602 2
2603 2
2604 2
2606 2
2607 2
2610 2
2611 2
2612 2
2613 2
2614 2
2615 2
2618 2
2619 2
2620 2
2621 2
2622 2
2623 2
2624 2
2625 2
2626 2
2627 2
2628 2
2630 2
2631 2
2632 2
2633 2
2634 2
2637 2
2638 2
2639 2
2641 2
2644 2
2645 2
2646 2
2648 2
2650 2
2651 2
2652 2
2654 2
2655 2
2656 2
2657 2
2658 2
2659 2
3438 1
3439 1
3441 1
3442 1
3443 1
3444 1
3445 1
3446 1
3447 1
3448 1
3449 1
3450 1
3451 1
3452 1
3453 1
3455 1
3457 1
3458 1
3459 1
3460 1
3461 1
3462 1
3463 1
3464 1
3465 1
3466 1
3467 1
3468 1
3469 1
3470 1
3471 1
3472 1
3473 1
3474 1
3475 1
3476 1
3477 1
3478 1
3479 1
3480 1
3481 1
3482 1
3483 1
3484 1
3485 1
3486 1
3488 1
3489 1
3490 1
3491 1
3492 1
3493 1
3494 1
3496 1
3497 1
3498 1
3499 1
3500 1
3502 1
3503 1
3504 1
3505 1
3506 1
3507 1
3508 1
3509 1
3510 1
3511 1
3512 1
3513 1
3514 1
3515 1
3516 1
3518 1
3519 1
3520 1
3521 1
3522 1
3523 1
3524 1
3526 1
3527 1
3528 1
3529 1
3530 1
3531 1
3532 1
3533 1
3534 1
3535 1
3536 1
3537 1
3538 1
3539 1
3541 1
3542 1
3543 1
3544 1
3545 1
3546 1
3547 1
3548 1
3549 1
3551 1
3552 1
3553 1
3554 1
3555 1
3557 1
3558 1
3559 1
3560 1
3562 1
3563 1
3564 1
3565 1
3566 1
3567 1
3568 1
3569 1
3570 1
3571 1
3572 1
3573 1
3574 1
3575 1
3576 1
3578 1
3579 1
3580 1
3581 1
3582 1
3583 1
3584 1
3585 1
3587 1
3588 1
3589 1
3590 1
3591 1
3593 1
3594 1
3595 1
3596 1
3597 1
3598 1
3599 1
3600 1
3601 1
3602 1
3603 1
3604 1
3605 1
3606 1
3607 1
3608 1
3610 1
3611 1
3612 1
3613 1
3614 1
3615 1
3616 1
3617 1
3618 1
3619 1
3620 1
3622 1
3623 1
3624 1
3625 1
3627 1
3628 1
3629 1
3630 1
3631 1
3632 1
3634 1
3635 1
3636 1
3637 1
3638 1
3639 1
3640 1
3641 1
3642 1
3643 1
3644 1
3645 1
3646 1
3647 1
3648 1
3649 1
3650 1
3652 1
3653 1
3654 1
3655 1
3656 1
3657 1
3658 1
3659 1
3660 1
3661 1
3662 1
3663 1
3664 1
3665 1
3666 1
3667 1
3668 1
3669 1
3670 1
3671 1
3672 1
3673 1
3675 1
3676 1
3678 1
3679 1
3680 1
3681 1
3682 1
3683 1
3685 1
3686 1
3687 1
3688 1
3689 1
3690 1
3691 1
3693 1
3694 1
3695 1
3696 1
3697 1
3698 1
3699 1
3700 1
3701 1
3702 1
3703 1
3704 1
3705 1
3706 1
3707 1
3708 1
3709 1
3710 1
3711 1
3712 1
3713 1
3714 1
3715 1
3716 1
3717 1
3718 1
3719 1
3720 1
3722 1
3724 1
3725 1
3726 1
3727 1
3728 1
3729 1
3730 1
3731 1
3732 1
3733 1
3734 1
3735 1
3736 1
3737 1
3738 1
3739 1
3740 1
3742 1
3743 1
3744 1
3745 1
3746 1
3747 1
3748 1
3749 1
3751 1
3752 1
3753 1
3754 1
3755 1
3757 1
3758 1
3759 1
3760 1
3761 1
3762 1
3763 1
3764 1
3765 1
3766 1
3767 1
3768 1
3769 1
3770 1
3771 1
3772 1
3773 1
3774 1
3775 1
3776 1
3777 1
3778 1
3780 1
3781 1
3782 1
3783 1
3784 1
3785 1
3786 1
3787 1
3788 1
3789 1
3790 1
3791 1
3792 1
3793 1
3794 1
3795 1
3796 1
3798 1
3799 1
3800 1
3801 1
3802 1
3803 1
3804 1
3805 1
3806 1
3807 1
3808 1
3809 1
3810 1
3811 1
3812 1
3813 1
3814 1
3815 1
3816 1
3817 1
3818 1
3819 1
3820 1
3821 1
3822 1
3823 1
3824 1
3825 1
3826 1
3827 1
3828 1
3829 1
3831 1
3832 1
3833 1
3834 1
3835 1
3836 1
3837 1
3838 1
3839 1
3840 1
3841 1
3842 1
3843 1
3844 1
3845 1
3846 1
3847 1
3848 1
3849 1
3850 1
3852 1
3853 1
3854 1
3855 1
3856 1
3857 1
3858 1
3859 1
3860 1
3862 1
3863 1
3864 1
3865 1
3866 1
3867 1
3868 1
3869 1
3870 1
3871 1
3873 1
3874 1
3875 1
3876 1
3878 1
3879 1
3880 1
3881 1
3882 1
3883 1
3884 1
3885 1
3887 1
3888 1
3889 1
3890 1
3891 1
3892 1
3893 1
3894 1
3895 1
3896 1
3897 1
3898 1
3899 1
3900 1
3901 1
3902 1
3903 1
3904 1
3905 1
3906 1
3907 1
3908 1
3909 1
3910 1
3911 1
3912 1
3913 1
3914 1
3915 1
3916 1
3917 1
3918 1
3919 1
3920 1
3921 1
3922 1
3923 1
3924 1
3925 1
3926 1
3927 1
3928 1
3929 1
3930 1
3931 1
3932 1
3933 1
3934 1
3935 1
3936 1
3937 1
3938 1
3939 1
3940 1
3941 1
3942 1
3944 1
3945 1
3946 1
3947 1
3949 1
3950 1
3951 1
3952 1
3953 1
3954 1
3955 1
3956 1
3957 1
3958 1
3959 1
3960 1
3963 1
3964 1
3965 1
3966 1
3967 1
3968 1
3969 1
3970 1
3971 1
3972 1
3973 1
3974 1
3975 1
3976 1
3977 1
3978 1
3979 1
3981 4
3982 4
3983 4
3984 4
3985 4
3986 4
3987 4
3988 4
3990 4
3991 4
3992 4
3993 4
3994 4
3995 4
3996 4
3997 4
3998 4
3999 4
4000 4
4001 4
4002 4
4003 4
4004 4
4005 4
4006 4
4007 4
4008 4
4009 4
4010 4
4012 4
4013 4
4014 4
4015 4
4016 4
4017 4
4018 4
4019 4
4020 4
4021 4
4022 4
4023 4
4024 4
4025 4
4026 4
4027 4
4028 4
4029 4
4030 4
4032 4
4033 4
4034 4
4035 4
4036 4
4037 4
4038 4
