trial 1 : [3648, 1335, 2613, 2279, 2816]
trial 2 : [2782, 3903, 1752, 1560, 931]
trial 3 : [262, 3639, 998, 3853, 3480]
trial 4 : [430, 2996, 3783, 2599, 263]
trial 5 : [1736, 2137, 2579, 1277, 3631]
trial 6 : [1973, 2027, 1687, 1214, 2013]
trial 7 : [1401, 208, 860, 656, 79]
trial 8 : [2301, 1605, 2315, 2909, 3983]
trial 9 : [871, 785, 3664, 2648, 476]
trial 10 : [2368, 3250, 439, 1393, 2864]
trial 11 : [553, 566, 2798, 980, 2044]
trial 12 : [184, 14, 3249, 3483, 3640]
trial 13 : [4014, 2435, 2822, 3484, 3958]
trial 14 : [397, 1663, 831, 1733, 3419]
trial 15 : [939, 888, 1328, 430, 901]
trial 16 : [3135, 2879, 2883, 956, 1297]
trial 17 : [2381, 2733, 2880, 1948, 1374]
trial 18 : [675, 2669, 2623, 1515, 3753]
trial 19 : [2003, 811, 632, 391, 143]
trial 20 : [3997, 2446, 1822, 2771, 2002]
trial 21 : [795, 1775, 3154, 2608, 3834]
trial 22 : [623, 3212, 1989, 918, 2661]
trial 23 : [2527, 371, 2487, 1904, 492]
trial 24 : [3953, 1668, 945, 2590, 2257]
trial 25 : [3469, 155, 1557, 3387, 2711]
trial 26 : [2015, 3883, 2287, 472, 3824]
trial 27 : [965, 1473, 1935, 2985, 3775]
trial 28 : [2785, 954, 639, 2443, 3306]
trial 29 : [1067, 1120, 133, 546, 2587]
trial 30 : [2932, 2169, 1693, 180, 137]
trial 31 : [963, 1282, 2710, 1684, 3505]
trial 32 : [2096, 320, 1866, 1509, 525]
trial 33 : [1046, 1625, 92, 192, 2878]
trial 34 : [2793, 2908, 3175, 2866, 2511]
trial 35 : [3076, 2593, 1405, 195, 2830]
trial 36 : [630, 1978, 2805, 2231, 2070]
trial 37 : [329, 2001, 3058, 1657, 894]
trial 38 : [2062, 2673, 1446, 2755, 3792]
trial 39 : [2338, 2637, 3519, 2448, 3162]
trial 40 : [2253, 3736, 3503, 3645, 2510]
trial 41 : [3667, 404, 367, 2379, 3127]
trial 42 : [3794, 2364, 3527, 507, 3056]
trial 43 : [11, 1486, 2015, 1507, 2292]
trial 44 : [3410, 1789, 2077, 2665, 1615]
trial 45 : [1223, 284, 522, 3997, 15]
trial 46 : [3213, 1043, 3261, 2932, 3882]
trial 47 : [169, 1534, 664, 3939, 3057]
trial 48 : [2566, 2427, 2095, 1422, 1817]
trial 49 : [13, 620, 2951, 2221, 924]
trial 50 : [78, 2197, 2257, 2119, 1677]
trial 51 : [2045, 332, 1365, 3899, 770]
trial 52 : [3173, 1846, 654, 2975, 1072]
trial 53 : [1773, 1913, 2835, 563, 2833]
trial 54 : [1193, 1140, 1455, 979, 3893]
trial 55 : [3338, 663, 2550, 1723, 1174]
trial 56 : [113, 4008, 1378, 783, 3856]
trial 57 : [3192, 2853, 2325, 3560, 1757]
trial 58 : [3254, 2115, 4015, 2991, 698]
trial 59 : [3507, 1255, 1293, 1834, 3445]
trial 60 : [1752, 926, 910, 2088, 600]
trial 61 : [1120, 1028, 3812, 2961, 781]
trial 62 : [2877, 2203, 2657, 3413, 5]
trial 63 : [709, 4016, 468, 3935, 491]
trial 64 : [816, 3837, 1441, 2343, 1012]
trial 65 : [120, 756, 2281, 26, 1191]
trial 66 : [212, 2582, 1574, 2324, 2272]
trial 67 : [1430, 1059, 807, 1053, 2859]
trial 68 : [870, 2450, 853, 2191, 3145]
trial 69 : [1203, 2205, 1979, 2369, 634]
trial 70 : [3922, 1447, 1471, 2378, 1835]
trial 71 : [2701, 176, 2910, 1725, 2787]
trial 72 : [420, 3526, 2723, 3173, 2611]
trial 73 : [2915, 2203, 1088, 3278, 908]
trial 74 : [931, 1865, 431, 1870, 1222]
trial 75 : [1984, 1197, 3952, 2021, 2774]
trial 76 : [1221, 1620, 94, 1807, 2170]
trial 77 : [388, 1415, 378, 2274, 1010]
trial 78 : [2914, 351, 122, 2908, 3231]
trial 79 : [226, 51, 402, 2507, 1453]
trial 80 : [773, 305, 802, 1221, 1842]
trial 81 : [1431, 480, 1052, 104, 238]
trial 82 : [1885, 2095, 3358, 3907, 2410]
trial 83 : [2844, 248, 3014, 536, 87]
trial 84 : [2983, 707, 2842, 3838, 611]
trial 85 : [2413, 1657, 36, 3471, 3203]
trial 86 : [1236, 1459, 208, 3692, 343]
trial 87 : [1585, 3453, 2294, 3222, 3597]
trial 88 : [2439, 3149, 1687, 2313, 8]
trial 89 : [870, 1201, 2228, 1299, 1431]
trial 90 : [3932, 2429, 3977, 3044, 3036]
trial 91 : [1283, 2893, 983, 847, 727]
trial 92 : [1353, 1199, 251, 181, 2562]
trial 93 : [2144, 2924, 646, 2958, 24]
trial 94 : [768, 443, 605, 1067, 1809]
trial 95 : [416, 3429, 2928, 2109, 3075]
trial 96 : [1635, 2454, 3316, 947, 3741]
trial 97 : [262, 3134, 1376, 3841, 728]
trial 98 : [2869, 2230, 1611, 3283, 2909]
trial 99 : [2980, 2420, 1023, 988, 3519]
trial 100 : [471, 3013, 3663, 3684, 2727]
trial 101 : [1763, 1154, 3709, 124, 601]
trial 102 : [3795, 3583, 3674, 3088, 1252]
trial 103 : [1361, 1856, 3764, 1600, 651]
trial 104 : [557, 2301, 3233, 1351, 3047]
trial 105 : [2306, 628, 190, 1004, 3296]
trial 106 : [237, 686, 3119, 1278, 232]
trial 107 : [967, 2293, 857, 335, 1780]
trial 108 : [3646, 796, 857, 3051, 1529]
trial 109 : [3010, 2156, 648, 1937, 1461]
trial 110 : [3986, 1364, 3248, 3706, 1862]
trial 111 : [1229, 722, 725, 2106, 1253]
trial 112 : [3369, 3681, 3587, 2522, 1132]
trial 113 : [1790, 1606, 2256, 3806, 901]
trial 114 : [2188, 2148, 1077, 3415, 353]
trial 115 : [282, 500, 1324, 2524, 2873]
trial 116 : [3105, 2161, 231, 2741, 3863]
trial 117 : [3501, 3724, 4033, 2748, 2967]
trial 118 : [3661, 1454, 1385, 477, 2207]
trial 119 : [2994, 1660, 1260, 1800, 2251]
trial 120 : [1539, 3077, 3566, 1845, 2497]
trial 121 : [2480, 1585, 1900, 1357, 2393]
trial 122 : [3409, 580, 888, 585, 2536]
trial 123 : [2638, 3780, 3445, 160, 2594]
trial 124 : [3685, 3448, 2409, 3480, 3854]
trial 125 : [40, 2935, 135, 1503, 1208]
trial 126 : [545, 914, 1050, 2135, 976]
trial 127 : [2614, 1023, 527, 277, 1380]
trial 128 : [3026, 914, 2060, 53, 2994]
trial 129 : [3477, 1757, 2659, 686, 2905]
trial 130 : [1526, 2718, 1419, 1907, 3041]
trial 131 : [764, 16, 3950, 183, 259]
trial 132 : [1798, 3953, 3566, 1632, 1249]
trial 133 : [3197, 2460, 3132, 3192, 876]
trial 134 : [157, 1801, 2836, 3077, 414]
trial 135 : [1830, 206, 1239, 3690, 1160]
trial 136 : [255, 211, 783, 1325, 4010]
trial 137 : [667, 3581, 835, 1837, 3797]
trial 138 : [2635, 38, 1533, 2850, 1987]
trial 139 : [1262, 407, 2805, 2231, 3109]
trial 140 : [2340, 1639, 2744, 1457, 3098]
trial 141 : [2668, 3222, 126, 763, 61]
trial 142 : [333, 1100, 3824, 3520, 2604]
trial 143 : [1327, 179, 404, 3804, 882]
trial 144 : [2758, 2494, 3594, 2981, 2682]
trial 145 : [3092, 89, 2150, 3550, 2373]
trial 146 : [3988, 1042, 1452, 446, 3919]
trial 147 : [1605, 3240, 2475, 230, 937]
trial 148 : [1134, 722, 1196, 2190, 3658]
trial 149 : [3740, 1261, 3534, 684, 3550]
trial 150 : [1536, 433, 866, 2661, 3608]
trial 151 : [1673, 219, 3108, 2987, 3067]
trial 152 : [1362, 2390, 2220, 1270, 77]
trial 153 : [997, 210, 490, 2302, 3196]
trial 154 : [2035, 3129, 971, 456, 351]
trial 155 : [1673, 3787, 3038, 2318, 456]
trial 156 : [1023, 1536, 3616, 1762, 1296]
trial 157 : [4034, 3258, 2136, 1001, 417]
trial 158 : [3470, 2768, 3187, 485, 2789]
trial 159 : [2837, 1860, 2521, 3836, 330]
trial 160 : [337, 399, 2262, 4029, 2954]
trial 161 : [2468, 3166, 1823, 685, 488]
trial 162 : [3090, 536, 3777, 1760, 3002]
trial 163 : [281, 3557, 3493, 3997, 3149]
trial 164 : [2871, 3079, 3950, 1382, 1981]
trial 165 : [1775, 1803, 3254, 59, 1107]
trial 166 : [3325, 2149, 886, 1448, 2044]
trial 167 : [2148, 67, 900, 3876, 455]
trial 168 : [3397, 3987, 3611, 717, 946]
trial 169 : [1930, 3187, 672, 3850, 2860]
trial 170 : [3075, 3063, 2417, 559, 1587]
trial 171 : [819, 2140, 2393, 633, 1177]
trial 172 : [2462, 3558, 2286, 1833, 1383]
trial 173 : [1100, 1517, 2121, 1370, 3412]
trial 174 : [2796, 3071, 1249, 2225, 2977]
trial 175 : [2455, 1271, 1727, 444, 3384]
trial 176 : [2834, 1196, 3527, 1078, 402]
trial 177 : [3794, 1432, 516, 3143, 3196]
trial 178 : [2925, 2503, 3181, 2624, 2837]
trial 179 : [3311, 339, 3143, 2467, 3998]
trial 180 : [2073, 410, 1091, 1274, 2948]
trial 181 : [1582, 2741, 3113, 1646, 1053]
trial 182 : [2117, 2960, 3518, 2609, 2596]
trial 183 : [2725, 250, 1173, 3119, 1664]
trial 184 : [1308, 3079, 2136, 234, 1968]
trial 185 : [2162, 1776, 2697, 3591, 172]
trial 186 : [57, 3284, 2509, 1672, 3109]
trial 187 : [808, 2471, 3682, 3932, 3114]
trial 188 : [2179, 400, 2127, 984, 2975]
trial 189 : [3806, 2023, 3779, 2826, 2276]
trial 190 : [2032, 513, 3594, 1470, 3972]
trial 191 : [2887, 519, 3107, 2666, 3757]
trial 192 : [1197, 97, 2935, 2088, 441]
trial 193 : [2801, 300, 2436, 1017, 372]
trial 194 : [1802, 3887, 2869, 655, 2525]
trial 195 : [2696, 3162, 3721, 3471, 3871]
trial 196 : [2883, 2797, 952, 1025, 1888]
trial 197 : [2023, 1138, 874, 2969, 597]
trial 198 : [3292, 2215, 2365, 1421, 1958]
trial 199 : [4034, 338, 645, 1540, 1045]
trial 200 : [977, 3292, 71, 1298, 2923]
trial 201 : [2298, 1163, 2938, 3605, 1577]
trial 202 : [1394, 1012, 1497, 1972, 2852]
trial 203 : [3269, 1704, 2975, 2194, 3054]
trial 204 : [907, 1137, 995, 1426, 866]
trial 205 : [4002, 2179, 1798, 1189, 32]
trial 206 : [1018, 139, 1352, 1117, 247]
trial 207 : [2789, 1148, 818, 2866, 547]
trial 208 : [2786, 1691, 3170, 1325, 1449]
trial 209 : [1472, 3568, 1482, 582, 1082]
trial 210 : [3844, 1359, 392, 1687, 647]
trial 211 : [1852, 639, 2799, 2157, 1242]
trial 212 : [3609, 3500, 1708, 239, 3941]
trial 213 : [686, 3107, 2459, 1578, 196]
trial 214 : [1079, 2925, 2509, 208, 1702]
trial 215 : [2210, 1016, 3472, 594, 3371]
trial 216 : [2180, 1383, 2875, 158, 463]
trial 217 : [2001, 2259, 756, 2721, 1898]
trial 218 : [582, 401, 3827, 55, 3710]
trial 219 : [3660, 2605, 139, 94, 1792]
trial 220 : [3985, 90, 2789, 1556, 3639]
trial 221 : [2949, 1788, 1826, 3471, 2152]
trial 222 : [863, 144, 3106, 841, 3006]
trial 223 : [426, 1983, 1666, 1468, 1543]
trial 224 : [1391, 3947, 2681, 1212, 402]
trial 225 : [217, 1037, 591, 2627, 2995]
trial 226 : [1953, 1475, 2189, 99, 773]
trial 227 : [799, 3306, 2772, 2506, 1208]
trial 228 : [3080, 3678, 3571, 2452, 2338]
trial 229 : [3118, 1216, 557, 1786, 1696]
trial 230 : [3201, 3362, 3953, 2912, 169]
trial 231 : [2269, 375, 1004, 189, 3999]
trial 232 : [3038, 3143, 2778, 3066, 1052]
trial 233 : [1309, 3992, 3168, 91, 3359]
trial 234 : [3080, 1997, 1280, 1779, 2948]
trial 235 : [3604, 3889, 932, 2598, 1221]
trial 236 : [1631, 2967, 325, 2134, 2713]
trial 237 : [1017, 1437, 4035, 3036, 2249]
trial 238 : [1452, 3079, 1778, 821, 2032]
trial 239 : [3500, 3151, 2053, 413, 1163]
trial 240 : [3973, 2380, 935, 229, 665]
trial 241 : [1065, 1926, 774, 875, 2820]
trial 242 : [3651, 2012, 386, 1059, 2360]
trial 243 : [1189, 672, 2715, 2522, 1388]
trial 244 : [3051, 1159, 2011, 3430, 235]
trial 245 : [2790, 2241, 2988, 3050, 2741]
trial 246 : [2155, 1741, 1305, 2123, 469]
trial 247 : [3261, 3530, 3832, 1712, 217]
trial 248 : [2976, 1173, 3271, 3211, 1505]
trial 249 : [1043, 1129, 1422, 1113, 2373]
trial 250 : [441, 792, 1489, 3100, 1487]
trial 251 : [313, 2308, 1046, 1123, 744]
trial 252 : [2433, 1284, 1965, 3247, 2512]
trial 253 : [1828, 3658, 1473, 756, 1490]
trial 254 : [3380, 3998, 279, 3610, 3919]
trial 255 : [2976, 4023, 1394, 1369, 579]
trial 256 : [3653, 2707, 592, 393, 1404]
trial 257 : [3721, 1810, 2121, 149, 2516]
trial 258 : [2183, 1227, 2149, 2084, 601]
trial 259 : [3685, 185, 635, 2509, 2670]
trial 260 : [1452, 1446, 3608, 2032, 1041]
trial 261 : [1725, 1065, 107, 1367, 3285]
trial 262 : [1614, 2335, 2215, 1566, 2434]
trial 263 : [728, 3304, 3048, 3805, 70]
trial 264 : [1755, 2253, 3909, 753, 1587]
trial 265 : [2974, 2799, 3968, 3569, 3631]
trial 266 : [134, 473, 1103, 418, 697]
trial 267 : [590, 3466, 3544, 1028, 2228]
trial 268 : [850, 1693, 186, 2107, 3686]
trial 269 : [2978, 2654, 2433, 1720, 3534]
trial 270 : [143, 269, 1839, 3779, 1302]
trial 271 : [2959, 1940, 2844, 2786, 2268]
trial 272 : [2920, 1510, 3951, 1199, 91]
trial 273 : [3797, 3109, 1248, 1477, 1638]
trial 274 : [1349, 960, 1440, 1670, 3226]
trial 275 : [3304, 3078, 1556, 2940, 3204]
trial 276 : [332, 2682, 3402, 2876, 2065]
trial 277 : [3580, 2869, 3640, 2042, 3759]
trial 278 : [1380, 2638, 571, 1262, 2383]
trial 279 : [2611, 3102, 3237, 3114, 1249]
trial 280 : [524, 2274, 3660, 1171, 1706]
trial 281 : [2554, 1168, 1308, 2122, 556]
trial 282 : [1213, 2465, 2645, 2474, 1263]
trial 283 : [50, 3998, 3686, 2163, 3310]
trial 284 : [3990, 1646, 555, 102, 1392]
trial 285 : [110, 2124, 3846, 2994, 1082]
trial 286 : [2058, 859, 202, 1436, 1043]
trial 287 : [2580, 2336, 1706, 1524, 2240]
trial 288 : [3722, 3845, 2272, 884, 2522]
trial 289 : [567, 2669, 732, 2970, 1606]
trial 290 : [3598, 345, 957, 610, 3419]
trial 291 : [2221, 1365, 203, 3030, 1947]
trial 292 : [3995, 1459, 1725, 2470, 552]
trial 293 : [1740, 3478, 1802, 2175, 4015]
trial 294 : [1411, 914, 815, 1518, 1255]
trial 295 : [1913, 3081, 2387, 1214, 3759]
trial 296 : [2570, 704, 3806, 2772, 1040]
trial 297 : [374, 1307, 3430, 3539, 2627]
trial 298 : [1897, 3808, 2601, 1001, 2883]
trial 299 : [3033, 3313, 2996, 2925, 1468]
trial 300 : [2369, 3236, 168, 1224, 2533]
trial 301 : [74, 2856, 1380, 1000, 3728]
trial 302 : [657, 127, 3070, 1985, 94]
trial 303 : [1873, 485, 3378, 1114, 1216]
trial 304 : [1365, 3254, 1900, 375, 500]
trial 305 : [795, 2936, 770, 1305, 947]
trial 306 : [2466, 1623, 1471, 1459, 1012]
trial 307 : [780, 783, 2998, 1576, 3976]
trial 308 : [1614, 1568, 521, 3804, 315]
trial 309 : [3194, 153, 2370, 2054, 1458]
trial 310 : [3616, 2185, 3000, 2423, 2026]
trial 311 : [3691, 386, 1907, 3259, 1236]
trial 312 : [3637, 3815, 1369, 2669, 1849]
trial 313 : [394, 3363, 2572, 3289, 3232]
trial 314 : [3931, 546, 3477, 3054, 3378]
trial 315 : [747, 2220, 1116, 757, 1948]
trial 316 : [3376, 835, 3822, 3118, 2767]
trial 317 : [1785, 414, 3024, 3509, 2093]
trial 318 : [1344, 653, 2697, 3520, 600]
trial 319 : [593, 2340, 3081, 121, 1876]
trial 320 : [2779, 1743, 1865, 3602, 3450]
trial 321 : [1695, 3554, 3788, 2522, 892]
trial 322 : [714, 3167, 3550, 158, 1411]
trial 323 : [996, 3887, 3865, 2908, 2043]
trial 324 : [1228, 3922, 2383, 1103, 2688]
trial 325 : [3028, 1528, 3966, 2999, 533]
trial 326 : [355, 3080, 2890, 3862, 3314]
trial 327 : [3868, 778, 2017, 1464, 32]
trial 328 : [304, 2230, 2615, 1362, 2213]
trial 329 : [1604, 1346, 3335, 3949, 1306]
trial 330 : [714, 2468, 2271, 691, 968]
trial 331 : [2870, 199, 3519, 1192, 3554]
trial 332 : [3192, 3022, 2862, 3712, 2203]
trial 333 : [1818, 1960, 938, 1595, 1159]
trial 334 : [1094, 557, 3554, 1291, 1177]
trial 335 : [2406, 1798, 2436, 2250, 191]
trial 336 : [3618, 40, 2275, 3549, 2679]
trial 337 : [3936, 2043, 3402, 2185, 110]
trial 338 : [3975, 3933, 1660, 3529, 840]
trial 339 : [2711, 3570, 2847, 1975, 1370]
trial 340 : [3072, 3710, 3791, 3862, 2284]
trial 341 : [3251, 1572, 2384, 150, 424]
trial 342 : [1721, 1699, 3168, 2454, 3223]
trial 343 : [2501, 1940, 3203, 3792, 1438]
trial 344 : [2520, 3073, 1555, 1142, 4038]
trial 345 : [3899, 885, 819, 856, 1121]
trial 346 : [2149, 3503, 3333, 1005, 1885]
trial 347 : [3929, 1981, 2768, 1116, 1063]
trial 348 : [3469, 3381, 2456, 1884, 3764]
trial 349 : [118, 2169, 860, 2599, 3209]
trial 350 : [3096, 296, 1769, 2800, 3870]
trial 351 : [3646, 375, 2298, 1454, 4034]
trial 352 : [2778, 2620, 1459, 333, 2316]
trial 353 : [3906, 635, 914, 3588, 3025]
trial 354 : [2543, 2203, 428, 1041, 1692]
trial 355 : [450, 1838, 3026, 944, 1373]
trial 356 : [3716, 3246, 249, 1637, 3456]
trial 357 : [1222, 2922, 1279, 2410, 971]
trial 358 : [3094, 2420, 2804, 2529, 14]
trial 359 : [783, 1917, 3781, 1392, 758]
trial 360 : [581, 3451, 585, 2555, 3225]
trial 361 : [2824, 47, 72, 1282, 1114]
trial 362 : [1671, 3228, 3603, 3760, 2337]
trial 363 : [1072, 3905, 1922, 3713, 737]
trial 364 : [194, 2500, 379, 3700, 2130]
trial 365 : [1309, 268, 1061, 3037, 3436]
trial 366 : [1210, 1810, 2990, 3647, 3192]
trial 367 : [2341, 2609, 1060, 3529, 3831]
trial 368 : [970, 3281, 2540, 1471, 236]
trial 369 : [3361, 531, 539, 3001, 2888]
trial 370 : [2103, 3471, 1549, 1469, 651]
trial 371 : [1539, 1676, 185, 3514, 2818]
trial 372 : [3332, 920, 1463, 2881, 1912]
trial 373 : [2666, 160, 3963, 3202, 1067]
trial 374 : [3416, 2075, 336, 647, 3965]
trial 375 : [3542, 298, 2429, 91, 3263]
trial 376 : [1402, 3035, 2764, 25, 3749]
trial 377 : [3544, 2147, 2447, 3162, 3622]
trial 378 : [94, 1956, 1866, 1089, 1740]
trial 379 : [532, 621, 1678, 1, 3600]
trial 380 : [3189, 515, 3775, 3513, 1715]
trial 381 : [1223, 1877, 712, 1898, 1582]
trial 382 : [2404, 166, 477, 3696, 1156]
trial 383 : [3738, 3037, 2887, 1875, 820]
trial 384 : [289, 3419, 2187, 3846, 2082]
trial 385 : [3097, 536, 1077, 3000, 3398]
trial 386 : [1777, 1512, 3898, 978, 51]
trial 387 : [2251, 3357, 1574, 963, 1867]
trial 388 : [1556, 2049, 769, 265, 203]
trial 389 : [3128, 216, 3552, 2923, 1977]
trial 390 : [3629, 1408, 495, 1647, 2013]
trial 391 : [1357, 3330, 2644, 307, 3126]
trial 392 : [3355, 1503, 1621, 1595, 2210]
trial 393 : [3991, 334, 404, 584, 2516]
trial 394 : [856, 2934, 3892, 1342, 2423]
trial 395 : [830, 3669, 450, 207, 3344]
trial 396 : [2581, 1228, 866, 3820, 2325]
trial 397 : [1759, 1050, 1490, 3716, 897]
trial 398 : [3239, 3601, 2919, 3795, 2953]
trial 399 : [525, 3817, 953, 1860, 3139]
trial 400 : [2338, 1595, 3222, 2258, 1437]
trial 401 : [196, 3588, 1398, 3296, 1570]
trial 402 : [1490, 1165, 2670, 782, 3361]
trial 403 : [570, 373, 1059, 2757, 737]
trial 404 : [3296, 3046, 1702, 2915, 1328]
trial 405 : [1016, 2953, 1840, 3871, 1246]
trial 406 : [1987, 2358, 4012, 3982, 2847]
trial 407 : [3514, 911, 3484, 3988, 186]
trial 408 : [150, 1765, 1400, 2017, 651]
trial 409 : [3841, 425, 2229, 666, 3221]
trial 410 : [1326, 2362, 2190, 2193, 1071]
trial 411 : [508, 3041, 3458, 1240, 3391]
trial 412 : [768, 2545, 2507, 2831, 53]
trial 413 : [813, 161, 3079, 3422, 3826]
trial 414 : [3985, 3958, 2425, 1731, 2539]
trial 415 : [3791, 971, 2542, 1350, 3770]
trial 416 : [2493, 546, 399, 3535, 1725]
trial 417 : [3066, 3425, 3130, 826, 1997]
trial 418 : [26, 7, 2050, 3350, 3669]
trial 419 : [3708, 1592, 3526, 3084, 1263]
trial 420 : [3725, 137, 1511, 1359, 3178]
trial 421 : [3771, 1605, 850, 3810, 2728]
trial 422 : [831, 1345, 1367, 2260, 1409]
trial 423 : [4035, 4037, 524, 500, 1013]
trial 424 : [1198, 3986, 282, 2240, 3518]
trial 425 : [174, 3104, 3979, 2183, 2763]
trial 426 : [3586, 2527, 2613, 2306, 861]
trial 427 : [3279, 3325, 1940, 2262, 1082]
trial 428 : [1638, 3720, 1667, 3740, 2084]
trial 429 : [2483, 2409, 497, 3675, 1910]
trial 430 : [534, 1872, 1613, 1090, 3359]
trial 431 : [2790, 1963, 3135, 2501, 792]
trial 432 : [3588, 2474, 2317, 3380, 2586]
trial 433 : [3978, 3583, 846, 408, 1201]
trial 434 : [3723, 1834, 2093, 1097, 3056]
trial 435 : [986, 1051, 612, 3671, 2674]
trial 436 : [914, 3599, 3487, 3270, 1359]
trial 437 : [268, 84, 2212, 1916, 2205]
trial 438 : [2848, 1707, 3362, 1055, 1839]
trial 439 : [629, 1850, 3544, 2777, 2607]
trial 440 : [1580, 3199, 1903, 1773, 2119]
trial 441 : [985, 1780, 3381, 879, 2070]
trial 442 : [2247, 1070, 2299, 853, 2797]
trial 443 : [2815, 967, 847, 2624, 1267]
trial 444 : [3458, 3193, 663, 1627, 3130]
trial 445 : [3303, 1607, 3479, 346, 71]
trial 446 : [704, 3668, 408, 955, 3759]
trial 447 : [806, 2073, 3087, 612, 1083]
trial 448 : [1449, 2158, 509, 2244, 141]
trial 449 : [708, 3546, 921, 3148, 928]
trial 450 : [1710, 427, 286, 2322, 1148]
trial 451 : [1411, 1385, 1403, 1467, 936]
trial 452 : [2066, 186, 1478, 1217, 810]
trial 453 : [2652, 66, 971, 1711, 2289]
trial 454 : [2770, 1606, 3138, 509, 53]
trial 455 : [2772, 3162, 73, 3122, 1583]
trial 456 : [1334, 3011, 1116, 2293, 4012]
trial 457 : [3668, 3161, 822, 2293, 2136]
trial 458 : [3244, 1370, 2291, 1453, 1273]
trial 459 : [688, 432, 2335, 2650, 2455]
trial 460 : [1985, 1791, 2325, 2880, 716]
trial 461 : [1596, 101, 2872, 100, 995]
trial 462 : [3873, 111, 3453, 2527, 3202]
trial 463 : [3952, 2384, 1333, 1592, 1768]
trial 464 : [2854, 1002, 175, 3509, 168]
trial 465 : [1408, 146, 2470, 957, 2171]
trial 466 : [2568, 3829, 2082, 614, 3235]
trial 467 : [1356, 550, 2073, 366, 3121]
trial 468 : [1451, 2845, 51, 1276, 172]
trial 469 : [1498, 2195, 296, 2017, 1504]
trial 470 : [361, 2507, 2783, 691, 3736]
trial 471 : [1963, 2144, 2825, 2504, 1319]
trial 472 : [2699, 2746, 1690, 60, 229]
trial 473 : [3686, 3287, 1129, 1504, 296]
trial 474 : [16, 2943, 273, 1158, 2637]
trial 475 : [623, 2658, 2492, 149, 113]
trial 476 : [2438, 2273, 794, 933, 1219]
trial 477 : [3845, 2872, 3324, 280, 644]
trial 478 : [3496, 1359, 1903, 2950, 3256]
trial 479 : [2491, 3812, 864, 3984, 2850]
trial 480 : [2889, 3683, 1559, 445, 270]
trial 481 : [964, 3761, 2845, 350, 2941]
trial 482 : [3736, 415, 2541, 3725, 2923]
trial 483 : [479, 3180, 1852, 2524, 3637]
trial 484 : [19, 3243, 1556, 2144, 360]
trial 485 : [3619, 2593, 3357, 1739, 557]
trial 486 : [3890, 495, 3416, 2768, 1957]
trial 487 : [1166, 211, 1403, 1698, 2640]
trial 488 : [1570, 563, 584, 2674, 1237]
trial 489 : [1167, 2837, 2815, 2271, 435]
trial 490 : [1860, 3708, 346, 835, 1449]
trial 491 : [687, 25, 3295, 2854, 2601]
trial 492 : [2749, 1945, 2912, 1710, 2372]
trial 493 : [2029, 2411, 263, 3528, 79]
trial 494 : [902, 2191, 158, 3839, 800]
trial 495 : [3516, 518, 1255, 2093, 1429]
trial 496 : [4, 3008, 1996, 1489, 389]
trial 497 : [3284, 2101, 87, 1788, 3489]
trial 498 : [3613, 2433, 1852, 2795, 603]
trial 499 : [4035, 3188, 1915, 3681, 1825]
trial 500 : [3928, 1100, 3220, 3530, 2648]
trial 501 : [2264, 1125, 3128, 2999, 2428]
trial 502 : [2652, 312, 726, 778, 3637]
trial 503 : [3233, 1850, 1188, 3480, 2293]
trial 504 : [1697, 1743, 3252, 2662, 642]
trial 505 : [3450, 736, 3168, 3524, 2439]
trial 506 : [2969, 1877, 2988, 2973, 1253]
trial 507 : [705, 412, 1620, 2503, 1127]
trial 508 : [1036, 2510, 3125, 1541, 569]
trial 509 : [2638, 3025, 561, 1031, 111]
trial 510 : [2080, 3440, 3327, 20, 1123]
trial 511 : [3661, 2006, 2104, 2519, 2904]
trial 512 : [1643, 1281, 817, 1561, 1598]
trial 513 : [2252, 274, 1484, 344, 772]
trial 514 : [2140, 3365, 2808, 22, 3908]
trial 515 : [482, 2407, 3885, 1002, 2687]
trial 516 : [1600, 2228, 1328, 1446, 2317]
trial 517 : [543, 247, 3056, 2735, 440]
trial 518 : [3154, 2091, 2613, 2868, 1928]
trial 519 : [1249, 1367, 607, 3013, 1909]
trial 520 : [2507, 3023, 3045, 2661, 231]
trial 521 : [43, 2906, 2061, 1434, 1353]
trial 522 : [3681, 934, 1463, 2073, 2375]
trial 523 : [1767, 2462, 2817, 3752, 1633]
trial 524 : [2159, 567, 2829, 1836, 956]
trial 525 : [475, 1187, 3015, 3387, 2523]
trial 526 : [54, 1768, 964, 2215, 839]
trial 527 : [2178, 3392, 2714, 1265, 832]
trial 528 : [3496, 2907, 2835, 1351, 517]
trial 529 : [1019, 3738, 184, 2535, 476]
trial 530 : [1973, 652, 1783, 2696, 2982]
trial 531 : [2726, 2534, 844, 3696, 3680]
trial 532 : [2600, 542, 3023, 1718, 1757]
trial 533 : [3075, 1836, 518, 2746, 2423]
trial 534 : [3091, 279, 609, 87, 3499]
trial 535 : [313, 3756, 2870, 2553, 2322]
trial 536 : [571, 2554, 1935, 2999, 3305]
trial 537 : [2494, 3862, 522, 3578, 811]
trial 538 : [454, 2528, 1368, 180, 3655]
trial 539 : [2279, 3312, 2143, 3571, 3587]
trial 540 : [2052, 3633, 2360, 3548, 1454]
trial 541 : [3861, 3174, 1272, 718, 3931]
trial 542 : [951, 1899, 3466, 3360, 1940]
trial 543 : [479, 428, 3603, 3171, 2493]
trial 544 : [2253, 791, 2029, 2527, 1409]
trial 545 : [1166, 187, 2402, 3335, 443]
trial 546 : [3396, 1677, 3439, 412, 337]
trial 547 : [3077, 2187, 3520, 3057, 1468]
trial 548 : [2246, 98, 2871, 1012, 3006]
trial 549 : [3028, 399, 1997, 1283, 2365]
trial 550 : [679, 509, 1578, 2788, 149]
trial 551 : [748, 589, 642, 2019, 402]
trial 552 : [1317, 77, 3192, 3325, 1994]
trial 553 : [106, 3534, 77, 1739, 1563]
trial 554 : [1568, 2268, 2914, 1057, 1297]
trial 555 : [2067, 1779, 2849, 1637, 987]
trial 556 : [2484, 694, 749, 2747, 547]
trial 557 : [841, 2546, 1683, 545, 2869]
trial 558 : [451, 1024, 3904, 869, 1727]
trial 559 : [2505, 3928, 3148, 3236, 2181]
trial 560 : [2797, 291, 3085, 4033, 3557]
trial 561 : [1956, 3338, 1657, 1344, 2186]
trial 562 : [2081, 3684, 2608, 1163, 1053]
trial 563 : [1917, 1244, 1003, 878, 2055]
trial 564 : [1702, 463, 435, 1259, 861]
trial 565 : [1432, 3002, 631, 3983, 1270]
trial 566 : [1229, 1129, 980, 1482, 3789]
trial 567 : [665, 3662, 3397, 1750, 702]
trial 568 : [2142, 1345, 2033, 1515, 341]
trial 569 : [738, 872, 3025, 1671, 3528]
trial 570 : [2667, 163, 1793, 43, 2042]
trial 571 : [2537, 1197, 3575, 1246, 3320]
trial 572 : [2967, 1976, 2926, 3357, 3744]
trial 573 : [945, 1403, 428, 1189, 2974]
trial 574 : [3944, 3924, 3712, 2303, 3628]
trial 575 : [722, 1579, 997, 3529, 2853]
trial 576 : [2706, 2221, 3209, 2258, 3384]
trial 577 : [252, 3288, 3022, 3621, 2745]
trial 578 : [3950, 1002, 366, 3932, 2247]
trial 579 : [3901, 3619, 565, 733, 1763]
trial 580 : [783, 1750, 2499, 1342, 2713]
trial 581 : [2719, 500, 1318, 3954, 298]
trial 582 : [2133, 2788, 3030, 2749, 1952]
trial 583 : [3771, 722, 3631, 314, 2650]
trial 584 : [3435, 1634, 3766, 752, 3780]
trial 585 : [957, 1496, 1999, 2132, 895]
trial 586 : [1336, 483, 698, 355, 1774]
trial 587 : [2167, 2177, 3944, 3932, 3732]
trial 588 : [486, 2038, 1930, 1485, 1905]
trial 589 : [638, 1727, 2291, 3235, 3687]
trial 590 : [2780, 1182, 4023, 3705, 3132]
trial 591 : [2631, 3795, 3416, 2808, 566]
trial 592 : [320, 2220, 3989, 3191, 559]
trial 593 : [65, 1454, 507, 1910, 1871]
trial 594 : [825, 3935, 2371, 1158, 1778]
trial 595 : [3672, 3499, 2005, 704, 3656]
trial 596 : [996, 621, 3392, 1523, 2081]
trial 597 : [3672, 2083, 3327, 2862, 1897]
trial 598 : [1439, 3546, 411, 747, 2598]
trial 599 : [1423, 3445, 4001, 1758, 2456]
trial 600 : [1526, 657, 2825, 436, 1660]
trial 601 : [1179, 3503, 2425, 2326, 522]
trial 602 : [3067, 2365, 3797, 246, 793]
trial 603 : [3887, 3344, 4008, 2189, 3719]
trial 604 : [1967, 3669, 1051, 2334, 338]
trial 605 : [1536, 244, 1445, 1854, 354]
trial 606 : [2433, 112, 2823, 2568, 528]
trial 607 : [3026, 2109, 3746, 3053, 3487]
trial 608 : [2377, 3854, 146, 2311, 385]
trial 609 : [3699, 3113, 2498, 343, 2261]
trial 610 : [1969, 2585, 2504, 867, 1120]
trial 611 : [3915, 3249, 1382, 2572, 913]
trial 612 : [3072, 2453, 3085, 2506, 460]
trial 613 : [697, 2554, 3367, 1058, 1623]
trial 614 : [1709, 2215, 3665, 635, 3194]
trial 615 : [3011, 407, 2994, 1302, 1090]
trial 616 : [2891, 3681, 3711, 2166, 195]
trial 617 : [2287, 3875, 762, 533, 392]
trial 618 : [215, 935, 2725, 3168, 744]
trial 619 : [562, 2110, 2985, 890, 251]
trial 620 : [1831, 871, 2783, 1151, 2327]
trial 621 : [3580, 2064, 1936, 1807, 3151]
trial 622 : [2094, 1007, 3846, 292, 3741]
trial 623 : [2118, 2184, 2297, 1688, 341]
trial 624 : [3100, 476, 70, 2840, 2946]
trial 625 : [3519, 1494, 3983, 911, 3604]
trial 626 : [388, 2105, 672, 1274, 3628]
trial 627 : [875, 2149, 216, 4012, 2245]
trial 628 : [2785, 3716, 2363, 1810, 2768]
trial 629 : [3316, 1107, 818, 1094, 1721]
trial 630 : [2997, 2258, 1791, 3224, 1728]
trial 631 : [529, 1217, 3045, 2212, 62]
trial 632 : [2581, 2833, 3717, 64, 954]
trial 633 : [955, 123, 3044, 1245, 3783]
trial 634 : [1446, 2670, 3514, 3916, 3911]
trial 635 : [2416, 2640, 2710, 3383, 3321]
trial 636 : [2690, 555, 237, 2663, 2488]
trial 637 : [1395, 3236, 1998, 3203, 1399]
trial 638 : [1736, 2696, 2387, 615, 2739]
trial 639 : [199, 273, 3402, 3628, 3468]
trial 640 : [1657, 3094, 2043, 355, 1746]
trial 641 : [3866, 3521, 2307, 808, 2242]
trial 642 : [2843, 1149, 870, 3206, 1079]
trial 643 : [2362, 3876, 654, 1972, 1129]
trial 644 : [1707, 3470, 2766, 3602, 3336]
trial 645 : [3268, 948, 3649, 207, 1998]
trial 646 : [1215, 3611, 696, 2987, 22]
trial 647 : [3732, 3645, 2132, 877, 1594]
trial 648 : [505, 708, 401, 3933, 3820]
trial 649 : [1840, 2072, 1063, 2687, 3706]
trial 650 : [492, 810, 1375, 1244, 3954]
trial 651 : [2083, 3830, 2823, 1307, 1383]
trial 652 : [296, 1752, 3928, 1786, 3570]
trial 653 : [3605, 782, 1920, 3909, 1970]
trial 654 : [3363, 927, 3849, 2298, 2751]
trial 655 : [3450, 1721, 1953, 3999, 1629]
trial 656 : [3820, 3333, 2671, 2039, 3201]
trial 657 : [1389, 2777, 206, 1601, 2798]
trial 658 : [1209, 577, 3676, 1734, 1958]
trial 659 : [3156, 3665, 367, 2971, 3880]
trial 660 : [1525, 1994, 609, 1155, 637]
trial 661 : [1594, 1372, 1161, 3611, 3873]
trial 662 : [2599, 3119, 3924, 959, 1293]
trial 663 : [2029, 1631, 2609, 3582, 3535]
trial 664 : [3711, 3153, 213, 1738, 2952]
trial 665 : [3782, 1639, 2055, 618, 1483]
trial 666 : [380, 3232, 2744, 1802, 83]
trial 667 : [729, 3952, 1722, 2670, 1487]
trial 668 : [1109, 1138, 1762, 2391, 484]
trial 669 : [1939, 1306, 1018, 3971, 2833]
trial 670 : [1473, 3327, 2799, 3565, 2094]
trial 671 : [1967, 380, 1237, 1642, 2351]
trial 672 : [273, 2081, 2447, 140, 1731]
trial 673 : [733, 1467, 2159, 2870, 3591]
trial 674 : [3223, 2664, 386, 345, 1255]
trial 675 : [2894, 854, 3854, 121, 2986]
trial 676 : [3927, 3165, 701, 1860, 1052]
trial 677 : [2639, 1939, 1868, 2818, 2060]
trial 678 : [3940, 344, 1626, 3531, 3664]
trial 679 : [3205, 962, 2364, 503, 1422]
trial 680 : [3377, 2655, 3224, 703, 2186]
trial 681 : [1330, 1453, 110, 773, 1166]
trial 682 : [1552, 267, 1185, 1694, 1931]
trial 683 : [3136, 928, 563, 3163, 3468]
trial 684 : [4012, 395, 3904, 1811, 1691]
trial 685 : [3565, 3864, 699, 3995, 1023]
trial 686 : [3472, 618, 1633, 322, 538]
trial 687 : [661, 3618, 2528, 1673, 2501]
trial 688 : [2409, 2266, 3542, 2402, 3989]
trial 689 : [0, 1001, 233, 3328, 2099]
trial 690 : [1103, 1580, 3285, 110, 3302]
trial 691 : [3284, 3986, 2859, 1226, 2139]
trial 692 : [2867, 1640, 1016, 2958, 2832]
trial 693 : [267, 1172, 3225, 2138, 3101]
trial 694 : [3496, 2991, 1830, 3417, 1555]
trial 695 : [3037, 773, 2984, 1533, 684]
trial 696 : [268, 2523, 1251, 2141, 1103]
trial 697 : [742, 3245, 2519, 3201, 3809]
trial 698 : [2627, 1547, 53, 3363, 1504]
trial 699 : [3606, 1799, 778, 346, 436]
trial 700 : [1497, 2488, 638, 769, 3544]
trial 701 : [1289, 3646, 3642, 3933, 1409]
trial 702 : [778, 3498, 2582, 195, 534]
trial 703 : [3662, 1594, 2185, 2012, 1926]
trial 704 : [527, 1409, 341, 69, 1529]
trial 705 : [2342, 1899, 2756, 534, 342]
trial 706 : [535, 1151, 3194, 514, 2773]
trial 707 : [3485, 1655, 663, 4028, 1198]
trial 708 : [3419, 2656, 1466, 1937, 2511]
trial 709 : [1258, 4036, 759, 9, 2804]
trial 710 : [3760, 1904, 1460, 824, 1414]
trial 711 : [331, 2774, 1792, 2600, 952]
trial 712 : [2369, 2680, 1605, 1723, 2255]
trial 713 : [2442, 392, 223, 2189, 3472]
trial 714 : [759, 841, 2110, 2692, 2279]
trial 715 : [2742, 3320, 13, 3005, 454]
trial 716 : [898, 1293, 394, 1851, 3772]
trial 717 : [809, 1816, 1268, 953, 2679]
trial 718 : [3664, 3635, 3520, 3555, 3611]
trial 719 : [1633, 1768, 403, 1064, 897]
trial 720 : [876, 2043, 766, 3813, 1155]
trial 721 : [106, 580, 3713, 1792, 1591]
trial 722 : [3310, 1603, 3208, 2315, 872]
trial 723 : [1113, 1036, 3054, 3889, 702]
trial 724 : [3432, 621, 164, 1713, 2655]
trial 725 : [1637, 3744, 3962, 2513, 1845]
trial 726 : [3262, 3565, 2530, 693, 900]
trial 727 : [2627, 326, 2585, 1649, 2974]
trial 728 : [128, 377, 1521, 1360, 360]
trial 729 : [257, 3394, 385, 3710, 130]
trial 730 : [1414, 1959, 3394, 3422, 2202]
trial 731 : [2160, 550, 660, 506, 1867]
trial 732 : [3444, 3441, 3749, 2467, 957]
trial 733 : [3101, 1676, 2302, 2416, 3167]
trial 734 : [554, 827, 3211, 2747, 2367]
trial 735 : [3011, 2301, 2151, 2452, 3606]
trial 736 : [1204, 2590, 248, 2330, 2941]
trial 737 : [107, 286, 3052, 3301, 1956]
trial 738 : [3026, 2412, 2311, 2117, 768]
trial 739 : [2517, 4033, 2900, 1249, 2383]
trial 740 : [3111, 3434, 985, 1358, 1648]
trial 741 : [3711, 3403, 3346, 549, 736]
trial 742 : [2607, 706, 2762, 3061, 1072]
trial 743 : [2538, 125, 579, 2976, 2665]
trial 744 : [13, 3497, 2975, 3531, 1130]
trial 745 : [3202, 3531, 1387, 3449, 783]
trial 746 : [1606, 3587, 1078, 3085, 1000]
trial 747 : [3276, 769, 907, 183, 173]
trial 748 : [3066, 2209, 3564, 287, 3826]
trial 749 : [2231, 2041, 3658, 3763, 1911]
trial 750 : [3289, 77, 990, 4024, 1262]
trial 751 : [2680, 39, 2100, 986, 3583]
trial 752 : [178, 2492, 2908, 3472, 3117]
trial 753 : [179, 1930, 1446, 1230, 838]
trial 754 : [3268, 2695, 1757, 3012, 258]
trial 755 : [1896, 3153, 3759, 1607, 1989]
trial 756 : [403, 790, 3973, 3412, 2530]
trial 757 : [1816, 2585, 1653, 1709, 736]
trial 758 : [1978, 3271, 2761, 256, 548]
trial 759 : [2124, 2691, 2182, 1543, 2374]
trial 760 : [136, 175, 3035, 1843, 2438]
trial 761 : [2397, 683, 2912, 1508, 1513]
trial 762 : [3333, 1012, 2541, 2685, 3702]
trial 763 : [2667, 889, 3126, 3378, 3964]
trial 764 : [2689, 3812, 98, 1285, 1822]
trial 765 : [1519, 2219, 3332, 1813, 92]
trial 766 : [2933, 2932, 3915, 535, 1740]
trial 767 : [2405, 814, 112, 1143, 3363]
trial 768 : [3249, 598, 3466, 256, 1007]
trial 769 : [1080, 3313, 540, 2882, 1389]
trial 770 : [925, 3461, 790, 3272, 781]
trial 771 : [3612, 1405, 1428, 3279, 948]
trial 772 : [3672, 2303, 4038, 1177, 3118]
trial 773 : [2831, 3241, 3290, 2943, 3400]
trial 774 : [2012, 2359, 1660, 2830, 592]
trial 775 : [3093, 2359, 521, 2020, 3200]
trial 776 : [1772, 642, 1493, 762, 705]
trial 777 : [2976, 3927, 1127, 712, 2499]
trial 778 : [1430, 2407, 2616, 3705, 3615]
trial 779 : [567, 1881, 3811, 3554, 1735]
trial 780 : [1196, 686, 3321, 916, 2956]
trial 781 : [3237, 461, 2814, 1024, 1172]
trial 782 : [1949, 20, 2174, 3485, 2914]
trial 783 : [3783, 3878, 2393, 2848, 404]
trial 784 : [3107, 1143, 1192, 2435, 3843]
trial 785 : [2370, 952, 3007, 3438, 1481]
trial 786 : [1371, 1364, 3515, 1478, 563]
trial 787 : [769, 70, 3011, 2233, 2443]
trial 788 : [41, 2503, 3891, 174, 585]
trial 789 : [2849, 3902, 936, 1294, 386]
trial 790 : [2706, 601, 1024, 2862, 2025]
trial 791 : [2005, 138, 1574, 2978, 1292]
trial 792 : [2163, 2281, 1372, 751, 2572]
trial 793 : [1819, 2447, 843, 3565, 1972]
trial 794 : [2097, 3566, 640, 3379, 3529]
trial 795 : [2091, 632, 412, 1000, 772]
trial 796 : [331, 3082, 1524, 1879, 2700]
trial 797 : [677, 3239, 1514, 3093, 278]
trial 798 : [2884, 307, 71, 538, 2271]
trial 799 : [2869, 1726, 2885, 3554, 1509]
trial 800 : [2763, 2832, 1889, 178, 2149]
trial 801 : [2981, 1427, 698, 1284, 3724]
trial 802 : [1055, 3497, 2751, 3612, 1773]
trial 803 : [2746, 682, 1320, 3937, 28]
trial 804 : [2371, 1233, 1812, 819, 3844]
trial 805 : [903, 767, 2525, 296, 2419]
trial 806 : [698, 1678, 7, 2440, 3818]
trial 807 : [4022, 3530, 19, 189, 2333]
trial 808 : [1707, 1779, 2064, 2243, 230]
trial 809 : [2515, 605, 526, 2475, 3048]
trial 810 : [1631, 3399, 1246, 519, 3406]
trial 811 : [3331, 1763, 2947, 1200, 269]
trial 812 : [2422, 768, 2706, 492, 2104]
trial 813 : [712, 2147, 2245, 3540, 1667]
trial 814 : [3141, 1769, 2583, 3995, 3434]
trial 815 : [1973, 1113, 971, 2358, 3050]
trial 816 : [2230, 2001, 24, 1054, 2171]
trial 817 : [2917, 1751, 2798, 3189, 74]
trial 818 : [316, 1298, 3238, 2367, 3077]
trial 819 : [914, 3646, 1425, 949, 263]
trial 820 : [2110, 888, 3598, 2009, 1437]
trial 821 : [3747, 479, 3350, 1367, 689]
trial 822 : [3168, 665, 590, 3985, 3996]
trial 823 : [200, 1162, 1353, 175, 838]
trial 824 : [812, 1937, 1163, 3181, 4]
trial 825 : [1647, 738, 2682, 3163, 2790]
trial 826 : [534, 387, 2573, 2767, 3838]
trial 827 : [2166, 335, 2257, 3408, 2199]
trial 828 : [1880, 1343, 2949, 2270, 3769]
trial 829 : [1143, 1664, 805, 1166, 3800]
trial 830 : [74, 2246, 1528, 2257, 12]
trial 831 : [3755, 1151, 883, 3264, 2820]
trial 832 : [2434, 1471, 648, 24, 3976]
trial 833 : [822, 814, 896, 367, 2667]
trial 834 : [1705, 1778, 3624, 2823, 1395]
trial 835 : [2730, 1100, 575, 1536, 389]
trial 836 : [2154, 690, 3724, 3054, 3405]
trial 837 : [2493, 1968, 2340, 50, 460]
trial 838 : [2658, 465, 658, 1124, 911]
trial 839 : [969, 3179, 1186, 1065, 3338]
trial 840 : [2825, 3091, 3168, 1085, 352]
trial 841 : [2648, 3375, 830, 2775, 2058]
trial 842 : [365, 2730, 742, 1919, 2207]
trial 843 : [1618, 3866, 1188, 1120, 2631]
trial 844 : [3270, 3887, 2814, 3221, 2423]
trial 845 : [1789, 1749, 1652, 2973, 589]
trial 846 : [3594, 1287, 4036, 3430, 707]
trial 847 : [2405, 3037, 416, 3720, 843]
trial 848 : [1401, 3237, 2929, 2304, 440]
trial 849 : [1218, 657, 1479, 3869, 1289]
trial 850 : [313, 791, 2925, 2690, 2967]
trial 851 : [3914, 269, 2480, 2733, 428]
trial 852 : [2571, 2492, 49, 3573, 1941]
trial 853 : [1920, 134, 304, 1907, 1162]
trial 854 : [3931, 2723, 2259, 2404, 2997]
trial 855 : [885, 2690, 365, 2628, 2968]
trial 856 : [1370, 2263, 2294, 571, 532]
trial 857 : [1652, 3164, 812, 1409, 1765]
trial 858 : [145, 3842, 2860, 3217, 3851]
trial 859 : [3129, 590, 2050, 3189, 686]
trial 860 : [967, 3167, 130, 1525, 288]
trial 861 : [226, 2868, 554, 531, 2471]
trial 862 : [1821, 3620, 3092, 1833, 2222]
trial 863 : [572, 2959, 2523, 784, 208]
trial 864 : [991, 2456, 3863, 2747, 1826]
trial 865 : [2674, 1391, 2491, 3718, 3361]
trial 866 : [1448, 250, 3144, 2509, 3320]
trial 867 : [1324, 1037, 3089, 2827, 2918]
trial 868 : [225, 826, 2566, 191, 3959]
trial 869 : [641, 1939, 3567, 524, 2221]
trial 870 : [3770, 172, 2759, 3702, 2162]
trial 871 : [2339, 189, 1859, 1787, 1749]
trial 872 : [545, 1488, 525, 2780, 1423]
trial 873 : [3791, 3065, 1709, 1379, 3397]
trial 874 : [3131, 1515, 1691, 3090, 940]
trial 875 : [776, 1654, 3342, 1395, 1357]
trial 876 : [442, 899, 1166, 851, 2973]
trial 877 : [2006, 1094, 248, 2567, 1077]
trial 878 : [3162, 533, 2503, 1326, 2009]
trial 879 : [3683, 1745, 2567, 2216, 3222]
trial 880 : [2752, 3391, 3061, 3080, 521]
trial 881 : [3539, 3067, 3899, 3845, 845]
trial 882 : [1605, 3324, 3901, 1360, 1949]
trial 883 : [3191, 2692, 50, 1134, 42]
trial 884 : [3654, 1805, 354, 2677, 1139]
trial 885 : [1936, 2236, 278, 1191, 3356]
trial 886 : [3800, 2529, 299, 3587, 2513]
trial 887 : [3003, 1652, 3754, 3462, 2273]
trial 888 : [2096, 1514, 3806, 2297, 371]
trial 889 : [3171, 1215, 2870, 1943, 360]
trial 890 : [946, 336, 1085, 3123, 3456]
trial 891 : [824, 3062, 2546, 472, 2667]
trial 892 : [493, 932, 306, 371, 3496]
trial 893 : [1155, 655, 3075, 182, 2868]
trial 894 : [2923, 2275, 75, 2693, 3437]
trial 895 : [425, 1178, 2691, 2438, 3785]
trial 896 : [2998, 3081, 2992, 3567, 1887]
trial 897 : [3075, 2541, 3371, 2712, 3942]
trial 898 : [441, 3720, 3996, 3831, 1628]
trial 899 : [371, 1092, 3362, 2533, 1851]
trial 900 : [3316, 3822, 1241, 3819, 1069]
trial 901 : [3556, 1958, 2832, 3639, 819]
trial 902 : [3692, 1572, 2102, 1759, 728]
trial 903 : [500, 805, 295, 352, 3446]
trial 904 : [2890, 2710, 2641, 1241, 1851]
trial 905 : [3489, 3471, 1208, 345, 1591]
trial 906 : [734, 2225, 3270, 3399, 2052]
trial 907 : [1794, 1751, 2384, 521, 2402]
trial 908 : [4006, 2787, 1468, 54, 3948]
trial 909 : [2212, 2411, 878, 1409, 3355]
trial 910 : [3224, 486, 2107, 2922, 3255]
trial 911 : [2327, 3461, 3317, 551, 924]
trial 912 : [871, 2501, 1789, 1763, 2093]
trial 913 : [3106, 1317, 2756, 448, 2601]
trial 914 : [1140, 3929, 3183, 3278, 3673]
trial 915 : [1940, 1275, 611, 289, 852]
trial 916 : [2155, 732, 3766, 2229, 1355]
trial 917 : [3622, 2560, 3630, 2730, 3931]
trial 918 : [2236, 2711, 1147, 2190, 1137]
trial 919 : [1176, 51, 1182, 1030, 2032]
trial 920 : [2280, 3843, 2851, 2124, 3031]
trial 921 : [3453, 2831, 2050, 623, 1027]
trial 922 : [2988, 3733, 3114, 3765, 3111]
trial 923 : [2795, 1892, 2259, 1048, 304]
trial 924 : [1184, 1478, 807, 2964, 3368]
trial 925 : [1119, 1977, 1681, 2812, 3568]
trial 926 : [997, 2762, 609, 3280, 2660]
trial 927 : [2627, 1486, 507, 1240, 3552]
trial 928 : [2650, 1405, 1144, 3567, 3291]
trial 929 : [3337, 1733, 2162, 3581, 12]
trial 930 : [974, 2364, 422, 673, 3721]
trial 931 : [3160, 698, 3015, 3182, 3152]
trial 932 : [892, 1014, 2552, 1082, 3649]
trial 933 : [682, 3627, 3427, 1266, 728]
trial 934 : [3516, 1394, 1732, 2232, 3008]
trial 935 : [1706, 2429, 1439, 3458, 495]
trial 936 : [331, 3866, 2382, 3592, 2439]
trial 937 : [1843, 3286, 3156, 3047, 3074]
trial 938 : [2444, 1132, 3959, 1781, 1541]
trial 939 : [45, 2051, 3619, 3933, 189]
trial 940 : [3988, 981, 2601, 376, 1333]
trial 941 : [2109, 3206, 2331, 3121, 2537]
trial 942 : [2746, 552, 425, 652, 2442]
trial 943 : [2674, 1819, 3565, 827, 1855]
trial 944 : [1354, 3543, 1256, 1232, 654]
trial 945 : [2308, 468, 272, 1995, 2802]
trial 946 : [3478, 2818, 2653, 906, 2110]
trial 947 : [3276, 740, 2365, 2872, 1219]
trial 948 : [1715, 2545, 1429, 2550, 3632]
trial 949 : [2362, 406, 794, 773, 982]
trial 950 : [3931, 3936, 75, 3745, 2980]
trial 951 : [3872, 1593, 439, 463, 119]
trial 952 : [3733, 2430, 1006, 468, 1545]
trial 953 : [1792, 2705, 2118, 2162, 261]
trial 954 : [2824, 3479, 3290, 810, 2474]
trial 955 : [3561, 3859, 562, 2625, 1935]
trial 956 : [2345, 2556, 3605, 183, 202]
trial 957 : [158, 4036, 2427, 536, 1706]
trial 958 : [599, 2207, 379, 3354, 2247]
trial 959 : [3317, 1516, 1793, 1081, 212]
trial 960 : [2776, 2300, 2428, 697, 3728]
trial 961 : [202, 1407, 754, 946, 3528]
trial 962 : [281, 2770, 7, 2761, 810]
trial 963 : [431, 3076, 470, 1906, 3115]
trial 964 : [1848, 263, 818, 59, 1519]
trial 965 : [3195, 551, 1706, 1308, 3187]
trial 966 : [3693, 3086, 1182, 3587, 3291]
trial 967 : [2067, 1105, 4016, 2461, 3918]
trial 968 : [3235, 2600, 1354, 1739, 2889]
trial 969 : [36, 220, 1437, 2795, 2586]
trial 970 : [1663, 232, 3447, 1737, 800]
trial 971 : [505, 1709, 3955, 2552, 585]
trial 972 : [2861, 1127, 1109, 2234, 3345]
trial 973 : [3990, 1568, 158, 3078, 1820]
trial 974 : [501, 1131, 1544, 2624, 2310]
trial 975 : [2125, 2867, 1671, 526, 2640]
trial 976 : [3851, 399, 582, 1134, 2068]
trial 977 : [1704, 1140, 279, 143, 3673]
trial 978 : [2632, 2891, 3734, 2611, 2739]
trial 979 : [2196, 1221, 3740, 3450, 2325]
trial 980 : [3695, 3880, 2009, 284, 1115]
trial 981 : [0, 1206, 3447, 418, 1974]
trial 982 : [3039, 1236, 3304, 3963, 3644]
trial 983 : [226, 918, 565, 3551, 3411]
trial 984 : [1381, 776, 1608, 205, 4034]
trial 985 : [3568, 1315, 3386, 2479, 1935]
trial 986 : [65, 2387, 808, 1230, 3688]
trial 987 : [2001, 3047, 1073, 1275, 3448]
trial 988 : [1696, 3245, 3452, 3694, 3966]
trial 989 : [801, 3552, 111, 2698, 1428]
trial 990 : [3578, 12, 1835, 698, 1423]
trial 991 : [3631, 150, 3655, 3, 301]
trial 992 : [925, 2388, 4029, 309, 3115]
trial 993 : [2110, 2623, 734, 273, 278]
trial 994 : [2694, 3971, 844, 14, 983]
trial 995 : [3361, 3709, 751, 2217, 1415]
trial 996 : [92, 1503, 3278, 3300, 869]
trial 997 : [3186, 312, 2440, 824, 3839]
trial 998 : [3133, 476, 1689, 3999, 3171]
trial 999 : [2937, 2668, 22, 3750, 2113]
trial 1000 : [3257, 376, 857, 272, 271]
