trial 1 : [19149, 14358, 14264, 21404, 2766]
trial 2 : [16944, 19891, 645, 19471, 17333]
trial 3 : [919, 20191, 9952, 4208, 14215]
trial 4 : [12392, 2462, 12594, 13929, 7261]
trial 5 : [14046, 5620, 7774, 14185, 18186]
trial 6 : [14928, 5182, 7477, 16537, 10131]
trial 7 : [1434, 15528, 6257, 20795, 12362]
trial 8 : [14615, 6478, 7897, 6550, 16433]
trial 9 : [19616, 13634, 19367, 6434, 14800]
trial 10 : [7430, 21488, 19757, 6375, 11579]
trial 11 : [11835, 18686, 6023, 9302, 751]
trial 12 : [18929, 8550, 3021, 20224, 6340]
trial 13 : [2807, 9870, 16108, 2748, 2340]
trial 14 : [2124, 5915, 14839, 9876, 20655]
trial 15 : [2444, 13336, 422, 17879, 2956]
trial 16 : [10609, 16695, 7256, 12723, 16531]
trial 17 : [15637, 2989, 18421, 5201, 6451]
trial 18 : [18422, 12324, 4550, 5508, 427]
trial 19 : [5409, 11281, 18387, 2838, 17162]
trial 20 : [9468, 11396, 14503, 6624, 6412]
trial 21 : [7144, 14896, 2953, 10306, 19319]
trial 22 : [20557, 14427, 116, 14135, 6663]
trial 23 : [3562, 12274, 18324, 16192, 2190]
trial 24 : [9891, 19190, 21043, 3157, 17905]
trial 25 : [12382, 466, 652, 11142, 21493]
trial 26 : [8338, 22236, 21068, 18032, 12634]
trial 27 : [2971, 18263, 16170, 9589, 5050]
trial 28 : [18030, 4641, 14246, 11289, 3611]
trial 29 : [9908, 18523, 8053, 8280, 8044]
trial 30 : [10653, 21697, 16318, 15933, 21312]
trial 31 : [8500, 20051, 17677, 4675, 14115]
trial 32 : [6604, 16723, 14409, 3797, 7266]
trial 33 : [4133, 7215, 16220, 12624, 2244]
trial 34 : [2289, 9896, 16249, 434, 20362]
trial 35 : [7122, 12073, 2190, 9193, 288]
trial 36 : [21856, 20493, 14803, 3219, 2743]
trial 37 : [17954, 9411, 12702, 7658, 20038]
trial 38 : [3802, 17887, 8500, 8092, 4019]
trial 39 : [5997, 7508, 16990, 12707, 8300]
trial 40 : [5763, 10881, 1890, 20219, 7101]
trial 41 : [8989, 17266, 2415, 19773, 1784]
trial 42 : [20663, 7957, 9838, 8122, 19637]
trial 43 : [16386, 8290, 7379, 1651, 15353]
trial 44 : [20612, 1481, 19616, 7001, 1447]
trial 45 : [20334, 7380, 18150, 9285, 4888]
trial 46 : [12960, 10548, 1407, 17995, 16642]
trial 47 : [20574, 8919, 15367, 15194, 11712]
trial 48 : [12437, 14351, 2207, 14062, 2646]
trial 49 : [1039, 21630, 20135, 7430, 13228]
trial 50 : [22362, 5126, 6150, 12344, 3616]
trial 51 : [15638, 1605, 18553, 17464, 4050]
trial 52 : [7349, 19030, 9247, 15612, 10972]
trial 53 : [3555, 17848, 12755, 19625, 13680]
trial 54 : [7257, 969, 19513, 3613, 365]
trial 55 : [18340, 18183, 10560, 4883, 5323]
trial 56 : [8309, 18370, 652, 20067, 18560]
trial 57 : [14324, 14230, 21882, 6147, 11348]
trial 58 : [21225, 3921, 20842, 1216, 2119]
trial 59 : [21522, 12259, 16706, 16791, 2024]
trial 60 : [481, 16783, 15541, 9558, 6149]
trial 61 : [2836, 19519, 10956, 8435, 1163]
trial 62 : [788, 14864, 17822, 6370, 12047]
trial 63 : [5609, 19757, 16398, 22296, 20462]
trial 64 : [8831, 18611, 5685, 282, 15231]
trial 65 : [20022, 19058, 4481, 5187, 12661]
trial 66 : [11286, 16869, 9549, 10033, 19750]
trial 67 : [6601, 17747, 5305, 7601, 21266]
trial 68 : [1257, 3246, 5266, 17799, 4727]
trial 69 : [9086, 6227, 749, 687, 20060]
trial 70 : [5168, 7455, 7828, 22015, 3018]
trial 71 : [11300, 7396, 4916, 4777, 2721]
trial 72 : [7001, 4442, 4452, 18370, 13002]
trial 73 : [17206, 18591, 20435, 1467, 6668]
trial 74 : [19219, 15295, 16311, 8115, 4708]
trial 75 : [299, 779, 10583, 3709, 16130]
trial 76 : [5352, 8703, 5798, 4028, 20624]
trial 77 : [10847, 9017, 4708, 4531, 11513]
trial 78 : [14543, 4904, 12018, 6275, 16684]
trial 79 : [7369, 14540, 17480, 10671, 2884]
trial 80 : [14784, 14870, 1655, 16191, 18068]
trial 81 : [13307, 18339, 5192, 5597, 14704]
trial 82 : [19338, 4990, 6648, 5657, 15722]
trial 83 : [6872, 2225, 183, 8751, 18431]
trial 84 : [9885, 15496, 14324, 22323, 8493]
trial 85 : [17148, 8207, 19041, 20400, 7622]
trial 86 : [17708, 14390, 12617, 3916, 9857]
trial 87 : [21003, 7355, 1989, 21131, 648]
trial 88 : [14869, 12400, 4460, 21147, 18476]
trial 89 : [14152, 1598, 14504, 12693, 3992]
trial 90 : [3484, 22199, 22242, 3575, 10925]
trial 91 : [7262, 580, 1791, 12107, 655]
trial 92 : [12681, 10436, 10352, 10043, 6210]
trial 93 : [7264, 20701, 1577, 20041, 2266]
trial 94 : [16595, 7812, 14167, 5946, 14601]
trial 95 : [12577, 3579, 4113, 16638, 21023]
trial 96 : [18665, 6911, 19259, 15070, 2783]
trial 97 : [12898, 5759, 14717, 10205, 14405]
trial 98 : [11364, 11218, 18235, 14569, 1664]
trial 99 : [9984, 9813, 11345, 21126, 9806]
trial 100 : [6693, 8586, 14195, 7975, 18539]
trial 101 : [17579, 21365, 5001, 9542, 7500]
trial 102 : [16962, 12819, 8247, 18533, 3383]
trial 103 : [16646, 10328, 5233, 5558, 6219]
trial 104 : [10932, 9566, 15279, 19925, 9132]
trial 105 : [9561, 13782, 12164, 1417, 17219]
trial 106 : [16015, 20777, 15334, 20781, 7823]
trial 107 : [16965, 1650, 5039, 16179, 21118]
trial 108 : [18703, 10323, 4780, 16340, 13507]
trial 109 : [16020, 20211, 4175, 13144, 7572]
trial 110 : [4419, 18189, 9638, 493, 14781]
trial 111 : [16934, 9136, 12861, 356, 4240]
trial 112 : [8516, 19531, 15908, 15906, 18579]
trial 113 : [1981, 18270, 94, 7139, 3694]
trial 114 : [12846, 196, 11356, 1454, 4037]
trial 115 : [16088, 618, 6002, 20400, 20632]
trial 116 : [18885, 17362, 20394, 2990, 17147]
trial 117 : [56, 7393, 17526, 13033, 15858]
trial 118 : [8216, 4890, 15502, 18388, 21724]
trial 119 : [3484, 12414, 10196, 3740, 5236]
trial 120 : [13032, 10668, 3324, 17365, 16347]
trial 121 : [9248, 3222, 20125, 6205, 11451]
trial 122 : [13136, 21360, 7054, 15336, 15789]
trial 123 : [3777, 4004, 19592, 14727, 19601]
trial 124 : [7610, 2167, 18810, 18901, 9889]
trial 125 : [18056, 21367, 1001, 17869, 5192]
trial 126 : [11116, 18715, 4194, 22016, 5835]
trial 127 : [9862, 15749, 22260, 1981, 18100]
trial 128 : [1256, 17054, 15725, 14105, 4787]
trial 129 : [6506, 19409, 15656, 16758, 13972]
trial 130 : [18032, 11225, 10608, 3909, 21869]
trial 131 : [3904, 14849, 5854, 15705, 1034]
trial 132 : [15255, 17317, 16969, 13216, 16155]
trial 133 : [15387, 6785, 11056, 10428, 9870]
trial 134 : [18023, 121, 15500, 19299, 2316]
trial 135 : [8019, 15564, 3479, 3195, 1704]
trial 136 : [4936, 17220, 3710, 21065, 2190]
trial 137 : [889, 20854, 13089, 12670, 988]
trial 138 : [16527, 10395, 21, 3669, 9351]
trial 139 : [13964, 3222, 15689, 12249, 19887]
trial 140 : [4840, 17682, 14704, 431, 4097]
trial 141 : [5097, 17223, 8721, 6702, 5121]
trial 142 : [1811, 1642, 14201, 1104, 21340]
trial 143 : [22330, 19400, 8671, 4609, 2936]
trial 144 : [2849, 14197, 4330, 4201, 17974]
trial 145 : [2353, 5379, 77, 1416, 15554]
trial 146 : [11444, 14137, 18273, 12992, 541]
trial 147 : [7029, 4255, 10786, 10471, 7354]
trial 148 : [18766, 18842, 16654, 10742, 17192]
trial 149 : [9719, 22192, 4735, 16059, 905]
trial 150 : [8490, 14240, 18423, 2693, 1584]
trial 151 : [4689, 52, 4, 21578, 7465]
trial 152 : [6205, 4812, 8799, 10935, 15188]
trial 153 : [3329, 21113, 3866, 3070, 7209]
trial 154 : [9338, 16679, 3930, 9061, 15304]
trial 155 : [5414, 11709, 21508, 3166, 11480]
trial 156 : [3974, 17181, 21662, 17183, 12740]
trial 157 : [4343, 10079, 20299, 11071, 16141]
trial 158 : [16956, 1031, 17537, 21050, 20095]
trial 159 : [19094, 6166, 3775, 18720, 18063]
trial 160 : [13795, 22438, 11970, 15130, 14940]
trial 161 : [19170, 21111, 14785, 11000, 8500]
trial 162 : [9355, 19064, 2493, 9854, 4497]
trial 163 : [4790, 9968, 19906, 9090, 14317]
trial 164 : [8676, 6739, 22043, 8640, 7199]
trial 165 : [14645, 16598, 623, 2475, 15965]
trial 166 : [12652, 9934, 13599, 2121, 7538]
trial 167 : [17532, 20491, 21005, 9354, 19152]
trial 168 : [9238, 1690, 7139, 5016, 2345]
trial 169 : [21466, 4861, 9596, 5598, 19088]
trial 170 : [20273, 1562, 11812, 5932, 11186]
trial 171 : [3197, 2633, 17907, 2791, 14966]
trial 172 : [14341, 15950, 13459, 21093, 14188]
trial 173 : [21038, 328, 8064, 4003, 16224]
trial 174 : [10468, 19076, 17753, 18284, 6757]
trial 175 : [2578, 7636, 19507, 22096, 15774]
trial 176 : [15139, 21978, 11691, 19379, 12615]
trial 177 : [6076, 11564, 14800, 20356, 15531]
trial 178 : [19956, 5304, 2920, 14197, 13675]
trial 179 : [15233, 3206, 1455, 18890, 9903]
trial 180 : [8418, 18384, 20608, 21388, 5254]
trial 181 : [8808, 15062, 4321, 17811, 3291]
trial 182 : [11797, 17324, 18082, 9034, 12368]
trial 183 : [2629, 14514, 13875, 13272, 3371]
trial 184 : [19754, 6527, 10650, 11892, 10749]
trial 185 : [6102, 22141, 8764, 18202, 1790]
trial 186 : [6075, 21880, 17471, 11922, 21710]
trial 187 : [18341, 19408, 15974, 19360, 8040]
trial 188 : [16282, 6672, 21797, 15876, 7357]
trial 189 : [12213, 16033, 22252, 14033, 4408]
trial 190 : [2167, 12990, 13104, 411, 3670]
trial 191 : [11864, 1280, 19119, 19303, 8550]
trial 192 : [7117, 19054, 17416, 4869, 6059]
trial 193 : [2661, 8646, 8320, 5030, 12676]
trial 194 : [19295, 17842, 5755, 5957, 886]
trial 195 : [12657, 17583, 6266, 3702, 19825]
trial 196 : [17275, 17821, 15563, 3689, 5163]
trial 197 : [6520, 6557, 7135, 20612, 20493]
trial 198 : [10567, 9237, 5249, 16373, 19034]
trial 199 : [17977, 6259, 18670, 8829, 12429]
trial 200 : [2927, 1369, 12698, 9826, 20004]
trial 201 : [3895, 22194, 19824, 2907, 18705]
trial 202 : [762, 3856, 19512, 5992, 21853]
trial 203 : [5553, 4191, 13048, 10917, 12342]
trial 204 : [4082, 5485, 18190, 21040, 2825]
trial 205 : [19286, 811, 12975, 10225, 7230]
trial 206 : [8018, 9828, 17908, 1691, 10010]
trial 207 : [5369, 15515, 2306, 17071, 16898]
trial 208 : [21884, 14002, 4903, 9889, 7617]
trial 209 : [2761, 4377, 14460, 6360, 13430]
trial 210 : [13836, 5581, 12347, 2867, 21721]
trial 211 : [8447, 19587, 9226, 11459, 3577]
trial 212 : [14894, 4536, 16602, 5649, 15363]
trial 213 : [20522, 21784, 4366, 7507, 9450]
trial 214 : [6047, 14676, 2292, 19739, 19474]
trial 215 : [10603, 18278, 20724, 12289, 2367]
trial 216 : [19116, 8008, 8579, 17146, 1893]
trial 217 : [3367, 252, 9754, 12759, 12220]
trial 218 : [18722, 12377, 2739, 5991, 18154]
trial 219 : [9482, 15568, 6107, 13445, 8258]
trial 220 : [21823, 9454, 6501, 1093, 19663]
trial 221 : [347, 19006, 18038, 14277, 10388]
trial 222 : [14748, 11311, 8129, 3296, 960]
trial 223 : [21962, 7240, 19972, 7619, 10387]
trial 224 : [16963, 19470, 19404, 9537, 8863]
trial 225 : [20582, 4000, 20916, 3323, 2789]
trial 226 : [15069, 13380, 13550, 16292, 4417]
trial 227 : [12104, 9989, 8249, 15826, 18141]
trial 228 : [12839, 19662, 2670, 7744, 21237]
trial 229 : [15953, 15274, 22377, 3977, 14097]
trial 230 : [17610, 5806, 4843, 12351, 4038]
trial 231 : [5486, 9263, 21565, 20698, 12987]
trial 232 : [17676, 10395, 1053, 9364, 10570]
trial 233 : [4349, 16680, 20076, 20865, 12471]
trial 234 : [3640, 19629, 16993, 9385, 21232]
trial 235 : [17017, 736, 14549, 17491, 6464]
trial 236 : [1500, 16284, 13254, 1092, 20203]
trial 237 : [5897, 9863, 16373, 3818, 12298]
trial 238 : [4876, 16097, 13299, 5442, 7688]
trial 239 : [1572, 14829, 13336, 12942, 7860]
trial 240 : [19172, 17718, 20742, 18698, 5532]
trial 241 : [16067, 18938, 6766, 3139, 19815]
trial 242 : [19113, 4979, 3206, 1341, 3406]
trial 243 : [11032, 19963, 9959, 16093, 17954]
trial 244 : [10952, 19875, 19537, 17607, 21412]
trial 245 : [11236, 19848, 17787, 2457, 1806]
trial 246 : [10545, 18665, 4203, 5746, 21032]
trial 247 : [13309, 2826, 7462, 7020, 562]
trial 248 : [6189, 3878, 16657, 8449, 11848]
trial 249 : [1553, 14000, 288, 7841, 21093]
trial 250 : [19262, 7854, 7004, 17717, 5392]
trial 251 : [2846, 19789, 15469, 12736, 13951]
trial 252 : [17678, 6177, 14915, 3157, 16092]
trial 253 : [911, 15978, 6394, 12950, 1903]
trial 254 : [6668, 181, 22136, 19361, 3144]
trial 255 : [4582, 4309, 7132, 11434, 16763]
trial 256 : [8391, 11062, 16082, 6864, 5356]
trial 257 : [20489, 1630, 16157, 14196, 20881]
trial 258 : [17944, 12262, 11097, 10644, 14316]
trial 259 : [13031, 10307, 20232, 6833, 13573]
trial 260 : [20242, 10502, 15756, 115, 461]
trial 261 : [7508, 17163, 22169, 19035, 19920]
trial 262 : [2023, 18315, 18230, 10875, 18393]
trial 263 : [14833, 13888, 14877, 6109, 6862]
trial 264 : [17283, 19398, 17271, 10950, 8884]
trial 265 : [9394, 9942, 420, 8215, 2716]
trial 266 : [5975, 5105, 10807, 14504, 4467]
trial 267 : [19241, 1204, 18543, 2084, 5839]
trial 268 : [17644, 18094, 11938, 12622, 4884]
trial 269 : [19940, 3290, 12880, 12842, 18464]
trial 270 : [6528, 7085, 3184, 20170, 11464]
trial 271 : [19176, 8515, 5500, 14670, 8302]
trial 272 : [18017, 16339, 7850, 3952, 3647]
trial 273 : [7433, 9670, 720, 7009, 3121]
trial 274 : [22008, 4734, 18704, 3158, 14570]
trial 275 : [3650, 9384, 17721, 9814, 19187]
trial 276 : [15839, 15852, 7604, 13787, 839]
trial 277 : [9842, 4271, 19500, 14278, 14241]
trial 278 : [20948, 19420, 2813, 17250, 7169]
trial 279 : [10812, 14423, 828, 20576, 3103]
trial 280 : [22386, 4736, 1808, 2876, 16610]
trial 281 : [10310, 22375, 7579, 16454, 8844]
trial 282 : [13074, 3423, 16054, 17704, 948]
trial 283 : [18900, 6759, 15161, 7880, 9487]
trial 284 : [1544, 4872, 20012, 1732, 10173]
trial 285 : [3702, 18458, 17324, 12037, 15680]
trial 286 : [13317, 119, 6941, 13032, 21130]
trial 287 : [8725, 2345, 16848, 10226, 10030]
trial 288 : [7315, 7405, 13995, 4572, 4580]
trial 289 : [8384, 6606, 10567, 15493, 13750]
trial 290 : [17667, 14422, 14603, 10836, 4099]
trial 291 : [19241, 14326, 11422, 16061, 3289]
trial 292 : [15286, 21777, 8295, 21556, 11047]
trial 293 : [17078, 11359, 16732, 12419, 8203]
trial 294 : [17277, 8612, 2677, 10085, 18815]
trial 295 : [10831, 9145, 1701, 15309, 19363]
trial 296 : [15124, 10390, 17632, 19178, 18234]
trial 297 : [12811, 20586, 11693, 20712, 11763]
trial 298 : [21287, 9721, 16489, 5894, 22224]
trial 299 : [15814, 15080, 21080, 18417, 10843]
trial 300 : [9290, 7473, 3004, 19057, 4588]
trial 301 : [15801, 4344, 6506, 4244, 14154]
trial 302 : [17995, 12891, 613, 2985, 135]
trial 303 : [18582, 4831, 7072, 14430, 2043]
trial 304 : [14260, 155, 2976, 3705, 5530]
trial 305 : [5670, 7100, 20520, 5342, 466]
trial 306 : [21116, 4290, 1561, 17840, 17372]
trial 307 : [17352, 16606, 12526, 16883, 7849]
trial 308 : [9883, 2507, 19056, 12404, 6148]
trial 309 : [21316, 17805, 7430, 17218, 19871]
trial 310 : [10957, 3525, 18258, 12453, 10753]
trial 311 : [9480, 17960, 2196, 20615, 12954]
trial 312 : [21214, 8791, 17054, 5189, 20838]
trial 313 : [8132, 12486, 17987, 19717, 21771]
trial 314 : [325, 799, 16008, 9460, 19630]
trial 315 : [15554, 17087, 20485, 1744, 15043]
trial 316 : [9917, 3367, 5573, 2129, 16170]
trial 317 : [14278, 15452, 2086, 1543, 1314]
trial 318 : [6627, 4360, 13346, 2422, 21744]
trial 319 : [8270, 21985, 19921, 14505, 7689]
trial 320 : [8429, 16116, 3726, 16624, 12123]
trial 321 : [7673, 20204, 6544, 77, 11390]
trial 322 : [7486, 19308, 21567, 13466, 22132]
trial 323 : [18375, 16806, 13283, 7298, 18078]
trial 324 : [18943, 5546, 5048, 1045, 1724]
trial 325 : [1102, 2948, 21546, 13622, 20085]
trial 326 : [7521, 8822, 10704, 10344, 18186]
trial 327 : [1232, 20613, 13038, 6161, 14976]
trial 328 : [8199, 19319, 6225, 12877, 8750]
trial 329 : [1353, 17444, 10000, 6814, 1706]
trial 330 : [17166, 13495, 18164, 13243, 19083]
trial 331 : [21540, 4685, 17083, 6497, 17975]
trial 332 : [4144, 20577, 11747, 16492, 5248]
trial 333 : [15056, 4389, 327, 3884, 14006]
trial 334 : [13997, 3613, 13629, 10554, 15854]
trial 335 : [8029, 22247, 10188, 14635, 12612]
trial 336 : [10511, 20471, 8633, 20546, 14702]
trial 337 : [18098, 9591, 11586, 1047, 4906]
trial 338 : [13413, 1296, 5069, 19706, 12819]
trial 339 : [14489, 11400, 19443, 8615, 8667]
trial 340 : [14476, 19460, 9025, 4963, 10902]
trial 341 : [9831, 13124, 2153, 20638, 11119]
trial 342 : [19136, 8303, 19245, 12135, 1840]
trial 343 : [974, 12320, 18825, 19428, 9521]
trial 344 : [19174, 1092, 8833, 14570, 21046]
trial 345 : [21234, 8389, 18643, 12527, 2783]
trial 346 : [3166, 19899, 1815, 9112, 5833]
trial 347 : [3686, 9730, 10404, 7268, 659]
trial 348 : [5463, 2014, 21316, 14027, 13406]
trial 349 : [12860, 3578, 13838, 15706, 18243]
trial 350 : [18801, 14704, 20868, 15684, 16884]
trial 351 : [2878, 7046, 8050, 5140, 3858]
trial 352 : [8928, 6077, 16572, 15937, 2722]
trial 353 : [9061, 15987, 19809, 4891, 14214]
trial 354 : [18681, 773, 19683, 14056, 14187]
trial 355 : [18455, 3523, 11818, 20792, 19763]
trial 356 : [3482, 13268, 19717, 11949, 9165]
trial 357 : [334, 11910, 5059, 11932, 5942]
trial 358 : [6995, 17856, 1885, 768, 18243]
trial 359 : [12116, 16643, 19570, 19833, 18019]
trial 360 : [5901, 762, 3148, 16691, 20487]
trial 361 : [18635, 235, 756, 22459, 659]
trial 362 : [13929, 5016, 4486, 17194, 10564]
trial 363 : [9051, 6352, 5074, 21523, 4784]
trial 364 : [1222, 3326, 17017, 16131, 2536]
trial 365 : [6619, 18177, 1894, 3137, 15104]
trial 366 : [20098, 8761, 18138, 691, 20751]
trial 367 : [19530, 7492, 9527, 9895, 3562]
trial 368 : [15601, 10668, 8517, 15463, 17720]
trial 369 : [4027, 14310, 19736, 8228, 20153]
trial 370 : [9807, 7701, 12466, 1588, 20549]
trial 371 : [6735, 14746, 14227, 13787, 1031]
trial 372 : [13437, 1288, 6686, 12230, 17237]
trial 373 : [14473, 19792, 14066, 17154, 6679]
trial 374 : [16557, 2395, 1245, 20930, 12693]
trial 375 : [12177, 9719, 4420, 17468, 12593]
trial 376 : [18753, 21079, 1920, 12957, 4065]
trial 377 : [6999, 19228, 21191, 10951, 16561]
trial 378 : [6406, 13057, 4520, 13157, 12886]
trial 379 : [19741, 11562, 7508, 14954, 15320]
trial 380 : [5220, 17302, 6592, 20938, 5693]
trial 381 : [15816, 5906, 2254, 22465, 17406]
trial 382 : [5759, 18240, 17686, 2979, 12991]
trial 383 : [16231, 18782, 12020, 17868, 276]
trial 384 : [17630, 12080, 17919, 5136, 9323]
trial 385 : [6685, 6232, 16707, 22079, 7405]
trial 386 : [5432, 21034, 6012, 6097, 9227]
trial 387 : [843, 20881, 17829, 3383, 8918]
trial 388 : [17295, 14401, 13540, 15106, 12146]
trial 389 : [18666, 9183, 6753, 19581, 5488]
trial 390 : [7955, 3177, 1037, 1091, 10338]
trial 391 : [945, 649, 597, 21447, 11115]
trial 392 : [4673, 12354, 20869, 14262, 13800]
trial 393 : [13873, 1532, 14706, 7687, 85]
trial 394 : [3020, 3253, 819, 10222, 19916]
trial 395 : [1935, 3925, 19355, 19587, 18619]
trial 396 : [8436, 5148, 12546, 4446, 13764]
trial 397 : [5098, 21706, 7769, 21711, 22400]
trial 398 : [8028, 21865, 21332, 11662, 12536]
trial 399 : [15928, 3335, 21869, 12963, 320]
trial 400 : [18355, 17688, 12666, 13248, 4862]
trial 401 : [13822, 22122, 13160, 8882, 16377]
trial 402 : [12946, 1799, 3135, 12723, 8715]
trial 403 : [8343, 21291, 2736, 11828, 9180]
trial 404 : [4464, 2703, 17694, 21292, 316]
trial 405 : [4747, 13255, 20365, 7872, 14771]
trial 406 : [6450, 6970, 3376, 22217, 21068]
trial 407 : [6192, 268, 132, 11715, 4620]
trial 408 : [4502, 15879, 6800, 21751, 21252]
trial 409 : [8797, 16327, 7601, 13493, 12823]
trial 410 : [289, 15316, 13287, 22444, 2963]
trial 411 : [12431, 8531, 12020, 896, 8490]
trial 412 : [8162, 15518, 14001, 20925, 1918]
trial 413 : [14043, 5029, 8401, 8276, 19631]
trial 414 : [5135, 8131, 21918, 18750, 11014]
trial 415 : [4552, 4056, 19700, 13156, 10624]
trial 416 : [7244, 18553, 3535, 8968, 4052]
trial 417 : [11537, 13173, 3448, 21172, 11722]
trial 418 : [8911, 10519, 18798, 13394, 14276]
trial 419 : [3433, 21066, 7636, 108, 15760]
trial 420 : [186, 9413, 3044, 703, 3753]
trial 421 : [4907, 1306, 3846, 8729, 9668]
trial 422 : [2198, 5379, 11227, 6008, 6239]
trial 423 : [22429, 20187, 15888, 13744, 21662]
trial 424 : [208, 17360, 2072, 11445, 15712]
trial 425 : [22235, 6834, 20882, 14080, 10555]
trial 426 : [19211, 6155, 19139, 13383, 2388]
trial 427 : [6119, 4531, 12332, 5847, 1528]
trial 428 : [19927, 10592, 21224, 22420, 5505]
trial 429 : [6, 14981, 12435, 1681, 11675]
trial 430 : [1113, 1922, 15961, 20430, 19153]
trial 431 : [3456, 2586, 6498, 14509, 11960]
trial 432 : [21777, 9265, 691, 3484, 20907]
trial 433 : [11029, 17554, 3366, 2847, 8628]
trial 434 : [19290, 21861, 18467, 18018, 13136]
trial 435 : [11486, 7684, 20527, 12540, 22263]
trial 436 : [1296, 8024, 17279, 1400, 2616]
trial 437 : [2357, 4125, 10258, 4863, 2608]
trial 438 : [16366, 17551, 17287, 1928, 22273]
trial 439 : [5304, 19949, 22009, 10092, 9633]
trial 440 : [16485, 20080, 15704, 391, 8883]
trial 441 : [686, 2412, 21305, 14854, 20864]
trial 442 : [8928, 14951, 7008, 7360, 7090]
trial 443 : [14740, 9152, 7378, 20216, 6374]
trial 444 : [18790, 21201, 8503, 16385, 6304]
trial 445 : [17533, 19574, 8540, 10373, 6285]
trial 446 : [11707, 21436, 12507, 13664, 21801]
trial 447 : [19189, 21333, 6458, 263, 12530]
trial 448 : [836, 21951, 6057, 6171, 7709]
trial 449 : [2337, 8032, 20427, 15002, 3982]
trial 450 : [18797, 10877, 15007, 16084, 5119]
trial 451 : [3890, 9680, 13747, 19383, 6040]
trial 452 : [1548, 10859, 17275, 5211, 12084]
trial 453 : [12792, 21892, 10739, 15067, 2879]
trial 454 : [3682, 1006, 8948, 13141, 19579]
trial 455 : [9186, 19051, 4699, 18351, 5925]
trial 456 : [11156, 7373, 14066, 12329, 3221]
trial 457 : [22216, 5032, 8261, 7164, 15490]
trial 458 : [5317, 1863, 312, 705, 11437]
trial 459 : [19209, 2430, 10034, 2903, 12745]
trial 460 : [1191, 11923, 17172, 10771, 18731]
trial 461 : [3843, 1464, 19455, 15637, 10138]
trial 462 : [22247, 5023, 20513, 17224, 6270]
trial 463 : [3579, 1637, 14425, 2044, 4591]
trial 464 : [16750, 17724, 585, 4360, 2862]
trial 465 : [20994, 13796, 15393, 13458, 20600]
trial 466 : [20987, 6102, 5270, 4513, 20046]
trial 467 : [4503, 11696, 13072, 4888, 22091]
trial 468 : [14896, 6855, 22195, 765, 13393]
trial 469 : [21254, 19142, 7768, 8364, 22237]
trial 470 : [12396, 589, 2671, 3568, 16431]
trial 471 : [4849, 3341, 12447, 3511, 14836]
trial 472 : [5306, 8445, 3710, 18056, 18383]
trial 473 : [17667, 18325, 919, 18811, 3805]
trial 474 : [11113, 13745, 18207, 20724, 19902]
trial 475 : [2326, 16078, 5606, 20280, 20061]
trial 476 : [8955, 16930, 10590, 4924, 17615]
trial 477 : [3673, 14015, 4777, 7820, 9213]
trial 478 : [5218, 20469, 12005, 3182, 14518]
trial 479 : [3609, 3107, 8301, 6415, 8055]
trial 480 : [18736, 14638, 2839, 760, 6180]
trial 481 : [9170, 13998, 15067, 17473, 7241]
trial 482 : [4119, 15377, 15742, 4999, 11715]
trial 483 : [16192, 18691, 5344, 9508, 7287]
trial 484 : [10507, 21798, 10700, 16162, 10938]
trial 485 : [5953, 8612, 3534, 15724, 16913]
trial 486 : [6217, 2403, 17699, 13172, 17253]
trial 487 : [4773, 11320, 6248, 3764, 1445]
trial 488 : [13009, 9111, 8774, 332, 18729]
trial 489 : [111, 1761, 17964, 20687, 13732]
trial 490 : [8946, 14439, 12158, 16928, 3187]
trial 491 : [5036, 8640, 14379, 938, 10786]
trial 492 : [5813, 4686, 4416, 478, 15289]
trial 493 : [18276, 22430, 15429, 1181, 16875]
trial 494 : [19051, 2585, 21825, 12583, 15289]
trial 495 : [12242, 2692, 7707, 18187, 8641]
trial 496 : [2979, 14883, 5451, 17033, 2111]
trial 497 : [5541, 777, 10166, 2458, 8193]
trial 498 : [3169, 9047, 17595, 2241, 11836]
trial 499 : [20540, 13536, 20144, 6836, 9672]
trial 500 : [7257, 20494, 10408, 107, 7162]
trial 501 : [13992, 7575, 5148, 16813, 6201]
trial 502 : [15180, 12048, 1712, 11923, 4232]
trial 503 : [15666, 3537, 8227, 6475, 5971]
trial 504 : [4270, 17266, 8925, 7653, 6791]
trial 505 : [11939, 3699, 19305, 18591, 1878]
trial 506 : [16735, 1648, 11203, 5313, 9179]
trial 507 : [19257, 21385, 5401, 5408, 1475]
trial 508 : [22110, 13782, 11753, 20607, 19751]
trial 509 : [13836, 9343, 4223, 7469, 2078]
trial 510 : [17544, 19175, 10382, 70, 22260]
trial 511 : [20507, 15978, 7192, 14370, 5146]
trial 512 : [10366, 2411, 10409, 9379, 1838]
trial 513 : [17589, 10803, 6282, 10513, 8344]
trial 514 : [7290, 4393, 5431, 22380, 7773]
trial 515 : [6648, 106, 6568, 8635, 13203]
trial 516 : [14773, 7706, 15778, 18807, 20387]
trial 517 : [9783, 4555, 7974, 10858, 2874]
trial 518 : [12005, 8699, 21822, 20124, 2550]
trial 519 : [9747, 15965, 5591, 7197, 11426]
trial 520 : [8680, 17199, 8900, 15421, 18638]
trial 521 : [5193, 2136, 21308, 18995, 18520]
trial 522 : [15634, 16700, 13147, 1533, 15110]
trial 523 : [2295, 4764, 14445, 5898, 17595]
trial 524 : [12797, 9720, 16859, 14379, 19326]
trial 525 : [3058, 15972, 918, 6436, 3483]
trial 526 : [558, 7596, 5636, 16770, 18045]
trial 527 : [17263, 16846, 20122, 17401, 13328]
trial 528 : [15537, 16045, 22382, 21405, 18484]
trial 529 : [15085, 19729, 8836, 14693, 9207]
trial 530 : [10333, 5005, 9422, 16196, 936]
trial 531 : [4052, 19787, 22230, 9594, 17937]
trial 532 : [1982, 211, 2583, 1243, 18646]
trial 533 : [2122, 15522, 8773, 14538, 5197]
trial 534 : [4980, 5608, 13463, 21595, 6852]
trial 535 : [5639, 2631, 4585, 5208, 13588]
trial 536 : [8517, 2033, 3356, 3578, 740]
trial 537 : [8572, 22290, 3149, 13401, 6816]
trial 538 : [21428, 11691, 16756, 2344, 13128]
trial 539 : [17612, 12765, 20042, 10062, 17443]
trial 540 : [13211, 337, 14541, 22263, 21204]
trial 541 : [18566, 10774, 5920, 13417, 17580]
trial 542 : [12193, 6147, 9356, 17561, 1618]
trial 543 : [16920, 7626, 17952, 3021, 21124]
trial 544 : [3197, 2905, 17663, 718, 13984]
trial 545 : [18158, 14375, 20200, 16948, 19799]
trial 546 : [7418, 14594, 1160, 9140, 8352]
trial 547 : [8576, 2713, 20472, 9720, 9518]
trial 548 : [5599, 8740, 2782, 5380, 3430]
trial 549 : [12298, 17547, 15206, 13117, 3259]
trial 550 : [20526, 1107, 19877, 17614, 11600]
trial 551 : [13895, 1290, 20068, 13637, 22099]
trial 552 : [18553, 18382, 6937, 18673, 3091]
trial 553 : [7219, 10390, 9538, 2104, 19551]
trial 554 : [15389, 5337, 2215, 12223, 16161]
trial 555 : [1057, 13222, 4366, 4148, 10225]
trial 556 : [14226, 3128, 7882, 10821, 6896]
trial 557 : [19719, 16920, 10893, 6722, 1778]
trial 558 : [13122, 22232, 8357, 9537, 16337]
trial 559 : [4924, 492, 17622, 8221, 806]
trial 560 : [1719, 3021, 15485, 17962, 22014]
trial 561 : [709, 9536, 20868, 5514, 5593]
trial 562 : [16904, 3662, 11282, 17421, 18310]
trial 563 : [21743, 2044, 17478, 17776, 20675]
trial 564 : [9138, 17790, 19043, 1285, 21617]
trial 565 : [7771, 1514, 17475, 20980, 20204]
trial 566 : [8555, 20765, 8337, 14839, 16946]
trial 567 : [18000, 21009, 16937, 10746, 12485]
trial 568 : [22116, 15027, 4070, 14037, 11521]
trial 569 : [14571, 19216, 1043, 17233, 18667]
trial 570 : [12309, 10905, 2396, 8873, 2121]
trial 571 : [2070, 2510, 793, 115, 7795]
trial 572 : [8016, 8156, 13607, 20293, 9589]
trial 573 : [8712, 891, 9473, 20247, 16638]
trial 574 : [9232, 15989, 5109, 6736, 9727]
trial 575 : [7539, 10047, 7503, 42, 2392]
trial 576 : [22462, 18702, 5816, 12741, 12351]
trial 577 : [21576, 1769, 16731, 375, 20863]
trial 578 : [21496, 2528, 15567, 738, 15222]
trial 579 : [15886, 19991, 8625, 6282, 1148]
trial 580 : [2635, 5106, 22251, 13949, 7585]
trial 581 : [4772, 13713, 524, 5133, 2015]
trial 582 : [6869, 12652, 18253, 12388, 20301]
trial 583 : [10471, 8919, 10778, 13418, 8177]
trial 584 : [14065, 8425, 4484, 10905, 6416]
trial 585 : [10856, 21597, 14125, 21730, 3293]
trial 586 : [16771, 13353, 6507, 3715, 4865]
trial 587 : [20044, 17066, 3445, 5059, 2355]
trial 588 : [20977, 21761, 20848, 16359, 2757]
trial 589 : [14972, 3093, 10923, 22170, 5889]
trial 590 : [2935, 1069, 12030, 18379, 2578]
trial 591 : [22027, 6672, 15710, 4140, 14644]
trial 592 : [9103, 17985, 129, 19752, 18487]
trial 593 : [20079, 19595, 18362, 9971, 20146]
trial 594 : [11199, 5370, 9718, 6263, 3444]
trial 595 : [1362, 19024, 11277, 22339, 9685]
trial 596 : [19170, 5883, 3306, 14639, 705]
trial 597 : [9652, 2590, 9443, 444, 15334]
trial 598 : [5319, 17361, 3392, 156, 13384]
trial 599 : [12828, 9965, 18694, 19922, 13919]
trial 600 : [9818, 18200, 11678, 10805, 2371]
trial 601 : [15229, 19616, 13788, 7161, 4224]
trial 602 : [1754, 11720, 7802, 9537, 21124]
trial 603 : [1642, 20307, 3644, 6437, 3691]
trial 604 : [5546, 8668, 11676, 10576, 10990]
trial 605 : [15644, 10907, 14919, 7191, 15813]
trial 606 : [5132, 13003, 5208, 15063, 12849]
trial 607 : [3502, 15166, 644, 8923, 12312]
trial 608 : [1874, 10660, 21463, 4476, 10535]
trial 609 : [18867, 6250, 11316, 980, 17522]
trial 610 : [22153, 19646, 10260, 15893, 5519]
trial 611 : [17999, 12805, 1716, 15345, 5652]
trial 612 : [9331, 20041, 8813, 9175, 11034]
trial 613 : [9195, 5196, 21431, 4088, 5313]
trial 614 : [1753, 1931, 6049, 13443, 8284]
trial 615 : [2656, 16007, 13155, 21639, 17859]
trial 616 : [8288, 6368, 5239, 13025, 9600]
trial 617 : [19278, 20807, 4634, 4886, 17221]
trial 618 : [4540, 13413, 16023, 16071, 21188]
trial 619 : [13034, 676, 3234, 15017, 4697]
trial 620 : [13422, 14773, 5303, 10411, 12296]
trial 621 : [4189, 6641, 10481, 5105, 16010]
trial 622 : [9681, 18658, 10643, 10679, 7915]
trial 623 : [2505, 19868, 18972, 3061, 5860]
trial 624 : [18424, 11, 19459, 17471, 5677]
trial 625 : [18999, 18991, 801, 14714, 14774]
trial 626 : [8853, 8241, 13954, 20419, 6485]
trial 627 : [13723, 2695, 17440, 4677, 14120]
trial 628 : [22232, 8414, 15977, 5577, 2862]
trial 629 : [9399, 17058, 20126, 15855, 2746]
trial 630 : [2495, 12766, 5123, 9370, 6311]
trial 631 : [6450, 7115, 4651, 17580, 4832]
trial 632 : [15673, 13491, 15317, 335, 2519]
trial 633 : [1808, 7649, 2567, 19251, 17717]
trial 634 : [8196, 20782, 4821, 14497, 10218]
trial 635 : [480, 15522, 15939, 17327, 18672]
trial 636 : [19518, 18014, 7056, 6233, 18884]
trial 637 : [11971, 19692, 20341, 14174, 12709]
trial 638 : [12689, 20358, 11872, 17202, 13877]
trial 639 : [4781, 19468, 13898, 22169, 13462]
trial 640 : [8388, 8309, 1837, 21041, 1023]
trial 641 : [12581, 13972, 880, 20151, 776]
trial 642 : [1000, 11613, 17392, 15225, 8206]
trial 643 : [13464, 19293, 7791, 2597, 12294]
trial 644 : [21751, 7287, 17044, 10048, 17401]
trial 645 : [8152, 6097, 15651, 4860, 12303]
trial 646 : [19305, 21686, 6250, 21288, 13279]
trial 647 : [15537, 21229, 14145, 7621, 2534]
trial 648 : [3518, 21938, 19013, 13859, 18830]
trial 649 : [22030, 17823, 6167, 15879, 8137]
trial 650 : [21796, 21923, 11827, 13151, 18152]
trial 651 : [4630, 22263, 9390, 4691, 19459]
trial 652 : [22018, 1479, 4080, 9379, 20652]
trial 653 : [12286, 19033, 17210, 9823, 9213]
trial 654 : [171, 1767, 10706, 15862, 6449]
trial 655 : [11673, 20974, 18110, 13702, 4398]
trial 656 : [3051, 5743, 1429, 21785, 19659]
trial 657 : [2858, 17474, 12902, 10549, 23]
trial 658 : [4790, 8298, 16500, 8685, 1041]
trial 659 : [2590, 4687, 21617, 16882, 918]
trial 660 : [13827, 20331, 636, 1203, 18738]
trial 661 : [6586, 18444, 6219, 14444, 6379]
trial 662 : [19332, 7649, 9887, 10671, 7437]
trial 663 : [8409, 17573, 12328, 10234, 806]
trial 664 : [20545, 9676, 14032, 2041, 22330]
trial 665 : [5884, 7123, 5809, 13808, 13681]
trial 666 : [11290, 15786, 15311, 6444, 11706]
trial 667 : [19367, 3640, 11514, 10827, 17347]
trial 668 : [1738, 21542, 15842, 12908, 17218]
trial 669 : [8473, 8472, 21199, 14403, 4295]
trial 670 : [18160, 12238, 20322, 8255, 9455]
trial 671 : [5537, 853, 1149, 3196, 9654]
trial 672 : [150, 14727, 4230, 10073, 20154]
trial 673 : [21509, 11316, 2896, 152, 3579]
trial 674 : [17603, 4714, 712, 19148, 20070]
trial 675 : [20544, 6147, 542, 1555, 167]
trial 676 : [13097, 20770, 21115, 14706, 6506]
trial 677 : [3528, 3046, 2938, 15595, 3879]
trial 678 : [243, 17607, 17797, 13884, 10885]
trial 679 : [10158, 21679, 12653, 4288, 21359]
trial 680 : [6186, 17457, 11983, 7404, 2874]
trial 681 : [7128, 2393, 14039, 17096, 15278]
trial 682 : [7706, 1893, 17733, 2330, 20783]
trial 683 : [15415, 1292, 17647, 1807, 22031]
trial 684 : [11224, 1887, 13200, 21262, 700]
trial 685 : [13556, 1118, 21195, 18162, 5654]
trial 686 : [14129, 59, 12564, 5066, 16885]
trial 687 : [16730, 19072, 4191, 13073, 2770]
trial 688 : [1027, 2995, 20906, 1241, 17942]
trial 689 : [12174, 2158, 9294, 6705, 12323]
trial 690 : [7914, 1693, 20313, 1574, 8775]
trial 691 : [13256, 6727, 1118, 14333, 769]
trial 692 : [3601, 8220, 19432, 20974, 13225]
trial 693 : [1190, 2111, 11906, 18295, 19586]
trial 694 : [18803, 16290, 15631, 4595, 18979]
trial 695 : [21381, 1824, 15258, 9218, 10807]
trial 696 : [12794, 10405, 2150, 16493, 7064]
trial 697 : [9871, 522, 16412, 20551, 16402]
trial 698 : [4850, 17332, 10316, 18291, 10519]
trial 699 : [2396, 7477, 20164, 8192, 595]
trial 700 : [15894, 6969, 4753, 10815, 8830]
trial 701 : [14483, 789, 21029, 21310, 18412]
trial 702 : [21929, 14596, 6466, 3873, 20624]
trial 703 : [3169, 4479, 2291, 1880, 1235]
trial 704 : [14809, 18986, 15876, 8163, 12328]
trial 705 : [12349, 10524, 12579, 20627, 10263]
trial 706 : [1060, 17258, 20531, 13987, 11057]
trial 707 : [10390, 8838, 10484, 17725, 20713]
trial 708 : [246, 2241, 13361, 1228, 16908]
trial 709 : [2050, 14325, 4815, 13454, 1397]
trial 710 : [18582, 17854, 10029, 20835, 192]
trial 711 : [10123, 16337, 6932, 21556, 16712]
trial 712 : [5787, 11841, 4771, 19761, 5425]
trial 713 : [6617, 7843, 2151, 16452, 3618]
trial 714 : [2410, 4514, 6389, 14918, 15140]
trial 715 : [14515, 2745, 8257, 13481, 11602]
trial 716 : [7402, 5618, 15465, 16267, 20920]
trial 717 : [6527, 15868, 10256, 156, 15106]
trial 718 : [7709, 766, 18027, 16158, 13369]
trial 719 : [7782, 12685, 9567, 21703, 7360]
trial 720 : [2983, 15916, 11181, 2668, 20750]
trial 721 : [1056, 4580, 17285, 7450, 4281]
trial 722 : [602, 10654, 16885, 22067, 10324]
trial 723 : [7861, 21313, 21343, 15279, 3834]
trial 724 : [14976, 18082, 4148, 17723, 3775]
trial 725 : [21427, 9680, 9055, 16085, 17820]
trial 726 : [22147, 11309, 983, 5607, 20645]
trial 727 : [13281, 9752, 16618, 3728, 7933]
trial 728 : [4069, 393, 18606, 980, 7454]
trial 729 : [22151, 8391, 20212, 12492, 296]
trial 730 : [8774, 21053, 12026, 659, 21791]
trial 731 : [3557, 19784, 9206, 1088, 12603]
trial 732 : [19186, 5878, 3382, 9773, 2794]
trial 733 : [16228, 8307, 5360, 11968, 22254]
trial 734 : [4158, 5537, 21555, 19135, 9349]
trial 735 : [11962, 11789, 6886, 14105, 20692]
trial 736 : [8742, 16911, 974, 15930, 19404]
trial 737 : [16508, 17376, 13202, 2226, 1178]
trial 738 : [15747, 9616, 18925, 16643, 15150]
trial 739 : [7499, 16192, 14162, 1791, 12285]
trial 740 : [1037, 22320, 4381, 10058, 6384]
trial 741 : [11953, 8041, 14083, 16637, 16258]
trial 742 : [11415, 2736, 16167, 14067, 10102]
trial 743 : [13564, 21435, 7398, 11751, 14017]
trial 744 : [18033, 8706, 19797, 11915, 9477]
trial 745 : [3719, 20234, 21364, 858, 20111]
trial 746 : [11109, 8488, 14430, 16708, 3445]
trial 747 : [9231, 19121, 13803, 8546, 575]
trial 748 : [17666, 9780, 3912, 16153, 5225]
trial 749 : [12940, 8675, 85, 11363, 14003]
trial 750 : [7058, 4266, 10518, 15867, 12018]
trial 751 : [16142, 15436, 5090, 2067, 13077]
trial 752 : [4251, 739, 2741, 4392, 17855]
trial 753 : [6701, 721, 4114, 14014, 10697]
trial 754 : [8500, 6515, 6614, 8596, 16255]
trial 755 : [1577, 19941, 11882, 18420, 14040]
trial 756 : [8020, 7406, 13317, 10540, 1638]
trial 757 : [16517, 21415, 14989, 14007, 8633]
trial 758 : [3220, 6845, 17077, 2704, 2773]
trial 759 : [6938, 818, 2385, 9245, 466]
trial 760 : [14069, 11283, 831, 9215, 4661]
trial 761 : [3312, 7479, 19160, 3496, 6291]
trial 762 : [16301, 14659, 12572, 22418, 2309]
trial 763 : [970, 9724, 6958, 15284, 19398]
trial 764 : [12369, 13500, 8277, 10697, 10]
trial 765 : [8762, 18190, 15399, 17923, 7979]
trial 766 : [9394, 21922, 7296, 15531, 11814]
trial 767 : [14867, 13797, 5300, 1213, 19386]
trial 768 : [18625, 19437, 18798, 9906, 22174]
trial 769 : [18380, 3481, 15436, 11920, 21047]
trial 770 : [18181, 19121, 10880, 15424, 6388]
trial 771 : [11061, 17889, 13072, 22155, 12404]
trial 772 : [3763, 7196, 5082, 4186, 9128]
trial 773 : [17807, 19185, 16971, 15137, 20022]
trial 774 : [20833, 2179, 8422, 9853, 2053]
trial 775 : [14471, 3682, 14514, 17414, 4350]
trial 776 : [17456, 8739, 19645, 13997, 10995]
trial 777 : [21736, 22388, 20177, 14766, 16704]
trial 778 : [5109, 19216, 10900, 17946, 3474]
trial 779 : [2514, 3381, 1814, 5212, 6407]
trial 780 : [8524, 11246, 7926, 18385, 21548]
trial 781 : [18498, 9681, 14636, 4855, 17636]
trial 782 : [301, 16846, 17362, 19050, 13207]
trial 783 : [15556, 21569, 10873, 4621, 12138]
trial 784 : [15025, 1313, 448, 1092, 21661]
trial 785 : [10730, 8982, 16044, 6040, 21998]
trial 786 : [20152, 13164, 8887, 22427, 31]
trial 787 : [16297, 10508, 15199, 516, 11534]
trial 788 : [13177, 7311, 8857, 16718, 14334]
trial 789 : [2124, 14515, 20026, 4032, 4404]
trial 790 : [15198, 1257, 17886, 10458, 13506]
trial 791 : [9382, 7759, 19644, 19077, 8568]
trial 792 : [13376, 22182, 8091, 11743, 10905]
trial 793 : [7734, 11036, 6969, 12272, 165]
trial 794 : [20261, 8618, 3809, 6781, 13552]
trial 795 : [12683, 13015, 19861, 7910, 20686]
trial 796 : [22411, 8124, 13069, 966, 2466]
trial 797 : [22428, 15741, 3055, 12042, 9365]
trial 798 : [9641, 8692, 584, 13516, 2997]
trial 799 : [18358, 17282, 16544, 11780, 10054]
trial 800 : [2383, 12875, 22184, 10951, 3327]
trial 801 : [8216, 13018, 1595, 21653, 910]
trial 802 : [20197, 8496, 12411, 5773, 12324]
trial 803 : [19671, 6584, 7056, 11364, 1939]
trial 804 : [18838, 17193, 8847, 11687, 21491]
trial 805 : [9427, 20742, 14885, 14143, 6205]
trial 806 : [14854, 19587, 3435, 12347, 2963]
trial 807 : [17512, 16574, 8895, 11174, 3722]
trial 808 : [5932, 14458, 16384, 20920, 20443]
trial 809 : [11684, 15065, 22309, 11749, 6266]
trial 810 : [21717, 21262, 5563, 14543, 14396]
trial 811 : [16165, 19484, 20403, 9808, 20232]
trial 812 : [13121, 20690, 7769, 10729, 20673]
trial 813 : [10480, 7269, 17074, 12708, 20338]
trial 814 : [12332, 9349, 16867, 922, 22023]
trial 815 : [11954, 12120, 19431, 4953, 13643]
trial 816 : [8115, 760, 11146, 13852, 16558]
trial 817 : [17015, 11572, 22294, 16784, 237]
trial 818 : [21307, 18500, 18284, 10464, 8516]
trial 819 : [16194, 1098, 19522, 3333, 17413]
trial 820 : [18426, 11409, 20839, 12818, 21453]
trial 821 : [15913, 14801, 17426, 1481, 17755]
trial 822 : [20821, 1962, 11904, 3727, 21615]
trial 823 : [18989, 18180, 14174, 20630, 6465]
trial 824 : [541, 2925, 1995, 14046, 2360]
trial 825 : [5371, 10018, 5189, 3237, 15197]
trial 826 : [13629, 19057, 14133, 3005, 9416]
trial 827 : [5064, 11184, 4356, 3351, 7655]
trial 828 : [19160, 6773, 21183, 3299, 15551]
trial 829 : [13576, 20407, 2320, 3306, 671]
trial 830 : [19776, 4529, 16522, 14188, 21614]
trial 831 : [5852, 9107, 21456, 2140, 4529]
trial 832 : [4622, 4226, 2573, 8454, 13306]
trial 833 : [1476, 18239, 10523, 3828, 7160]
trial 834 : [10095, 22289, 13648, 3677, 20548]
trial 835 : [4845, 1869, 657, 16670, 1269]
trial 836 : [21284, 9841, 1965, 20651, 10754]
trial 837 : [5364, 16210, 16451, 18504, 20782]
trial 838 : [4034, 15723, 9394, 276, 20607]
trial 839 : [13934, 14157, 10394, 2595, 2164]
trial 840 : [21489, 16758, 2195, 13981, 49]
trial 841 : [16467, 10513, 8666, 6998, 2825]
trial 842 : [17200, 11694, 21585, 16449, 9105]
trial 843 : [814, 20881, 2654, 3799, 12253]
trial 844 : [9368, 2051, 6744, 11039, 834]
trial 845 : [9930, 20780, 21360, 10568, 5678]
trial 846 : [15318, 14411, 15485, 2093, 19808]
trial 847 : [2470, 18758, 13720, 14327, 18904]
trial 848 : [981, 12886, 13007, 674, 13326]
trial 849 : [5973, 3406, 108, 18653, 17655]
trial 850 : [9668, 6500, 15006, 17756, 14586]
trial 851 : [21224, 3873, 4816, 22007, 11089]
trial 852 : [13473, 19362, 10464, 3818, 11328]
trial 853 : [19945, 9961, 1180, 7632, 7293]
trial 854 : [10069, 10003, 4681, 8375, 390]
trial 855 : [11974, 21552, 9762, 7339, 15213]
trial 856 : [5864, 20697, 3912, 18381, 20142]
trial 857 : [4918, 1390, 12182, 471, 10238]
trial 858 : [14948, 19601, 9561, 16573, 12128]
trial 859 : [17414, 16856, 21509, 3596, 13457]
trial 860 : [19924, 8119, 16142, 15902, 10732]
trial 861 : [803, 14367, 19947, 4019, 9547]
trial 862 : [2451, 10194, 8944, 5317, 18772]
trial 863 : [16933, 7136, 11005, 13071, 9492]
trial 864 : [8867, 57, 13984, 20290, 13039]
trial 865 : [18681, 11062, 10566, 4586, 11810]
trial 866 : [21360, 2817, 17915, 7416, 3104]
trial 867 : [745, 7565, 3685, 11927, 12284]
trial 868 : [5985, 18616, 2786, 10144, 13982]
trial 869 : [19490, 4082, 1858, 20293, 6705]
trial 870 : [14081, 10753, 3721, 17226, 22177]
trial 871 : [8522, 9436, 19897, 12721, 618]
trial 872 : [1263, 7703, 12791, 16918, 6937]
trial 873 : [21898, 18306, 2244, 10698, 7148]
trial 874 : [6432, 15585, 12749, 21831, 20343]
trial 875 : [1041, 3052, 1290, 4074, 12495]
trial 876 : [4909, 18794, 15678, 17881, 2534]
trial 877 : [21607, 8842, 12397, 12266, 1913]
trial 878 : [12701, 15729, 2983, 8961, 11742]
trial 879 : [1223, 3954, 16758, 18546, 19021]
trial 880 : [19930, 7639, 18144, 5423, 19819]
trial 881 : [14945, 1285, 13686, 7257, 667]
trial 882 : [9464, 20204, 3056, 8224, 18309]
trial 883 : [16662, 13275, 3552, 15169, 13096]
trial 884 : [17427, 4510, 18653, 5404, 347]
trial 885 : [9249, 6436, 7229, 67, 19182]
trial 886 : [5491, 4767, 12812, 14627, 7461]
trial 887 : [11837, 21672, 7623, 11347, 10073]
trial 888 : [21590, 21487, 3538, 4117, 20802]
trial 889 : [18771, 17362, 1417, 3275, 11220]
trial 890 : [21464, 14258, 16369, 18457, 13640]
trial 891 : [12083, 7356, 7534, 9791, 7141]
trial 892 : [4316, 7047, 19051, 3312, 1649]
trial 893 : [9228, 4697, 11482, 10682, 1627]
trial 894 : [283, 7516, 19944, 127, 9646]
trial 895 : [19288, 8475, 5730, 22081, 14378]
trial 896 : [21717, 19277, 11354, 5558, 968]
trial 897 : [3303, 6391, 8196, 498, 19816]
trial 898 : [1254, 752, 9745, 4736, 21263]
trial 899 : [3883, 3990, 12828, 9335, 12428]
trial 900 : [16267, 15647, 6523, 17022, 7972]
trial 901 : [15734, 5897, 17547, 19722, 9210]
trial 902 : [17926, 3726, 5504, 19940, 15512]
trial 903 : [9090, 13043, 5905, 15885, 7124]
trial 904 : [21805, 15861, 2076, 14496, 13989]
trial 905 : [5915, 3447, 8231, 9630, 17568]
trial 906 : [17883, 5832, 7009, 18665, 21126]
trial 907 : [6346, 21495, 11616, 21021, 11012]
trial 908 : [10408, 8633, 3951, 1923, 21267]
trial 909 : [13239, 6653, 4227, 17532, 10951]
trial 910 : [16935, 12506, 13769, 11431, 18876]
trial 911 : [19079, 10559, 3635, 11397, 17867]
trial 912 : [15689, 7389, 8633, 254, 3334]
trial 913 : [19183, 18882, 4186, 8393, 17201]
trial 914 : [7477, 22022, 306, 14993, 7108]
trial 915 : [5122, 1096, 12915, 19048, 2522]
trial 916 : [3729, 2874, 6767, 5129, 6550]
trial 917 : [11689, 18122, 13032, 12530, 14777]
trial 918 : [4203, 12664, 8341, 17563, 5223]
trial 919 : [11883, 15376, 6882, 12087, 21496]
trial 920 : [7568, 19538, 5040, 66, 1970]
trial 921 : [3525, 13216, 18665, 10970, 5269]
trial 922 : [7338, 8589, 5420, 1807, 2931]
trial 923 : [12772, 2773, 9484, 7558, 13646]
trial 924 : [6972, 15115, 10010, 9964, 19815]
trial 925 : [18869, 22112, 6854, 4646, 10663]
trial 926 : [19175, 8511, 6292, 8864, 13035]
trial 927 : [2729, 18003, 18315, 11577, 9892]
trial 928 : [19809, 12429, 6110, 4538, 50]
trial 929 : [3600, 6114, 8467, 1017, 17661]
trial 930 : [1351, 4073, 20533, 8938, 16437]
trial 931 : [9926, 655, 3359, 11680, 16172]
trial 932 : [6854, 6097, 10650, 14422, 15566]
trial 933 : [6957, 8692, 7422, 14310, 1760]
trial 934 : [14269, 17582, 9317, 21253, 6879]
trial 935 : [11634, 5376, 3760, 8763, 12178]
trial 936 : [19795, 13689, 14783, 18857, 4298]
trial 937 : [3847, 3339, 18348, 15211, 11623]
trial 938 : [20328, 17137, 2274, 21269, 1516]
trial 939 : [12508, 21579, 14029, 18447, 1901]
trial 940 : [17812, 14803, 8671, 15518, 8826]
trial 941 : [12756, 5713, 6604, 644, 9533]
trial 942 : [16446, 19277, 3472, 16275, 4188]
trial 943 : [15024, 13331, 2256, 1379, 22180]
trial 944 : [19136, 309, 9682, 7000, 126]
trial 945 : [15280, 6037, 10595, 6360, 802]
trial 946 : [4865, 20883, 12870, 1963, 11042]
trial 947 : [15687, 3144, 16152, 12411, 17084]
trial 948 : [4590, 3865, 21982, 11857, 838]
trial 949 : [17025, 15912, 3127, 15880, 8386]
trial 950 : [16027, 9440, 10197, 15010, 5396]
trial 951 : [4187, 16715, 16313, 7634, 7307]
trial 952 : [548, 12544, 16662, 12992, 7316]
trial 953 : [8915, 21434, 15311, 13031, 3437]
trial 954 : [553, 13965, 4357, 10981, 19524]
trial 955 : [13720, 9634, 4934, 12012, 12157]
trial 956 : [3707, 440, 13737, 6297, 18545]
trial 957 : [22450, 7165, 713, 1337, 18111]
trial 958 : [17858, 17861, 15427, 6900, 11227]
trial 959 : [11309, 21820, 11823, 1308, 14957]
trial 960 : [8543, 1536, 10865, 16799, 9142]
trial 961 : [11685, 6792, 6118, 9216, 11962]
trial 962 : [17374, 12483, 14659, 7878, 21354]
trial 963 : [14531, 11912, 3825, 6212, 13814]
trial 964 : [13183, 6403, 15862, 7474, 392]
trial 965 : [14197, 10402, 14080, 9856, 739]
trial 966 : [15464, 3104, 3129, 3904, 4791]
trial 967 : [11524, 16670, 8750, 16204, 2164]
trial 968 : [21216, 947, 14408, 5009, 13695]
trial 969 : [1401, 17889, 20117, 12145, 14870]
trial 970 : [9227, 1709, 3543, 2831, 16394]
trial 971 : [10361, 5019, 16343, 21354, 3517]
trial 972 : [6791, 10511, 15053, 16801, 5598]
trial 973 : [19403, 11814, 17495, 17072, 21608]
trial 974 : [11088, 13524, 14615, 18834, 13641]
trial 975 : [13651, 8135, 12960, 11505, 8547]
trial 976 : [22215, 2181, 1665, 1120, 1769]
trial 977 : [8744, 4604, 6616, 15563, 17241]
trial 978 : [1167, 10856, 19042, 9193, 6283]
trial 979 : [13315, 17515, 8121, 15120, 4409]
trial 980 : [10090, 15707, 9974, 7942, 2152]
trial 981 : [20673, 10759, 19781, 5174, 10726]
trial 982 : [19422, 21824, 19500, 21142, 10384]
trial 983 : [22389, 9161, 19628, 9323, 5327]
trial 984 : [9742, 9766, 21405, 6550, 7747]
trial 985 : [11203, 5197, 12282, 4491, 8252]
trial 986 : [20341, 14106, 17332, 15121, 12556]
trial 987 : [2726, 14554, 12949, 4959, 20602]
trial 988 : [3591, 2294, 8156, 7143, 8253]
trial 989 : [9620, 4802, 1060, 6678, 8096]
trial 990 : [18, 17537, 2134, 12089, 787]
trial 991 : [15647, 8539, 18763, 97, 14415]
trial 992 : [9599, 7145, 22313, 14767, 14111]
trial 993 : [7803, 21942, 17652, 10176, 21320]
trial 994 : [4140, 8940, 16796, 11926, 18483]
trial 995 : [7380, 19268, 15625, 13515, 17365]
trial 996 : [9140, 17391, 1688, 2523, 17934]
trial 997 : [22321, 7532, 3943, 20054, 1407]
trial 998 : [1637, 14828, 10086, 1839, 16020]
trial 999 : [15476, 6221, 381, 14361, 22318]
trial 1000 : [21740, 4085, 15257, 16401, 5077]
