0.001 0.038066864013671875
0.002 0.043415069580078125
0.003 0.04871368408203125
0.004 0.053981781005859375
0.005 0.05928802490234375
0.006 0.064483642578125
0.007 0.06984710693359375
0.008 0.07515335083007812
0.009 0.0804901123046875
0.01 0.08585357666015625
0.011 0.09119033813476562
0.012 0.09653091430664062
0.013 0.10189437866210938
0.014 0.10720443725585938
0.015 0.11251449584960938
0.016 0.11787796020507812
0.017 0.12318801879882812
0.018 0.12849807739257812
0.019 0.1338348388671875
0.02 0.13922500610351562
0.021 0.144561767578125
0.022 0.14989852905273438
0.023 0.15520858764648438
0.024 0.1605682373046875
0.025 0.165740966796875
0.026 0.1724395751953125
0.027 0.1777496337890625
0.028 0.1830596923828125
0.029 0.188446044921875
0.03 0.1938934326171875
0.031 0.19919967651367188
0.032 0.20453643798828125
0.033 0.20998382568359375
0.034 0.21537017822265625
0.035 0.22075653076171875
0.036 0.22603988647460938
0.037 0.23143386840820312
0.038 0.23666000366210938
0.039 0.24193572998046875
0.04 0.2471923828125
0.041 0.2526092529296875
0.042 0.2580223083496094
0.043 0.2633857727050781
0.044 0.2686653137207031
0.045 0.2739105224609375
0.046 0.27927398681640625
0.047 0.28455352783203125
0.048 0.2898826599121094
0.049 0.2951927185058594
0.05 0.3005523681640625
0.051 0.3058357238769531
0.052 0.3123970031738281
0.053 0.3177070617675781
0.054 0.3228950500488281
0.055 0.3282203674316406
0.056 0.33355712890625
0.057 0.338836669921875
0.058 0.3441162109375
0.059 0.34928131103515625
0.06 0.3544731140136719
0.061 0.3597831726074219
0.062 0.3650932312011719
0.063 0.37036895751953125
0.064 0.3757286071777344
0.065 0.38097381591796875
0.066 0.38614654541015625
0.067 0.3914222717285156
0.068 0.39673614501953125
0.069 0.40195465087890625
0.07 0.4071197509765625
0.071 0.41239166259765625
0.072 0.4175872802734375
0.073 0.4228057861328125
0.074 0.4281654357910156
0.075 0.4333610534667969
0.076 0.4386100769042969
0.077 0.4450798034667969
0.078 0.4503326416015625
0.079 0.4555244445800781
0.08 0.46063995361328125
0.081 0.4658088684082031
0.082 0.4710884094238281
0.083 0.4761466979980469
0.084 0.481475830078125
0.085 0.4865074157714844
0.086 0.49175262451171875
0.087 0.4969978332519531
0.088 0.502166748046875
0.089 0.5074386596679688
0.09 0.5127372741699219
0.091 0.5179023742675781
0.092 0.5229606628417969
0.093 0.5281028747558594
0.094 0.5331916809082031
0.095 0.5383338928222656
0.096 0.5435256958007812
0.097 0.5487442016601562
0.098 0.5539398193359375
0.099 0.5591316223144531
0.1 0.5643806457519531
0.101 0.5694961547851562
0.102 0.5747718811035156
0.103 0.5812454223632812
0.104 0.5863571166992188
0.105 0.5916824340820312
0.106 0.5968742370605469
0.107 0.6020126342773438
0.108 0.6071243286132812
0.109 0.6122627258300781
0.11 0.6173744201660156
0.111 0.6226768493652344
0.112 0.6278724670410156
0.113 0.6330642700195312
0.114 0.63812255859375
0.115 0.6432075500488281
0.116 0.6484603881835938
0.117 0.6535148620605469
0.118 0.658599853515625
0.119 0.6636314392089844
0.12 0.6687965393066406
0.121 0.6739616394042969
0.122 0.6791267395019531
0.123 0.68426513671875
0.124 0.689453125
0.125 0.6945648193359375
0.126 0.6997604370117188
0.127 0.7047920227050781
0.128 0.7097969055175781
0.129 0.7162132263183594
0.13 0.7213592529296875
0.131 0.7265281677246094
0.132 0.7318267822265625
0.133 0.7370758056640625
0.134 0.7422103881835938
0.135 0.7472991943359375
0.136 0.752410888671875
0.137 0.7577476501464844
0.138 0.7629127502441406
0.139 0.7681045532226562
0.14 0.7733001708984375
0.141 0.7783317565917969
0.142 0.7834205627441406
0.143 0.7885322570800781
0.144 0.7935104370117188
0.145 0.7984848022460938
0.146 0.8035736083984375
0.147 0.808685302734375
0.148 0.8138236999511719
0.149 0.8188819885253906
0.15 0.8239707946777344
0.151 0.8291969299316406
0.152 0.8343391418457031
0.153 0.8395004272460938
0.154 0.8458366394042969
0.155 0.8508415222167969
0.156 0.8558998107910156
0.157 0.8610382080078125
0.158 0.8660926818847656
0.159 0.8711471557617188
0.16 0.8762321472167969
0.161 0.8813247680664062
0.162 0.8864631652832031
0.163 0.8915214538574219
0.164 0.8966636657714844
0.165 0.9016647338867188
0.166 0.9067764282226562
0.167 0.9118881225585938
0.168 0.9169464111328125
0.169 0.9221687316894531
0.17 0.927337646484375
0.171 0.9324760437011719
0.172 0.9374809265136719
0.173 0.9425621032714844
0.174 0.9477005004882812
0.175 0.9527587890625
0.176 0.957733154296875
0.177 0.9627113342285156
0.178 0.9678497314453125
0.179 0.9729881286621094
0.18 0.9793853759765625
0.181 0.9845237731933594
0.182 0.9896125793457031
0.183 0.9946174621582031
0.184 0.9996490478515625
0.185 1.0047340393066406
0.186 1.0097084045410156
0.187 1.0147972106933594
0.188 1.0198287963867188
0.189 1.0249671936035156
0.19 1.029998779296875
0.191 1.0350914001464844
0.192 1.0402030944824219
0.193 1.045257568359375
0.194 1.0504264831542969
0.195 1.0555953979492188
0.196 1.0607070922851562
0.197 1.0659027099609375
0.198 1.0709877014160156
0.199 1.0760993957519531
0.2 1.0811347961425781
0.201 1.0862007141113281
0.202 1.0912590026855469
0.203 1.0963478088378906
0.204 1.1014328002929688
0.205 1.1063499450683594
0.206 1.1127433776855469
0.207 1.1179695129394531
0.208 1.1230545043945312
0.209 1.1281661987304688
0.21 1.1331977844238281
0.211 1.1381454467773438
0.212 1.1431770324707031
0.213 1.1481590270996094
0.214 1.1532974243164062
0.215 1.1584625244140625
0.216 1.1633110046386719
0.217 1.1683158874511719
0.218 1.1733283996582031
0.219 1.1782798767089844
0.22 1.1833915710449219
0.221 1.1884498596191406
0.222 1.1934585571289062
0.223 1.198516845703125
0.224 1.2034950256347656
0.225 1.208526611328125
0.226 1.2134780883789062
0.227 1.218536376953125
0.228 1.2236480712890625
0.229 1.2287063598632812
0.23 1.2337417602539062
0.231 1.240020751953125
0.232 1.245025634765625
0.233 1.2501907348632812
0.234 1.2552223205566406
0.235 1.2601127624511719
0.236 1.2651176452636719
0.237 1.2701759338378906
0.238 1.2751846313476562
0.239 1.2801361083984375
0.24 1.2851181030273438
0.241 1.2901763916015625
0.242 1.2951545715332031
0.243 1.3003883361816406
0.244 1.3054466247558594
0.245 1.310699462890625
0.246 1.3156776428222656
0.247 1.3206863403320312
0.248 1.3258247375488281
0.249 1.3307838439941406
0.25 1.335601806640625
0.251 1.3406333923339844
0.252 1.3454666137695312
0.253 1.3505058288574219
0.254 1.3555145263671875
0.255 1.3605232238769531
0.256 1.3653678894042969
0.257 1.3717155456542969
0.258 1.3767242431640625
0.259 1.3817596435546875
0.26 1.3867378234863281
0.261 1.3917465209960938
0.262 1.3968620300292969
0.263 1.4018440246582031
0.264 1.4070510864257812
0.265 1.4119796752929688
0.266 1.4170379638671875
0.267 1.4221115112304688
0.268 1.4271965026855469
0.269 1.4322547912597656
0.27 1.4374046325683594
0.271 1.4424362182617188
0.272 1.4474143981933594
0.273 1.4524993896484375
0.274 1.4575309753417969
0.275 1.4625663757324219
0.276 1.4677963256835938
0.277 1.472747802734375
0.278 1.4778099060058594
0.279 1.4828224182128906
0.28 1.4877471923828125
0.281 1.4927253723144531
0.282 1.4977569580078125
0.283 1.5041542053222656
0.284 1.5091094970703125
0.285 1.5140876770019531
0.286 1.5189628601074219
0.287 1.5239410400390625
0.288 1.5289726257324219
0.289 1.5340423583984375
0.29 1.5390548706054688
0.291 1.5438995361328125
0.292 1.5488243103027344
0.293 1.553863525390625
0.294 1.5589218139648438
0.295 1.5639533996582031
0.296 1.5690231323242188
0.297 1.5741767883300781
0.298 1.5792999267578125
0.299 1.5842247009277344
0.3 1.5891532897949219
0.301 1.5941047668457031
0.302 1.5991630554199219
0.303 1.6043128967285156
0.304 1.6093025207519531
0.305 1.6141471862792969
0.306 1.6190986633300781
0.307 1.6241416931152344
0.308 1.6304588317871094
0.309 1.6356124877929688
0.31 1.6405982971191406
0.311 1.6455230712890625
0.312 1.6504783630371094
0.313 1.6554527282714844
0.314 1.6604042053222656
0.315 1.66552734375
0.316 1.6705398559570312
0.317 1.6755447387695312
0.318 1.6807365417480469
0.319 1.6856613159179688
0.32 1.6907882690429688
0.321 1.6955833435058594
0.322 1.7005081176757812
0.323 1.7056655883789062
0.324 1.7106971740722656
0.325 1.7155952453613281
0.326 1.7205276489257812
0.327 1.7254524230957031
0.328 1.7305068969726562
0.329 1.7353973388671875
0.33 1.7406044006347656
0.331 1.7455825805664062
0.332 1.7507057189941406
0.333 1.7558021545410156
0.334 1.7619514465332031
0.335 1.7668228149414062
0.336 1.7718315124511719
0.337 1.7768936157226562
0.338 1.7819366455078125
0.339 1.7869415283203125
0.34 1.7918930053710938
0.341 1.7970695495605469
0.342 1.8020477294921875
0.343 1.8071098327636719
0.344 1.8121833801269531
0.345 1.8172836303710938
0.346 1.8221817016601562
0.347 1.8269996643066406
0.348 1.83203125
0.349 1.83709716796875
0.35 1.8421821594238281
0.351 1.8470611572265625
0.352 1.85205078125
0.353 1.856842041015625
0.354 1.8617706298828125
0.355 1.8667526245117188
0.356 1.8718528747558594
0.357 1.8767776489257812
0.358 1.8818435668945312
0.359 1.8880348205566406
0.36 1.8929061889648438
0.361 1.8977775573730469
0.362 1.9026756286621094
0.363 1.9076004028320312
0.364 1.9125823974609375
0.365 1.9175338745117188
0.366 1.9228134155273438
0.367 1.927764892578125
0.368 1.9326934814453125
0.369 1.9377670288085938
0.37 1.9427566528320312
0.371 1.9474678039550781
0.372 1.9523391723632812
0.373 1.9572601318359375
0.374 1.9621543884277344
0.375 1.9669990539550781
0.376 1.9720954895019531
0.377 1.9771385192871094
0.378 1.9820899963378906
0.379 1.98724365234375
0.38 1.9922904968261719
0.381 1.9971961975097656
0.382 2.002094268798828
0.383 2.006938934326172
0.384 2.011890411376953
0.385 2.0179595947265625
0.386 2.023143768310547
0.387 2.0280685424804688
0.388 2.0330810546875
0.389 2.038127899169922
0.39 2.0432815551757812
0.391 2.048381805419922
0.392 2.0533065795898438
0.393 2.058147430419922
0.394 2.0630455017089844
0.395 2.0681419372558594
0.396 2.0731735229492188
0.397 2.0780982971191406
0.398 2.083110809326172
0.399 2.088184356689453
0.4 2.093231201171875
0.401 2.0979385375976562
0.402 2.102783203125
0.403 2.1076812744140625
0.404 2.1126060485839844
0.405 2.117504119873047
0.406 2.1227989196777344
0.407 2.127696990966797
0.408 2.1327285766601562
0.409 2.137775421142578
0.41 2.1429290771484375
0.411 2.1492462158203125
0.412 2.1541175842285156
0.413 2.159015655517578
0.414 2.1638832092285156
0.415 2.1689109802246094
0.416 2.1739158630371094
0.417 2.1788482666015625
0.418 2.1840553283691406
0.419 2.1891822814941406
0.42 2.194110870361328
0.421 2.1989822387695312
0.422 2.2038803100585938
0.423 2.2086944580078125
0.424 2.213428497314453
0.425 2.218486785888672
0.426 2.2235755920410156
0.427 2.228527069091797
0.428 2.233562469482422
0.429 2.238555908203125
0.43 2.243682861328125
0.431 2.248424530029297
0.432 2.253265380859375
0.433 2.2581100463867188
0.434 2.2629470825195312
0.435 2.268096923828125
0.436 2.2743263244628906
0.437 2.279277801513672
0.438 2.2843170166015625
0.439 2.289417266845703
0.44 2.294322967529297
0.441 2.2992210388183594
0.442 2.3039817810058594
0.443 2.3088035583496094
0.444 2.3138885498046875
0.445 2.3193130493164062
0.446 2.3243446350097656
0.447 2.3292694091796875
0.448 2.3342857360839844
0.449 2.3394126892089844
0.45 2.3444252014160156
0.451 2.3493499755859375
0.452 2.354167938232422
0.453 2.3590354919433594
0.454 2.364025115966797
0.455 2.3689346313476562
0.456 2.3738861083984375
0.457 2.3789443969726562
0.458 2.383991241455078
0.459 2.389118194580078
0.46 2.3936424255371094
0.461 2.398487091064453
0.462 2.4046363830566406
0.463 2.4099044799804688
0.464 2.4148025512695312
0.465 2.4196739196777344
0.466 2.4246864318847656
0.467 2.429840087890625
0.468 2.434967041015625
0.469 2.439544677734375
0.47 2.4443359375
0.471 2.4491539001464844
0.472 2.4538612365722656
0.473 2.458812713623047
0.474 2.463939666748047
0.475 2.4690628051757812
0.476 2.473987579345703
0.477 2.478832244873047
0.478 2.4838180541992188
0.479 2.488811492919922
0.48 2.4938316345214844
0.481 2.4985198974609375
0.482 2.5032310485839844
0.483 2.508098602294922
0.484 2.513050079345703
0.485 2.5177841186523438
0.486 2.5226516723632812
0.487 2.527629852294922
0.488 2.5341339111328125
0.489 2.5390701293945312
0.49 2.543914794921875
0.491 2.5488204956054688
0.492 2.5539207458496094
0.493 2.5589675903320312
0.494 2.5639877319335938
0.495 2.568511962890625
0.496 2.573272705078125
0.497 2.5781173706054688
0.498 2.5830154418945312
0.499 2.5878868103027344
0.5 2.5927505493164062
0.501 2.5977020263671875
0.502 2.6027450561523438
0.503 2.6075897216796875
0.504 2.6125411987304688
0.505 2.6175537109375
0.506 2.622600555419922
0.507 2.6276473999023438
0.508 2.6325836181640625
0.509 2.6371078491210938
0.51 2.6418724060058594
0.511 2.6466903686523438
0.512 2.651531219482422
0.513 2.65765380859375
0.514 2.6625518798828125
0.515 2.667530059814453
0.516 2.67254638671875
0.517 2.677417755126953
0.518 2.682342529296875
0.519 2.6872787475585938
0.52 2.6924057006835938
0.521 2.697399139404297
0.522 2.7025527954101562
0.523 2.7074050903320312
0.524 2.7120323181152344
0.525 2.7168731689453125
0.526 2.721691131591797
0.527 2.7266159057617188
0.528 2.7315940856933594
0.529 2.7367019653320312
0.53 2.7417984008789062
0.531 2.74664306640625
0.532 2.7514915466308594
0.533 2.7564048767089844
0.534 2.7614517211914062
0.535 2.766338348388672
0.536 2.7711410522460938
0.537 2.7758255004882812
0.538 2.7805633544921875
0.539 2.786632537841797
0.54 2.7913970947265625
0.541 2.796295166015625
0.542 2.801219940185547
0.543 2.806171417236328
0.544 2.8112411499023438
0.545 2.8160858154296875
0.546 2.820903778076172
0.547 2.8258628845214844
0.548 2.830963134765625
0.549 2.8360366821289062
0.55 2.841136932373047
0.551 2.8462371826171875
0.552 2.8508987426757812
0.553 2.8555030822753906
0.554 2.8602676391601562
0.555 2.8650245666503906
0.556 2.869922637939453
0.557 2.8748703002929688
0.558 2.8798980712890625
0.559 2.8848228454589844
0.56 2.8897743225097656
0.561 2.894817352294922
0.562 2.8997840881347656
0.563 2.904804229736328
0.564 2.9097442626953125
0.565 2.915416717529297
0.566 2.920074462890625
0.567 2.9248085021972656
0.568 2.9295692443847656
0.569 2.9344139099121094
0.57 2.9394760131835938
0.571 2.944507598876953
0.572 2.9497337341308594
0.573 2.954925537109375
0.574 2.9599037170410156
0.575 2.9647216796875
0.576 2.969512939453125
0.577 2.9745864868164062
0.578 2.9796066284179688
0.579 2.9845733642578125
0.58 2.989482879638672
0.581 2.9939804077148438
0.582 2.99871826171875
0.583 3.003448486328125
0.584 3.0084266662597656
0.585 3.013458251953125
0.586 3.018596649169922
0.587 3.023468017578125
0.588 3.028339385986328
0.589 3.0331573486328125
0.59 3.0392799377441406
0.591 3.044178009033203
0.592 3.049144744873047
0.593 3.05413818359375
0.594 3.0591583251953125
0.595 3.064178466796875
0.596 3.0692520141601562
0.597 3.074352264404297
0.598 3.079273223876953
0.599 3.0838775634765625
0.6 3.088481903076172
0.601 3.093273162841797
0.602 3.0980911254882812
0.603 3.103069305419922
0.604 3.108020782470703
0.605 3.1131439208984375
0.606 3.118408203125
0.607 3.123279571533203
0.608 3.1282577514648438
0.609 3.1331024169921875
0.61 3.1379776000976562
0.611 3.1430511474609375
0.612 3.1479644775390625
0.613 3.152984619140625
0.614 3.157978057861328
0.615 3.16302490234375
0.616 3.1692543029785156
0.617 3.173778533935547
0.618 3.1783828735351562
0.619 3.183094024658203
0.62 3.1878585815429688
0.621 3.1927032470703125
0.622 3.197521209716797
0.623 3.202495574951172
0.624 3.2074241638183594
0.625 3.2122955322265625
0.626 3.217113494873047
0.627 3.2220115661621094
0.628 3.226776123046875
0.629 3.231761932373047
0.63 3.236835479736328
0.631 3.24188232421875
0.632 3.246929168701172
0.633 3.251842498779297
0.634 3.2568092346191406
0.635 3.2616348266601562
0.636 3.2662124633789062
0.637 3.270763397216797
0.638 3.275287628173828
0.639 3.2801055908203125
0.64 3.284923553466797
0.641 3.289661407470703
0.642 3.2957839965820312
0.643 3.300975799560547
0.644 3.305858612060547
0.645 3.3107566833496094
0.646 3.3155746459960938
0.647 3.320392608642578
0.648 3.325237274169922
0.649 3.3302001953125
0.65 3.3351402282714844
0.651 3.3401336669921875
0.652 3.34515380859375
0.653 3.3501205444335938
0.654 3.355060577392578
0.655 3.3599166870117188
0.656 3.3644676208496094
0.657 3.3690185546875
0.658 3.3737564086914062
0.659 3.3784942626953125
0.66 3.3832054138183594
0.661 3.3880233764648438
0.662 3.392841339111328
0.663 3.3978042602539062
0.664 3.4029808044433594
0.665 3.408100128173828
0.666 3.4129981994628906
0.667 3.4189605712890625
0.668 3.4238319396972656
0.669 3.4286766052246094
0.67 3.4335556030273438
0.671 3.4385223388671875
0.672 3.44354248046875
0.673 3.4484825134277344
0.674 3.453369140625
0.675 3.4582557678222656
0.676 3.4632225036621094
0.677 3.4682159423828125
0.678 3.4732627868652344
0.679 3.4781227111816406
0.68 3.4830894470214844
0.681 3.488109588623047
0.682 3.492633819580078
0.683 3.497051239013672
0.684 3.501628875732422
0.685 3.506389617919922
0.686 3.5109939575195312
0.687 3.5157814025878906
0.688 3.5205154418945312
0.689 3.52545166015625
0.69 3.5306358337402344
0.691 3.5357933044433594
0.692 3.5407562255859375
0.693 3.5467987060546875
0.694 3.551616668701172
0.695 3.5563812255859375
0.696 3.5611724853515625
0.697 3.566051483154297
0.698 3.5710983276367188
0.699 3.5759849548339844
0.7 3.580951690673828
0.701 3.5859451293945312
0.702 3.5908851623535156
0.703 3.595794677734375
0.704 3.6002655029296875
0.705 3.6047897338867188
0.706 3.6094207763671875
0.707 3.61407470703125
0.708 3.6188392639160156
0.709 3.6236572265625
0.71 3.628589630126953
0.711 3.633544921875
0.712 3.638774871826172
0.713 3.643566131591797
0.714 3.648357391357422
0.715 3.6531753540039062
0.716 3.6580734252929688
0.717 3.663036346435547
0.718 3.669231414794922
0.719 3.6742782592773438
0.72 3.6792449951171875
0.721 3.6842117309570312
0.722 3.689178466796875
0.723 3.6937026977539062
0.724 3.6982803344726562
0.725 3.7029647827148438
0.726 3.7077293395996094
0.727 3.712413787841797
0.728 3.7171783447265625
0.729 3.7219161987304688
0.73 3.7267074584960938
0.731 3.731578826904297
0.732 3.7367095947265625
0.733 3.7417945861816406
0.734 3.7465591430664062
0.735 3.75140380859375
0.736 3.756195068359375
0.737 3.7610435485839844
0.738 3.7659835815429688
0.739 3.7708168029785156
0.74 3.775836944580078
0.741 3.780750274658203
0.742 3.7856369018554688
0.743 3.7905311584472656
0.744 3.7961196899414062
0.745 3.8005905151367188
0.746 3.805194854736328
0.747 3.8099327087402344
0.748 3.814617156982422
0.749 3.819355010986328
0.75 3.8242530822753906
0.751 3.8293113708496094
0.752 3.834247589111328
0.753 3.8390655517578125
0.754 3.843883514404297
0.755 3.8486480712890625
0.756 3.8534393310546875
0.757 3.8582611083984375
0.758 3.8631744384765625
0.759 3.8680076599121094
0.76 3.8728675842285156
0.761 3.8777008056640625
0.762 3.882762908935547
0.763 3.8877525329589844
0.764 3.8923301696777344
0.765 3.8968276977539062
0.766 3.9014053344726562
0.767 3.9060630798339844
0.768 3.910747528076172
0.769 3.9154586791992188
0.77 3.9214744567871094
0.771 3.9262924194335938
0.772 3.931163787841797
0.773 3.9362945556640625
0.774 3.9413299560546875
0.775 3.9462814331054688
0.776 3.951019287109375
0.777 3.9558372497558594
0.778 3.9606552124023438
0.779 3.9654808044433594
0.78 3.970367431640625
0.781 3.97528076171875
0.782 3.980194091796875
0.783 3.985107421875
0.784 3.990020751953125
0.785 3.9949607849121094
0.786 4.000225067138672
0.787 4.004695892333984
0.788 4.009220123291016
0.789 4.0137176513671875
0.79 4.0182952880859375
0.791 4.022953033447266
0.792 4.027610778808594
0.793 4.032264709472656
0.794 4.036895751953125
0.795 4.042858123779297
0.796 4.047515869140625
0.797 4.052467346191406
0.798 4.057590484619141
0.799 4.062507629394531
0.8 4.0672454833984375
0.801 4.0721435546875
0.802 4.076881408691406
0.803 4.081733703613281
0.804 4.086620330810547
0.805 4.091560363769531
0.806 4.096366882324219
0.807 4.101173400878906
0.808 4.1060333251953125
0.809 4.111000061035156
0.81 4.1163330078125
0.811 4.121448516845703
0.812 4.125946044921875
0.813 4.130443572998047
0.814 4.134941101074219
0.815 4.13946533203125
0.816 4.144176483154297
0.817 4.148807525634766
0.818 4.153598785400391
0.819 4.158336639404297
0.82 4.1631011962890625
0.821 4.169086456298828
0.822 4.174243927001953
0.823 4.179393768310547
0.824 4.184333801269531
0.825 4.189178466796875
0.826 4.193889617919922
0.827 4.198627471923828
0.828 4.203365325927734
0.829 4.208103179931641
0.83 4.212902069091797
0.831 4.217815399169922
0.832 4.222648620605469
0.833 4.227428436279297
0.834 4.232234954833984
0.835 4.237068176269531
0.836 4.241954803466797
0.837 4.246814727783203
0.838 4.251945495605469
0.839 4.256622314453125
0.84 4.2610931396484375
0.841 4.265644073486328
0.842 4.2701416015625
0.843 4.274639129638672
0.844 4.279296875
0.845 4.283901214599609
0.846 4.288639068603516
0.847 4.2946014404296875
0.848 4.299617767333984
0.849 4.3046112060546875
0.85 4.30938720703125
0.851 4.314098358154297
0.852 4.318836212158203
0.853 4.323574066162109
0.854 4.328372955322266
0.855 4.33331298828125
0.856 4.338172912597656
0.857 4.343059539794922
0.858 4.3479461669921875
0.859 4.352779388427734
0.86 4.357585906982422
0.861 4.362445831298828
0.862 4.367603302001953
0.863 4.372566223144531
0.864 4.377063751220703
0.865 4.381641387939453
0.866 4.386112213134766
0.867 4.390689849853516
0.868 4.3954010009765625
0.869 4.400032043457031
0.87 4.404636383056641
0.871 4.409320831298828
0.872 4.4153900146484375
0.873 4.420204162597656
0.874 4.424976348876953
0.875 4.429634094238281
0.876 4.434318542480469
0.877 4.439056396484375
0.878 4.443794250488281
0.879 4.448490142822266
0.88 4.453350067138672
0.881 4.458183288574219
0.882 4.463069915771484
0.883 4.467769622802734
0.884 4.47265625
0.885 4.477516174316406
0.886 4.482269287109375
0.887 4.4874114990234375
0.888 4.49188232421875
0.889 4.496326446533203
0.89 4.500877380371094
0.891 4.505481719970703
0.892 4.5100860595703125
0.893 4.5147705078125
0.894 4.519374847412109
0.895 4.524005889892578
0.896 4.5286102294921875
0.897 4.533294677734375
0.898 4.539249420166016
0.899 4.544315338134766
0.9 4.549182891845703
0.901 4.553867340087891
0.902 4.558605194091797
0.903 4.5634002685546875
0.904 4.568233489990234
0.905 4.573146820068359
0.906 4.577980041503906
0.907 4.5828399658203125
0.908 4.587673187255859
0.909 4.592426300048828
0.91 4.597270965576172
0.911 4.601768493652344
0.912 4.606159210205078
0.913 4.610630035400391
0.914 4.615100860595703
0.915 4.619651794433594
0.916 4.624202728271484
0.917 4.628780364990234
0.918 4.633304595947266
0.919 4.637962341308594
0.92 4.6425933837890625
0.921 4.647464752197266
0.922 4.6525421142578125
0.923 4.657505035400391
0.924 4.663539886474609
0.925 4.668251037597656
0.926 4.673027038574219
0.927 4.677860260009766
0.928 4.682640075683594
0.929 4.6875
0.93 4.692279815673828
0.931 4.697086334228516
0.932 4.701866149902344
0.933 4.706836700439453
0.934 4.712158203125
0.935 4.716861724853516
0.936 4.721279144287109
0.937 4.725776672363281
0.938 4.730247497558594
0.939 4.734745025634766
0.94 4.739295959472656
0.941 4.743793487548828
0.942 4.748344421386719
0.943 4.752895355224609
0.944 4.757419586181641
0.945 4.761943817138672
0.946 4.7667083740234375
0.947 4.771629333496094
0.948 4.776378631591797
0.949 4.7821807861328125
0.95 4.786811828613281
0.951 4.79150390625
0.952 4.7963104248046875
0.953 4.8010101318359375
0.954 4.805736541748047
0.955 4.810462951660156
0.956 4.815162658691406
0.957 4.820335388183594
0.958 4.82501220703125
0.959 4.829456329345703
0.96 4.833900451660156
0.961 4.838371276855469
0.962 4.842815399169922
0.963 4.847286224365234
0.964 4.851757049560547
0.965 4.8563079833984375
0.966 4.860805511474609
0.967 4.8653564453125
0.968 4.8698272705078125
0.969 4.8744049072265625
0.97 4.879035949707031
0.971 4.883731842041016
0.972 4.888755798339844
0.973 4.893424987792969
0.974 4.898082733154297
0.975 4.903861999511719
0.976 4.9086151123046875
0.977 4.913368225097656
0.978 4.918174743652344
0.979 4.9229278564453125
0.98 4.9281158447265625
0.981 4.93341064453125
0.982 4.938266754150391
0.983 4.942710876464844
0.984 4.947181701660156
0.985 4.951652526855469
0.986 4.956123352050781
0.987 4.960594177246094
0.988 4.965091705322266
0.989 4.969669342041016
0.99 4.974246978759766
0.991 4.978916168212891
0.992 4.983676910400391
0.993 4.988285064697266
0.994 4.992923736572266
0.995 4.997623443603516
0.996 5.002323150634766
0.997 5.007022857666016
0.998 5.011722564697266
0.999 5.016666412353516
1 5.023124694824219
