0.001 1.5373488999903202
0.002 5.31146328151226
0.003 7.462138410657644
0.004 9.808902729302645
0.005 14.655877258628607
0.006 17.570039335638285
0.007 22.710867155343294
0.008 27.13632470369339
0.009 32.247211042791605
0.01 37.35335011780262
0.011 42.165258679538965
0.012 48.33293530344963
0.013 54.14371410384774
0.014 59.19446053355932
0.015 64.21740804985166
0.016 69.19510375335813
0.017 74.14114801213145
0.018 79.10517149418592
0.019 83.87781497091055
0.02 89.27110263332725
0.021 94.23001995310187
0.022 99.167983379215
0.023 104.11191671714187
0.024 108.38896690309048
0.025 112.02664279565215
0.026 118.14419612661004
0.027 122.97290652990341
0.028 127.79925152286887
0.029 132.26168788969517
0.03 138.07209109514952
0.031 142.27175745368004
0.032 147.01655149832368
0.033 152.7809523642063
0.034 156.93300307542086
0.035 160.83397763967514
0.036 165.61940740421414
0.037 171.43941462412477
0.038 175.0877850651741
0.039 178.32314233481884
0.04 183.13849565386772
0.041 188.35694900155067
0.042 192.908931363374
0.043 197.6633513495326
0.044 202.13740317896008
0.045 204.9939292408526
0.046 209.73044911399484
0.047 213.35062347725034
0.048 216.56242225691676
0.049 220.96140544116497
0.05 225.0734339095652
0.051 229.69782234728336
0.052 234.83207147195935
0.053 239.48138903826475
0.054 241.72158020362258
0.055 244.21126023679972
0.056 248.79484579712152
0.057 252.8187561146915
0.058 256.5152837559581
0.059 258.5292997509241
0.06 261.095150899142
0.061 265.8110921382904
0.062 270.5908904336393
0.063 273.72273406013846
0.064 277.9362669698894
0.065 280.0010202638805
0.066 283.60464779660106
0.067 286.66290951892734
0.068 291.87855030596256
0.069 294.8694442026317
0.07 297.29245441779494
0.071 299.72510201856494
0.072 302.6998704634607
0.073 304.73262463882565
0.074 308.8160171173513
0.075 311.832527987659
0.076 314.78716127201915
0.077 317.59888134524226
0.078 321.3454236127436
0.079 323.78303664550185
0.08 326.3416743129492
0.081 329.27218241617084
0.082 332.6915189474821
0.083 334.8190033957362
0.084 338.31129977479577
0.085 340.6852951273322
0.086 343.11905578896403
0.087 345.8637070171535
0.088 348.30854093655944
0.089 350.9706611074507
0.09 353.5980910360813
0.091 355.9444262087345
0.092 357.7836185209453
0.093 360.49311611801386
0.094 363.7955850176513
0.095 366.98741591721773
0.096 368.56721783056855
0.097 370.8377656638622
0.098 373.5646365471184
0.099 375.6448766849935
0.1 378.856483604759
0.101 381.3865792937577
0.102 384.47528748586774
0.103 387.97201174497604
0.104 389.89289527386427
0.105 392.72399235889316
0.106 395.0293314345181
0.107 397.67376682534814
0.108 399.2397494353354
0.109 401.53898829966784
0.11 403.1547177955508
0.111 406.3035743534565
0.112 408.78538225218654
0.113 411.50576539337635
0.114 413.03666710853577
0.115 415.1093000471592
0.116 418.635115776211
0.117 419.98675049096346
0.118 422.1427263393998
0.119 424.2072593793273
0.12 425.9842806942761
0.121 428.1998528987169
0.122 430.41027661785483
0.123 432.3146121390164
0.124 434.5373861640692
0.125 436.4278309121728
0.126 439.0500679798424
0.127 440.37616096809506
0.128 442.5893717445433
0.129 445.05213932320476
0.13 448.06267403811216
0.131 450.1345530040562
0.132 452.69534711539745
0.133 455.46793722733855
0.134 457.6489847525954
0.135 459.94882022589445
0.136 462.4116674438119
0.137 466.0774219930172
0.138 468.19776686653495
0.139 470.5418378189206
0.14 473.02136001363397
0.141 475.29371640458703
0.142 477.5504561290145
0.143 479.3048611059785
0.144 481.26049288734794
0.145 482.99846110492945
0.146 485.58154986053705
0.147 487.5756872333586
0.148 489.8751249611378
0.149 491.68288431316614
0.15 494.45758091285825
0.151 497.6044761836529
0.152 500.3283118121326
0.153 501.9312601201236
0.154 504.52062775939703
0.155 506.05272990465164
0.156 507.7538933493197
0.157 509.8791313394904
0.158 511.50566521659493
0.159 513.2756205759943
0.16 515.5192604400218
0.161 518.973804242909
0.162 520.315143790096
0.163 522.0125905536115
0.164 524.4929265417159
0.165 526.3726314231753
0.166 527.7654026597738
0.167 529.7323293611407
0.168 531.1153522580862
0.169 532.968700915575
0.17 536.2140254825354
0.171 538.5163662470877
0.172 539.9071333147585
0.173 541.8855788707733
0.174 543.9029358960688
0.175 545.1291266418993
0.176 547.1384646594524
0.177 548.7918876893818
0.178 550.9043698385358
0.179 553.038528457284
0.18 556.5703708827496
0.181 558.7419242300093
0.182 561.1322480738163
0.183 562.5826742351055
0.184 564.683378122747
0.185 566.605432368815
0.186 568.293012611568
0.187 570.7254412584007
0.188 572.0787123441696
0.189 574.0316546931863
0.19 576.0213617794216
0.191 578.3088625147939
0.192 579.7369898706675
0.193 581.0550345405936
0.194 584.0279228426516
0.195 586.2796909660101
0.196 587.5588814020157
0.197 589.6412670500576
0.198 591.4046785607934
0.199 593.4400782696903
0.2 595.2137596383691
0.201 597.5370627976954
0.202 599.5795498453081
0.203 601.774784706533
0.204 603.116104722023
0.205 604.8097956702113
0.206 607.6806357912719
0.207 609.7860984429717
0.208 610.9564300775528
0.209 612.480628348887
0.21 614.127212382853
0.211 615.3324097767472
0.212 616.6008863709867
0.213 618.1307906024158
0.214 620.7364965677261
0.215 622.6626810654998
0.216 624.7247491255403
0.217 626.0384744331241
0.218 627.8600853681564
0.219 629.629167675972
0.22 631.5636294595897
0.221 632.8486498594284
0.222 634.4374090321362
0.223 636.997445564717
0.224 638.7269752137363
0.225 639.9088319949806
0.226 641.3799390345812
0.227 643.1684310398996
0.228 645.0277367495
0.229 646.8595200590789
0.23 648.8023760169744
0.231 650.4354989863932
0.232 652.345606379211
0.233 654.2132484726608
0.234 655.3894165977836
0.235 656.5791875831783
0.236 658.5692772977054
0.237 660.4911279939115
0.238 662.5644156336784
0.239 663.7143927775323
0.24 665.2564050406218
0.241 667.0905441790819
0.242 668.9437414184213
0.243 670.4402514025569
0.244 672.4769361019135
0.245 674.6581429988146
0.246 675.8678761534393
0.247 678.2002674117684
0.248 679.9956241361797
0.249 682.3741178996861
0.25 683.7004239186645
0.251 684.8678194619715
0.252 685.8675856105983
0.253 689.518463075161
0.254 691.462992426008
0.255 693.4801697917283
0.256 694.7274311967194
0.257 696.956445146352
0.258 699.7618318870664
0.259 701.5314541384578
0.26 702.8296301327646
0.261 704.3407932557166
0.262 707.1175013296306
0.263 709.0320133939385
0.264 711.5220262147486
0.265 712.9971566200256
0.266 714.3205381967127
0.267 717.1420560628176
0.268 719.0982499420643
0.269 720.8808436878026
0.27 722.9914160221815
0.271 724.1796526685357
0.272 725.7945062704384
0.273 727.6200738251209
0.274 729.2062694914639
0.275 731.4256601445377
0.276 734.2738842517138
0.277 736.0673898719251
0.278 737.8801661171019
0.279 739.6795023456216
0.28 740.830483995378
0.281 742.2641388215125
0.282 743.9159881658852
0.283 746.6280078366399
0.284 748.1199173517525
0.285 749.2031809836626
0.286 750.810558564961
0.287 752.766765344888
0.288 754.5516853258014
0.289 756.6319228969514
0.29 759.1263152547181
0.291 760.3206378556788
0.292 761.551426678896
0.293 763.1532483622432
0.294 765.0880573429167
0.295 766.8124919496477
0.296 769.2396175973117
0.297 772.4695088751614
0.298 775.7893778085709
0.299 776.9760195836425
0.3 778.3240317329764
0.301 779.8446144983172
0.302 781.5728183984756
0.303 783.7932059466839
0.304 786.3284541815519
0.305 787.4775189608335
0.306 788.5746240094304
0.307 791.0151420868933
0.308 793.7830674909055
0.309 797.5872686319053
0.31 800.2158306539059
0.311 801.4547395445406
0.312 802.9244526997209
0.313 804.298909123987
0.314 805.7901943661273
0.315 807.9738513827324
0.316 810.261747341603
0.317 811.3560189791024
0.318 815.1556831933558
0.319 816.7662140838802
0.32 819.8628046289086
0.321 821.9097790420055
0.322 823.0881248898804
0.323 826.3210192397237
0.324 828.0596159398556
0.325 829.6276729144156
0.326 832.2480500973761
0.327 833.4691708423197
0.328 834.4650784470141
0.329 835.679536420852
0.33 839.0447185412049
0.331 840.7401557788253
0.332 842.8119669295847
0.333 845.4994763694704
0.334 846.8627124987543
0.335 847.9277188032866
0.336 849.3653551079333
0.337 851.1440767981112
0.338 854.3821701705456
0.339 855.5300481207669
0.34 856.73393144086
0.341 859.2996803820133
0.342 860.8548668771982
0.343 862.8228556774557
0.344 864.9980908408761
0.345 868.3287087455392
0.346 869.511396523565
0.347 870.6658493317664
0.348 871.9458236657083
0.349 874.4942933320999
0.35 875.9971536658704
0.351 877.802293498069
0.352 880.1620922908187
0.353 881.5695659071207
0.354 882.9399537369609
0.355 884.4708090275526
0.356 887.9364338256419
0.357 889.5725558958948
0.358 891.4823003746569
0.359 894.67756107077
0.36 895.811422213912
0.361 896.8048385046422
0.362 897.880865264684
0.363 898.8907782174647
0.364 900.1753896586597
0.365 901.644768062979
0.366 906.6088491715491
0.367 908.2405639626086
0.368 909.8574581630528
0.369 912.5541969053447
0.37 915.7381473518908
0.371 917.0495573319495
0.372 918.0960592031479
0.373 919.1459393464029
0.374 920.0710905231535
0.375 921.147437646985
0.376 925.5616281740367
0.377 928.092962116003
0.378 929.6067876368761
0.379 931.4582675211132
0.38 934.2652538232505
0.381 936.8568201474845
0.382 937.9250892437994
0.383 939.0167684517801
0.384 940.0263100415468
0.385 941.574140701443
0.386 945.0844433344901
0.387 946.683783005923
0.388 948.506604257971
0.389 950.4192856885493
0.39 952.5218082889915
0.391 955.0942602418363
0.392 956.0431755334139
0.393 957.0117192156613
0.394 958.0739107318223
0.395 960.5229284390807
0.396 962.038069140166
0.397 963.5418881289661
0.398 965.30581035465
0.399 967.6688295155764
0.4 971.190575145185
0.401 972.3801067508757
0.402 973.4222507439554
0.403 974.3763887025416
0.404 975.3929727785289
0.405 976.5714370496571
0.406 980.1033438406885
0.407 981.6484854891896
0.408 983.0975330993533
0.409 984.9920186512172
0.41 986.8351578265429
0.411 989.8820565678179
0.412 990.9184923879802
0.413 991.9167397134006
0.414 992.9762707613409
0.415 994.2330567017198
0.416 995.7029918171465
0.417 997.4516857080162
0.418 1000.5638364218175
0.419 1004.0904050506651
0.42 1005.8705371133983
0.421 1006.9018093831837
0.422 1007.9464894421399
0.423 1008.8942700177431
0.424 1009.8519357666373
0.425 1011.0282803438604
0.426 1013.2952982746065
0.427 1014.8661187775433
0.428 1016.2978879585862
0.429 1019.0745383761823
0.43 1022.597882848233
0.431 1024.4264746755362
0.432 1025.3903536088765
0.433 1026.4473376497626
0.434 1027.3778331056237
0.435 1029.8650865368545
0.436 1031.4587663076818
0.437 1032.7749091014266
0.438 1034.5712655447423
0.439 1037.0875403881073
0.44 1039.5331036038697
0.441 1040.5966560542583
0.442 1041.5543270669878
0.443 1042.8880169987679
0.444 1044.0042466409504
0.445 1049.8918444812298
0.446 1051.5572282411158
0.447 1052.8850925154984
0.448 1054.5401892848313
0.449 1057.4945142231882
0.45 1059.710480414331
0.451 1060.770593419671
0.452 1061.8255297131836
0.453 1062.7568311877549
0.454 1066.0590858720243
0.455 1068.8363843299448
0.456 1070.2854374982417
0.457 1071.5829652249813
0.458 1073.658478114754
0.459 1077.0824360698462
0.46 1078.521956730634
0.461 1079.5194616541266
0.462 1080.856325481087
0.463 1084.426630306989
0.464 1085.7737199179828
0.465 1087.0323468148708
0.466 1088.7093900628388
0.467 1090.9499208889902
0.468 1094.3871517144144
0.469 1095.7502838112414
0.47 1096.7695490792394
0.471 1097.8213296197355
0.472 1098.7847310081124
0.473 1099.8901837021112
0.474 1103.2451082020998
0.475 1105.819258827716
0.476 1107.18580731377
0.477 1108.5132071748376
0.478 1110.0140891969204
0.479 1112.157674305141
0.48 1115.5546788051724
0.481 1117.3911857567728
0.482 1118.452745962888
0.483 1119.3495064638555
0.484 1120.3388609066606
0.485 1121.2667253054678
0.486 1122.2814128622413
0.487 1123.294826027006
0.488 1128.2009380571544
0.489 1130.9209893718362
0.49 1132.2029040269554
0.491 1133.600618235767
0.492 1136.5171364173293
0.493 1139.8358932100236
0.494 1143.1576869934797
0.495 1144.5599391758442
0.496 1145.4908109903336
0.497 1146.5767897441983
0.498 1147.5733519233763
0.499 1148.5979733504355
0.5 1149.4817732721567
0.501 1150.582805506885
0.502 1153.069270722568
0.503 1154.2233666740358
0.504 1155.4654512517154
0.505 1157.0722119994462
0.506 1159.3615155927837
0.507 1162.6986335851252
0.508 1165.526815339923
0.509 1166.8422780148685
0.51 1167.853005617857
0.511 1168.7808365672827
0.512 1169.6634175628424
0.513 1170.957104459405
0.514 1172.0490579232574
0.515 1173.1309524774551
0.516 1175.7091303169727
0.517 1176.9320026300848
0.518 1178.1897415556014
0.519 1179.716808784753
0.52 1181.5231820009649
0.521 1184.8716078288853
0.522 1188.2498706541955
0.523 1190.5074066333473
0.524 1191.5130420066416
0.525 1192.4256515353918
0.526 1193.4835863150656
0.527 1194.5959760583937
0.528 1195.6597958095372
0.529 1199.1040528565645
0.53 1201.5254329554737
0.531 1202.78250034526
0.532 1204.1255529783666
0.533 1205.7781408578157
0.534 1207.978966910392
0.535 1211.3031773492694
0.536 1214.1029117144644
0.537 1215.1469626761973
0.538 1216.2274748720229
0.539 1217.5527710169554
0.54 1218.5353275686502
0.541 1219.5072113089263
0.542 1220.528269201517
0.543 1221.5444631949067
0.544 1223.9961011633277
0.545 1225.145947713405
0.546 1226.3874420821667
0.547 1227.785748962313
0.548 1229.89296149835
0.549 1233.1532853394747
0.55 1236.4238676093519
0.551 1239.7542881704867
0.552 1241.4876859039068
0.553 1242.7520203143358
0.554 1243.7858921214938
0.555 1244.6373678818345
0.556 1245.6711224094033
0.557 1246.6065265461802
0.558 1250.0880950652063
0.559 1251.2391581237316
0.56 1252.4052176438272
0.561 1254.0674495585263
0.562 1256.0195895209908
0.563 1259.3331644423306
0.564 1262.5387548841536
0.565 1264.6005607545376
0.566 1265.775816772133
0.567 1266.762640029192
0.568 1267.66050908342
0.569 1268.6863709539175
0.57 1269.8820386379957
0.571 1270.882499538362
0.572 1275.5110396035016
0.573 1280.0902944877744
0.574 1281.2480812743306
0.575 1282.3763992413878
0.576 1283.5671497620642
0.577 1285.121060013771
0.578 1287.9441029950976
0.579 1291.1546271294355
0.58 1293.988139051944
0.581 1295.2304984815419
0.582 1296.2046410664916
0.583 1297.0890633165836
0.584 1298.037222635001
0.585 1298.9752914868295
0.586 1303.203713323921
0.587 1304.3421538472176
0.588 1305.4827300086617
0.589 1306.5985362753272
0.59 1307.9980989322066
0.591 1309.092738352716
0.592 1310.8453591801226
0.593 1312.5918775722384
0.594 1315.8313028477132
0.595 1319.06149417907
0.596 1322.2432472892106
0.597 1325.4469726197422
0.598 1327.3245868198574
0.599 1328.5761203207076
0.6 1329.667216181755
0.601 1330.63891569525
0.602 1331.5948366336524
0.603 1332.566308874637
0.604 1333.5542306602001
0.605 1339.2625399380922
0.606 1345.0647013671696
0.607 1346.3593225479126
0.608 1347.4008044153452
0.609 1348.530098143965
0.61 1349.770095296204
0.611 1351.2640656530857
0.612 1352.719120722264
0.613 1355.12483067438
0.614 1358.2941749840975
0.615 1361.5163233615458
0.616 1364.140322342515
0.617 1365.3674098402262
0.618 1366.5043377317488
0.619 1367.4749484099448
0.62 1368.4833009168506
0.621 1369.4556143656373
0.622 1370.3704906068742
0.623 1373.7490434907377
0.624 1375.5218646787107
0.625 1376.7580202519894
0.626 1377.792568050325
0.627 1378.9166617468
0.628 1379.987135823816
0.629 1381.4910710416734
0.63 1382.9766498617828
0.631 1385.2431169338524
0.632 1388.4039058759809
0.633 1391.5342931002378
0.634 1394.7681541480124
0.635 1396.9415300041437
0.636 1398.1663624756038
0.637 1399.3929329887033
0.638 1400.5471587367356
0.639 1401.5497238114476
0.64 1402.519688129425
0.641 1403.4668632298708
0.642 1404.5885866731405
0.643 1409.1868683993816
0.644 1411.4389373213053
0.645 1412.476194664836
0.646 1413.5482063516974
0.647 1414.6382333897054
0.648 1415.7893841788173
0.649 1417.3302064836025
0.65 1418.9483975879848
0.651 1420.8483937233686
0.652 1423.950025293976
0.653 1427.1307520270348
0.654 1430.2884008921683
0.655 1432.8907184042037
0.656 1434.0947208702564
0.657 1435.2048115767539
0.658 1436.173559885472
0.659 1437.090541627258
0.66 1438.1030690036714
0.661 1439.005870744586
0.662 1439.9796497002244
0.663 1442.0978732407093
0.664 1447.7086853720248
0.665 1452.27024333179
0.666 1453.2846777439117
0.667 1454.592801861465
0.668 1455.6769121140242
0.669 1456.746034577489
0.67 1457.9738040976226
0.671 1459.407763801515
0.672 1460.8600218854845
0.673 1463.1640035435557
0.674 1466.3140455558896
0.675 1469.4288063384593
0.676 1472.5604321062565
0.677 1475.654096212238
0.678 1478.7902331501245
0.679 1481.9226400330663
0.68 1485.0697492025793
0.681 1488.2070053704083
0.682 1489.407799065113
0.683 1490.5807207226753
0.684 1491.7847299650311
0.685 1492.6985147595406
0.686 1493.6842988468707
0.687 1494.6425185389817
0.688 1495.5226870886981
0.689 1497.8000354915857
0.69 1503.5249475128949
0.691 1509.299760427326
0.692 1511.688243623823
0.693 1513.133882123977
0.694 1514.1686143875122
0.695 1515.2096059583127
0.696 1516.2494592182338
0.697 1517.534118898213
0.698 1519.1162655055523
0.699 1521.9409725889564
0.7 1525.0013103932142
0.701 1528.0898115038872
0.702 1531.1955374851823
0.703 1532.650484226644
0.704 1533.8067213371396
0.705 1534.955181568861
0.706 1536.035318184644
0.707 1536.9590729624033
0.708 1537.9240908361971
0.709 1538.8315559662879
0.71 1540.8645676076412
0.711 1546.4068271405995
0.712 1551.7298932559788
0.713 1553.1179808452725
0.714 1554.152933768928
0.715 1555.2009323053062
0.716 1556.238055896014
0.717 1557.5557597130537
0.718 1559.8119186274707
0.719 1562.9522449150681
0.72 1566.0038324259222
0.721 1569.081405878067
0.722 1572.1761969700456
0.723 1573.2586012259126
0.724 1574.4031758531928
0.725 1575.3826593719423
0.726 1576.3079742975533
0.727 1577.304642163217
0.728 1578.2523336522281
0.729 1579.2009301297367
0.73 1580.0097199492157
0.731 1580.8687820471823
0.732 1586.6231940351427
0.733 1590.489226512611
0.734 1591.5146952681243
0.735 1592.4937621727586
0.736 1593.5763396508992
0.737 1594.7105524465442
0.738 1596.0729061290622
0.739 1599.106260664761
0.74 1602.2527970895171
0.741 1605.4050736278296
0.742 1608.4900734461844
0.743 1610.2517472915351
0.744 1611.6201263144612
0.745 1612.7678270041943
0.746 1613.7794093862176
0.747 1614.7065311409533
0.748 1615.6523265056312
0.749 1616.584121312946
0.75 1617.395676575601
0.751 1619.5295790992677
0.752 1622.4681661836803
0.753 1623.496812555939
0.754 1624.5375390015543
0.755 1625.5416375175118
0.756 1626.5492764487863
0.757 1627.656064491719
0.758 1629.1025067046285
0.759 1630.4410064518452
0.76 1633.0885206237435
0.761 1636.2143995426595
0.762 1638.9425803981721
0.763 1640.3786222487688
0.764 1641.505261387676
0.765 1642.6008107438684
0.766 1643.6594935692847
0.767 1644.569258544594
0.768 1645.5234107226133
0.769 1646.5094036236405
0.77 1647.5527408011258
0.771 1648.2930848561227
0.772 1649.2084895148873
0.773 1655.004317626357
0.774 1659.7606023140252
0.775 1660.781757812947
0.776 1661.7565732635558
0.777 1662.7419888749719
0.778 1663.728072118014
0.779 1664.8999499753118
0.78 1666.3030187636614
0.781 1668.0877405777574
0.782 1671.1249731741846
0.783 1674.1569363176823
0.784 1677.198222719133
0.785 1680.2692364528775
0.786 1682.7595676742494
0.787 1683.8603630624712
0.788 1684.951528094709
0.789 1686.02219870314
0.79 1687.0756336338818
0.791 1688.0213652849197
0.792 1688.9644939787686
0.793 1689.9158706367016
0.794 1690.847332585603
0.795 1691.9942601583898
0.796 1692.683168284595
0.797 1697.0300175398588
0.798 1702.6786859594285
0.799 1706.2039066813886
0.8 1707.1912737675011
0.801 1708.1188561543822
0.802 1709.0834637321532
0.803 1710.2352816686034
0.804 1711.648934993893
0.805 1712.9643128588796
0.806 1715.5908457115293
0.807 1718.5867934040725
0.808 1721.6406329907477
0.809 1724.6493066847324
0.81 1726.8016480132937
0.811 1728.5189746655524
0.812 1729.6071578375995
0.813 1730.6604986861348
0.814 1731.7492213733494
0.815 1732.7509826533496
0.816 1733.690666809678
0.817 1734.6619048304856
0.818 1735.6330731064081
0.819 1736.3385694138706
0.82 1737.114201221615
0.821 1740.6574609838426
0.822 1746.363427720964
0.823 1751.6194168105721
0.824 1755.3934949934483
0.825 1756.3370320796967
0.826 1757.2739605382085
0.827 1758.2056773975492
0.828 1759.188897009939
0.829 1760.1314014308155
0.83 1761.2405227348208
0.831 1762.614072728902
0.832 1764.3389188870788
0.833 1767.3337827846408
0.834 1770.3327923715115
0.835 1773.4512343853712
0.836 1776.4534448981285
0.837 1779.4482514075935
0.838 1781.8926216214895
0.839 1783.133204832673
0.84 1784.196346540004
0.841 1785.2471817545593
0.842 1786.3147465623915
0.843 1787.3649051859975
0.844 1788.3016934096813
0.845 1789.247052833438
0.846 1790.0021933168173
0.847 1791.0274969115853
0.848 1796.660126671195
0.849 1800.5553811341524
0.85 1803.5143988840282
0.851 1804.492454983294
0.852 1805.4524213969707
0.853 1806.3780589960515
0.854 1807.512141853571
0.855 1808.7886596657336
0.856 1810.070650652051
0.857 1811.7887500785291
0.858 1814.7953423596919
0.859 1817.770369462669
0.86 1820.8274054341018
0.861 1823.811761163175
0.862 1826.2458006255329
0.863 1827.7030756622553
0.864 1828.7650915570557
0.865 1829.8066352754831
0.866 1830.8282827958465
0.867 1831.8159238621593
0.868 1832.7624257653952
0.869 1833.7150167375803
0.87 1834.6516561545432
0.871 1835.4029636606574
0.872 1837.6218174025416
0.873 1842.1757440716028
0.874 1844.4480517059565
0.875 1845.3575222194195
0.876 1846.303001627326
0.877 1847.2167796492577
0.878 1848.1901384703815
0.879 1849.3981880173087
0.88 1850.718683682382
0.881 1852.8521139658988
0.882 1855.843297433108
0.883 1858.819878898561
0.884 1861.7666387148201
0.885 1864.7918074466288
0.886 1867.7810411006212
0.887 1869.463742017746
0.888 1870.4665439538658
0.889 1871.5027899071574
0.89 1872.4569155871868
0.891 1873.395588465035
0.892 1874.3303536102176
0.893 1875.2841272838414
0.894 1876.23309372738
0.895 1877.1636934280396
0.896 1878.030584845692
0.897 1878.7086988016963
0.898 1879.470601003617
0.899 1883.9334780201316
0.9 1888.0909602455795
0.901 1889.0296263173223
0.902 1889.9341306239367
0.903 1890.9435741305351
0.904 1892.2280988954008
0.905 1893.475420448929
0.906 1896.4088379479945
0.907 1899.3555195778608
0.908 1902.3224493190646
0.909 1905.267004135996
0.91 1907.5375890880823
0.911 1908.607340503484
0.912 1909.634615443647
0.913 1910.6754080802202
0.914 1911.7184010520577
0.915 1912.433543447405
0.916 1913.372902687639
0.917 1914.2977811992168
0.918 1915.251175802201
0.919 1916.0277346372604
0.92 1916.6350588947535
0.921 1918.658739991486
0.922 1924.3878937587142
0.923 1929.2912184745073
0.924 1933.5767362378538
0.925 1934.5022023692727
0.926 1935.6843594126403
0.927 1936.9139296896756
0.928 1939.427959550172
0.929 1942.35930326581
0.93 1945.3370001837611
0.931 1948.268031977117
0.932 1951.196152035147
0.933 1953.6343893557787
0.934 1955.6035739928484
0.935 1956.8505427129567
0.936 1957.867393705994
0.937 1958.8849543593824
0.938 1959.919950708747
0.939 1960.946899279952
0.94 1961.9480266980827
0.941 1962.8689551837742
0.942 1963.7880722172558
0.943 1964.714296285063
0.944 1965.5547390580177
0.945 1966.1509528569877
0.946 1966.7623010575771
0.947 1969.9756045639515
0.948 1972.0735397860408
0.949 1973.1803029701114
0.95 1974.0779069140553
0.951 1975.13809402287
0.952 1976.3978518098593
0.953 1978.9202484749258
0.954 1981.8648303076625
0.955 1984.811941627413
0.956 1987.744175195694
0.957 1989.9308399371803
0.958 1991.173339586705
0.959 1992.2523497529328
0.96 1993.2661910280585
0.961 1994.2774343900383
0.962 1995.2892284020782
0.963 1996.2980755195022
0.964 1997.307529207319
0.965 1998.1586407460272
0.966 1999.0962551534176
0.967 2000.0161718018353
0.968 2000.9421428591013
0.969 2001.6355033293366
0.97 2002.2261312194169
0.971 2004.2977412641048
0.972 2009.9482881091535
0.973 2012.6464760676026
0.974 2013.5480855368078
0.975 2014.7211331054568
0.976 2017.2184350639582
0.977 2020.140542190522
0.978 2023.0669197179377
0.979 2025.9751362390816
0.98 2027.9205013252795
0.981 2029.868402581662
0.982 2031.3619435876608
0.983 2032.4670932590961
0.984 2033.5129417851567
0.985 2034.556611739099
0.986 2035.7933816425502
0.987 2037.0300954021513
0.988 2038.1065900027752
0.989 2038.7342205941677
0.99 2039.3874877765775
0.991 2041.284667018801
0.992 2045.4343596547842
0.993 2047.1883763633668
0.994 2048.3932323269546
0.995 2049.732910428196
0.996 2052.240515667945
0.997 2055.1596625708044
0.998 2058.0768869146705
0.999 2060.5107663981616
1 2062.9319303296506
