0 10.019
1 10.089
2 10.543
3 10.292
4 9.786
5 9.519
6 9.602
7 9.607
8 9.631
9 9.623
10 9.543
11 9.422
12 9.531
13 9.463
14 9.523
15 9.35
16 9.296
17 9.405
18 9.342
19 9.546
20 9.543
21 9.536
22 9.654
23 9.66
24 9.614
25 9.747
26 9.636
27 9.624
28 9.545
29 9.54
30 9.639
31 9.597
32 9.642
33 9.769
34 9.694
35 9.642
36 9.749
37 9.75
38 9.612
39 9.52
40 9.444
41 9.517
42 9.545
43 9.572
44 9.436
45 9.589
46 9.488
47 9.505
48 9.491
49 9.608
50 9.511
51 9.518
52 9.502
53 9.526
54 9.526
55 9.48
56 9.443
57 9.531
58 9.472
59 9.575
60 9.459
61 9.599
62 9.494
63 9.499
64 9.688
65 9.6
66 9.486
67 9.459
68 9.594
69 9.425
70 9.407
71 9.499
72 9.492
73 9.453
74 9.371
75 9.434
76 9.448
77 9.444
78 9.49
79 9.492
80 9.505
81 9.417
82 9.571
83 9.543
84 9.548
85 9.461
86 9.488
87 9.513
88 9.564
89 9.597
90 9.53
91 9.514
92 9.581
93 9.481
94 9.469
95 9.581
96 9.537
97 9.586
98 9.487
99 9.494
100 9.475
101 9.503
102 9.479
103 9.487
104 9.56
105 9.619
106 9.475
107 9.487
108 9.437
109 9.508
110 9.327
111 9.473
112 9.494
113 9.371
114 9.42
115 9.358
116 9.359
117 9.541
118 9.412
119 9.45
120 9.436
121 9.394
122 9.394
123 9.455
124 9.311
125 9.307
126 9.394
127 9.35
128 9.446
129 9.401
130 9.403
131 9.446
132 9.519
133 9.445
134 9.416
135 9.425
136 9.472
137 9.441
138 9.453
139 9.51
140 9.445
141 9.466
142 9.462
143 9.483
144 9.362
145 9.378
146 9.389
147 9.36
148 9.412
149 9.365
150 9.481
151 9.497
152 9.561
153 9.394
154 9.444
155 9.437
156 9.42
157 9.486
158 9.423
159 9.393
160 9.408
161 9.469
162 9.45
163 9.446
164 9.527
165 9.496
166 9.523
167 9.456
168 9.471
169 9.578
170 9.538
171 9.404
172 9.56
173 9.624
174 9.557
175 9.504
176 9.492
177 9.503
178 9.436
179 9.441
180 9.441
181 9.606
182 9.492
183 9.509
184 9.523
185 9.443
186 9.43
187 9.514
188 9.578
189 9.416
190 9.428
191 9.489
192 9.594
193 9.589
194 9.546
195 9.478
196 9.529
197 9.639
198 9.531
199 9.459
200 9.499
201 9.469
202 9.481
203 9.469
204 9.529
205 9.528
206 9.482
207 9.489
208 9.501
209 9.581
210 9.576
211 9.526
212 9.523
213 9.533
214 9.446
215 9.494
216 9.551
217 9.566
218 9.502
219 9.507
220 9.535
221 9.518
222 9.53
223 9.558
224 9.492
225 9.622
