0 1
1 0.89724
2 0.818214
3 0.807981
4 0.755811
5 0.72654
6 0.71828
7 0.713315
8 0.707664
9 0.700349
10 0.681297
11 0.676898
12 0.65653
13 0.652551
14 0.641001
15 0.629424
16 0.623469
17 0.619723
18 0.619024
19 0.61131
20 0.608916
21 0.607725
22 0.605142
23 0.594915
24 0.592409
25 0.591086
26 0.590316
27 0.588447
28 0.576634
29 0.572704
30 0.571519
31 0.567554
32 0.56617
33 0.560096
34 0.553982
35 0.552269
36 0.545929
37 0.543008
38 0.538297
39 0.536155
40 0.534438
41 0.532704
42 0.530768
43 0.53018
44 0.528886
45 0.526699
46 0.524624
47 0.524379
48 0.522985
49 0.522156
50 0.520862
51 0.520996
52 0.519121
53 0.517527
54 0.516149
55 0.500025
56 0.498647
57 0.497168
58 0.487383
59 0.487011
60 0.485655
61 0.482415
62 0.481453
63 0.480292
64 0.480089
65 0.477667
66 0.474921
67 0.473863
68 0.47336
69 0.471088
70 0.471497
71 0.468621
72 0.46813
73 0.467902
74 0.461523
75 0.460647
76 0.460214
77 0.459201
78 0.458742
79 0.458617
80 0.455983
81 0.455691
82 0.453781
83 0.453237
84 0.451775
85 0.451009
86 0.449803
87 0.449756
88 0.447957
89 0.447296
90 0.446758
91 0.444728
92 0.444441
93 0.442898
94 0.441564
95 0.441057
96 0.441325
97 0.432959
98 0.429639
99 0.429303
100 0.428522
101 0.427026
102 0.426763
103 0.424938
104 0.424492
105 0.423955
106 0.421837
107 0.420027
108 0.414127
109 0.413197
110 0.411855
111 0.411937
112 0.411076
113 0.409888
114 0.409074
115 0.409038
116 0.408638
117 0.407842
118 0.406901
119 0.40645
120 0.406511
121 0.406511
122 0.405761
123 0.405549
124 0.404793
125 0.404352
126 0.403626
127 0.403115
128 0.401776
129 0.401464
130 0.399979
131 0.399112
132 0.399715
133 0.398891
134 0.398017
135 0.397783
136 0.397531
137 0.397523
138 0.396538
139 0.395895
140 0.395372
141 0.394816
142 0.394721
143 0.394547
144 0.393785
145 0.391352
146 0.391052
147 0.391052
148 0.390507
149 0.390265
150 0.388598
151 0.388542
152 0.387942
153 0.387383
154 0.385937
155 0.385636
156 0.385732
157 0.385215
158 0.384552
159 0.384185
160 0.381764
161 0.381539
162 0.380744
163 0.379826
164 0.37903
165 0.378514
166 0.378273
167 0.377275
168 0.377604
169 0.375123
170 0.374348
171 0.374386
172 0.374303
173 0.373818
174 0.3737
175 0.373415
176 0.372975
177 0.372975
178 0.373016
179 0.373242
180 0.373175
181 0.373029
182 0.372711
183 0.372429
184 0.372254
185 0.370433
186 0.370014
187 0.370026
188 0.370026
189 0.370026
190 0.369114
191 0.368636
192 0.368453
193 0.368081
194 0.367707
195 0.367104
196 0.366896
197 0.367045
198 0.366232
199 0.365273
200 0.365159
201 0.365159
202 0.364826
203 0.364659
204 0.362405
205 0.362078
206 0.36205
207 0.36205
208 0.361543
209 0.359546
210 0.359546
211 0.360024
212 0.360082
213 0.359106
214 0.358779
215 0.358716
216 0.358373
217 0.357844
218 0.357692
219 0.357774
220 0.357726
221 0.357673
222 0.356584
223 0.356133
224 0.354914
225 0.353924
