0 1
1 1.02542
2 1.0467
3 1.04558
4 1.06046
5 1.06747
6 1.07216
7 1.07413
8 1.07503
9 1.07697
10 1.08201
11 1.08259
12 1.09044
13 1.09113
14 1.09504
15 1.098
16 1.10095
17 1.10316
18 1.10363
19 1.10502
20 1.10628
21 1.10686
22 1.11081
23 1.11158
24 1.11308
25 1.11303
26 1.1137
27 1.11402
28 1.11438
29 1.11601
30 1.11681
31 1.11764
32 1.11802
33 1.121
34 1.12122
35 1.12157
36 1.125
37 1.12621
38 1.1282
39 1.12928
40 1.12981
41 1.13107
42 1.13292
43 1.13316
44 1.13364
45 1.13427
46 1.13466
47 1.13469
48 1.13656
49 1.13692
50 1.13757
51 1.13849
52 1.14019
53 1.14106
54 1.14007
55 1.14154
56 1.14313
57 1.14437
58 1.14777
59 1.148
60 1.15115
61 1.15217
62 1.15351
63 1.15483
64 1.15485
65 1.15657
66 1.15606
67 1.1571
68 1.15801
69 1.15913
70 1.15975
71 1.15877
72 1.15925
73 1.15938
74 1.16395
75 1.1654
76 1.16641
77 1.16651
78 1.16672
79 1.16701
80 1.16878
81 1.16891
82 1.17002
83 1.17106
84 1.17126
85 1.17229
86 1.17187
87 1.17255
88 1.17307
89 1.1737
90 1.17409
91 1.175
92 1.17492
93 1.17573
94 1.17716
95 1.17825
96 1.17873
97 1.18304
98 1.185
99 1.18484
100 1.18506
101 1.18546
102 1.18551
103 1.18523
104 1.18638
105 1.1867
106 1.18644
107 1.18513
108 1.18523
109 1.18598
110 1.18745
111 1.18758
112 1.18789
113 1.18779
114 1.19084
115 1.19341
116 1.19374
117 1.19502
118 1.19498
119 1.1957
120 1.19601
121 1.19601
122 1.19698
123 1.19702
124 1.19741
125 1.19747
126 1.19761
127 1.19795
128 1.19844
129 1.19849
130 1.19879
131 1.20077
132 1.2015
133 1.20132
134 1.20182
135 1.20198
136 1.20178
137 1.20225
138 1.20341
139 1.2033
140 1.20399
141 1.20445
142 1.20467
143 1.20465
144 1.20458
145 1.20326
146 1.20396
147 1.20396
148 1.2055
149 1.20548
150 1.20769
151 1.20832
152 1.20846
153 1.20875
154 1.20956
155 1.20925
156 1.2094
157 1.20988
158 1.20952
159 1.21039
160 1.21074
161 1.21087
162 1.2107
163 1.21245
164 1.21307
165 1.21439
166 1.21491
167 1.21757
168 1.21839
169 1.21932
170 1.22004
171 1.22037
172 1.22055
173 1.22107
174 1.22122
175 1.22109
176 1.22098
177 1.22103
178 1.22101
179 1.22164
180 1.22164
181 1.22144
182 1.22241
183 1.22282
184 1.22256
185 1.22286
186 1.22326
187 1.22358
188 1.22339
189 1.22335
190 1.22395
191 1.22443
192 1.22458
193 1.22481
194 1.22482
195 1.22433
196 1.22442
197 1.22549
198 1.22526
199 1.22621
200 1.22579
201 1.2257
202 1.2256
203 1.22545
204 1.22724
205 1.22768
206 1.22746
207 1.22746
208 1.2273
209 1.22735
210 1.22735
211 1.22825
212 1.22899
213 1.22952
214 1.22934
215 1.22949
216 1.2294
217 1.22887
218 1.22898
219 1.22908
220 1.22989
221 1.22993
222 1.23042
223 1.23132
224 1.23194
225 1.23471
