0 19.198
1 19.632
2 20.005
3 19.984
4 20.257
5 20.378
6 20.468
7 20.501
8 20.519
9 20.553
10 20.636
11 20.644
12 20.791
13 20.803
14 20.875
15 20.935
16 20.986
17 21.026
18 21.034
19 21.057
20 21.083
21 21.095
22 21.171
23 21.186
24 21.214
25 21.211
26 21.224
27 21.228
28 21.233
29 21.262
30 21.277
31 21.294
32 21.301
33 21.357
34 21.357
35 21.362
36 21.421
37 21.443
38 21.48
39 21.501
40 21.512
41 21.539
42 21.573
43 21.576
44 21.587
45 21.599
46 21.608
47 21.608
48 21.646
49 21.652
50 21.663
51 21.679
52 21.708
53 21.724
54 21.707
55 21.737
56 21.767
57 21.794
58 21.86
59 21.865
60 21.922
61 21.938
62 21.961
63 21.987
64 21.987
65 22.019
66 22.011
67 22.03
68 22.047
69 22.069
70 22.081
71 22.063
72 22.072
73 22.074
74 22.156
75 22.177
76 22.198
77 22.202
78 22.203
79 22.208
80 22.241
81 22.244
82 22.266
83 22.283
84 22.288
85 22.308
86 22.301
87 22.315
88 22.324
89 22.337
90 22.345
91 22.364
92 22.363
93 22.376
94 22.401
95 22.423
96 22.434
97 22.517
98 22.556
99 22.553
100 22.555
101 22.565
102 22.566
103 22.561
104 22.585
105 22.591
106 22.582
107 22.551
108 22.563
109 22.578
110 22.606
111 22.609
112 22.615
113 22.612
114 22.667
115 22.716
116 22.722
117 22.745
118 22.743
119 22.756
120 22.761
121 22.761
122 22.78
123 22.781
124 22.788
125 22.787
126 22.788
127 22.796
128 22.805
129 22.806
130 22.812
131 22.851
132 22.866
133 22.863
134 22.872
135 22.875
136 22.871
137 22.881
138 22.901
139 22.898
140 22.911
141 22.919
142 22.923
143 22.924
144 22.923
145 22.896
146 22.912
147 22.912
148 22.943
149 22.943
150 22.988
151 23.001
152 23.001
153 23.006
154 23.019
155 23.015
156 23.018
157 23.027
158 23.019
159 23.037
160 23.044
161 23.042
162 23.04
163 23.075
164 23.086
165 23.111
166 23.12
167 23.174
168 23.19
169 23.205
170 23.22
171 23.226
172 23.229
173 23.239
174 23.242
175 23.24
176 23.238
177 23.239
178 23.238
179 23.249
180 23.249
181 23.245
182 23.263
183 23.27
184 23.265
185 23.271
186 23.279
187 23.285
188 23.282
189 23.281
190 23.292
191 23.303
192 23.307
193 23.313
194 23.313
195 23.303
196 23.305
197 23.324
198 23.32
199 23.339
200 23.331
201 23.329
202 23.327
203 23.325
204 23.359
205 23.367
206 23.363
207 23.363
208 23.363
209 23.363
210 23.363
211 23.379
212 23.394
213 23.404
214 23.401
215 23.404
216 23.401
217 23.39
218 23.392
219 23.394
220 23.409
221 23.41
222 23.417
223 23.435
224 23.449
225 23.504
