0 1
1 1.0175
2 1.04065
3 1.03794
4 1.04929
5 1.06203
6 1.06804
7 1.07317
8 1.07387
9 1.07551
10 1.08343
11 1.0836
12 1.08513
13 1.08621
14 1.08841
15 1.09263
16 1.09472
17 1.0973
18 1.09909
19 1.10192
20 1.10309
21 1.10668
22 1.10876
23 1.10951
24 1.11058
25 1.11218
26 1.11302
27 1.11348
28 1.11693
29 1.11667
30 1.1175
31 1.11977
32 1.11958
33 1.12214
34 1.12637
35 1.12702
36 1.12913
37 1.13071
38 1.13366
39 1.136
40 1.13653
41 1.14022
42 1.14143
43 1.14159
44 1.14229
45 1.14388
46 1.14433
47 1.14461
48 1.14687
49 1.14752
50 1.14772
51 1.14803
52 1.14748
53 1.14726
54 1.14755
55 1.14803
56 1.14759
57 1.14814
58 1.15028
59 1.15032
60 1.15155
61 1.15297
62 1.15449
63 1.15624
64 1.15571
65 1.15813
66 1.15986
67 1.16224
68 1.16236
69 1.1631
70 1.16192
71 1.16218
72 1.16375
73 1.16475
74 1.16703
75 1.1707
76 1.17221
77 1.17082
78 1.17104
79 1.17132
80 1.1726
81 1.17263
82 1.17259
83 1.17382
84 1.17443
85 1.17767
86 1.17867
87 1.17864
88 1.18016
89 1.18108
90 1.18104
91 1.18172
92 1.18209
93 1.1824
94 1.18368
95 1.18398
96 1.18428
97 1.19154
98 1.19428
99 1.19514
100 1.19625
101 1.19734
102 1.19673
103 1.19669
104 1.19601
105 1.19593
106 1.19677
107 1.19643
108 1.19812
109 1.19922
110 1.1986
111 1.19874
112 1.19864
113 1.19756
114 1.20052
115 1.2017
116 1.20119
117 1.20084
118 1.20188
119 1.20282
120 1.20339
121 1.20339
122 1.20451
123 1.20417
124 1.20528
125 1.20637
126 1.2057
127 1.20814
128 1.2085
129 1.2085
130 1.20868
131 1.20989
132 1.21006
133 1.21066
134 1.21006
135 1.21025
136 1.21004
137 1.21043
138 1.21132
139 1.21172
140 1.2123
141 1.21323
142 1.21431
143 1.21615
144 1.21569
145 1.21595
146 1.21668
147 1.21668
148 1.21846
149 1.21924
150 1.21918
151 1.21976
152 1.22069
153 1.22146
154 1.22282
155 1.22312
156 1.22364
157 1.22381
158 1.22459
159 1.22521
160 1.22529
161 1.22554
162 1.22533
163 1.22584
164 1.22636
165 1.22621
166 1.22647
167 1.22783
168 1.22735
169 1.23076
170 1.23161
171 1.23137
172 1.23158
173 1.23106
174 1.23133
175 1.23163
176 1.23142
177 1.23142
178 1.23137
179 1.23484
180 1.23482
181 1.23483
182 1.23523
183 1.23696
184 1.23675
185 1.23793
186 1.23815
187 1.2403
188 1.2404
189 1.24038
190 1.24025
191 1.2408
192 1.24113
193 1.24187
194 1.24208
195 1.24204
196 1.24192
197 1.24238
198 1.24301
199 1.24299
200 1.24372
201 1.24369
202 1.24293
203 1.24201
204 1.24453
205 1.24718
206 1.24762
207 1.24762
208 1.24717
209 1.24781
210 1.24799
211 1.24934
212 1.2502
213 1.251
214 1.25126
215 1.25153
216 1.25239
217 1.25224
218 1.25274
219 1.25326
220 1.254
221 1.25448
222 1.25359
223 1.25587
224 1.25557
225 1.25588
