0 3.60461
1 3.68969
2 3.76596
3 3.75812
4 3.80485
5 3.82991
6 3.84667
7 3.85302
8 3.8556
9 3.8613
10 3.87687
11 3.87727
12 3.90496
13 3.90786
14 3.92148
15 3.93422
16 3.94432
17 3.95182
18 3.9534
19 3.95768
20 3.96323
21 3.96565
22 3.98107
23 3.98434
24 3.9896
25 3.98809
26 3.99114
27 3.99164
28 3.99183
29 3.9972
30 4.00037
31 4.00614
32 4.00674
33 4.02041
34 4.01998
35 4.01957
36 4.03156
37 4.03551
38 4.04217
39 4.04662
40 4.04911
41 4.05556
42 4.06292
43 4.0627
44 4.06448
45 4.06718
46 4.06923
47 4.06883
48 4.07696
49 4.07757
50 4.07988
51 4.08344
52 4.09002
53 4.09377
54 4.08923
55 4.09369
56 4.09906
57 4.10495
58 4.12118
59 4.12216
60 4.13347
61 4.13688
62 4.14137
63 4.14734
64 4.14746
65 4.15558
66 4.15312
67 4.15677
68 4.16091
69 4.16445
70 4.16762
71 4.16236
72 4.16426
73 4.16463
74 4.18206
75 4.18785
76 4.19228
77 4.19247
78 4.19302
79 4.19358
80 4.20079
81 4.20137
82 4.20615
83 4.20988
84 4.2102
85 4.21507
86 4.21365
87 4.21574
88 4.21695
89 4.2193
90 4.22106
91 4.22439
92 4.22394
93 4.2267
94 4.2311
95 4.23617
96 4.23862
97 4.24592
98 4.25424
99 4.25348
100 4.2542
101 4.25723
102 4.25715
103 4.25595
104 4.26054
105 4.26106
106 4.25811
107 4.25193
108 4.25516
109 4.25767
110 4.26357
111 4.26389
112 4.26478
113 4.26435
114 4.27453
115 4.28508
116 4.28585
117 4.29183
118 4.29221
119 4.29431
120 4.29502
121 4.29502
122 4.29931
123 4.29942
124 4.30113
125 4.30004
126 4.30053
127 4.30175
128 4.30381
129 4.30402
130 4.30548
131 4.31372
132 4.31675
133 4.31572
134 4.31769
135 4.31809
136 4.31699
137 4.31903
138 4.32331
139 4.32193
140 4.32406
141 4.32554
142 4.32645
143 4.326
144 4.32545
145 4.31847
146 4.32214
147 4.32214
148 4.32752
149 4.32687
150 4.33718
151 4.33952
152 4.33985
153 4.34073
154 4.34361
155 4.34269
156 4.34297
157 4.34458
158 4.34249
159 4.34585
160 4.34764
161 4.34678
162 4.34609
163 4.35383
164 4.35574
165 4.36125
166 4.36323
167 4.37512
168 4.37845
169 4.37991
170 4.38178
171 4.38286
172 4.38368
173 4.3858
174 4.38644
175 4.38582
176 4.38505
177 4.385
178 4.38507
179 4.38722
180 4.38718
181 4.3864
182 4.38963
183 4.39159
184 4.39043
185 4.39264
186 4.39377
187 4.39478
188 4.39403
189 4.39385
190 4.3957
191 4.39675
192 4.39754
193 4.39895
194 4.39906
195 4.39644
196 4.3966
197 4.40177
198 4.40008
199 4.40367
200 4.40126
201 4.40064
202 4.40005
203 4.39911
204 4.40797
205 4.40965
206 4.40875
207 4.40875
208 4.40841
209 4.40767
210 4.40766
211 4.41096
212 4.4148
213 4.41643
214 4.41567
215 4.41633
216 4.41638
217 4.41346
218 4.41358
219 4.41406
220 4.41671
221 4.4169
222 4.41838
223 4.4222
224 4.42506
225 4.43421
