0 1
1 0.996508
2 1.01401
3 1.00309
4 0.90587
5 0.878204
6 0.87907
7 0.876137
8 0.871604
9 0.866311
10 0.848144
11 0.83395
12 0.818832
13 0.819231
14 0.813607
15 0.803373
16 0.790901
17 0.791509
18 0.79162
19 0.792853
20 0.792388
21 0.79245
22 0.795289
23 0.799478
24 0.799148
25 0.796713
26 0.794416
27 0.794401
28 0.789198
29 0.784729
30 0.785449
31 0.784103
32 0.782376
33 0.789534
34 0.782883
35 0.77648
36 0.781577
37 0.779587
38 0.762634
39 0.760922
40 0.760303
41 0.760779
42 0.761948
43 0.761953
44 0.762255
45 0.762538
46 0.761674
47 0.760423
48 0.75951
49 0.758583
50 0.758684
51 0.757236
52 0.757562
53 0.75811
54 0.757169
55 0.738439
56 0.734702
57 0.736327
58 0.733025
59 0.732563
60 0.733725
61 0.732334
62 0.732289
63 0.73309
64 0.734132
65 0.735669
66 0.727918
67 0.729235
68 0.730515
69 0.72537
70 0.724847
71 0.721855
72 0.722399
73 0.722362
74 0.716987
75 0.720899
76 0.720662
77 0.719258
78 0.719808
79 0.716271
80 0.715998
81 0.716241
82 0.716588
83 0.715
84 0.714391
85 0.715258
86 0.715133
87 0.714593
88 0.714671
89 0.714807
90 0.715522
91 0.715126
92 0.713799
93 0.714962
94 0.711211
95 0.711676
96 0.711117
97 0.711692
98 0.711203
99 0.711171
100 0.711587
101 0.712596
102 0.712467
103 0.713198
104 0.71332
105 0.71196
106 0.711394
107 0.711494
108 0.707272
109 0.702152
110 0.70208
111 0.701903
112 0.70203
113 0.701137
114 0.687611
115 0.686556
116 0.685913
117 0.687155
118 0.686583
119 0.682374
120 0.682087
121 0.682087
122 0.682537
123 0.68211
124 0.681442
125 0.681935
126 0.6818
127 0.681292
128 0.681575
129 0.681556
130 0.680967
131 0.679302
132 0.681336
133 0.680899
134 0.68058
135 0.680645
136 0.680247
137 0.679983
138 0.680005
139 0.679259
140 0.67924
141 0.678898
142 0.679669
143 0.6772
144 0.675906
145 0.673248
146 0.673759
147 0.673759
148 0.673504
149 0.672978
150 0.674726
151 0.674441
152 0.673703
153 0.673658
154 0.674007
155 0.673996
156 0.673576
157 0.67365
158 0.673301
159 0.672801
160 0.673881
161 0.673644
162 0.673253
163 0.674247
164 0.671722
165 0.673241
166 0.673537
167 0.672862
168 0.672714
169 0.668059
170 0.667916
171 0.667957
172 0.66829
173 0.668533
174 0.668681
175 0.668753
176 0.668468
177 0.668293
178 0.668486
179 0.667252
180 0.667266
181 0.667573
182 0.666118
183 0.666933
184 0.666724
185 0.664535
186 0.66455
187 0.664246
188 0.664087
189 0.664163
190 0.663778
191 0.66334
192 0.663528
193 0.663869
194 0.663905
195 0.662217
196 0.662199
197 0.664169
198 0.663285
199 0.661414
200 0.660317
201 0.660089
202 0.659668
203 0.657901
204 0.653437
205 0.653074
206 0.653055
207 0.653055
208 0.651895
209 0.65121
210 0.651158
211 0.650533
212 0.65083
213 0.648916
214 0.64843
215 0.648443
216 0.648721
217 0.647521
218 0.64709
219 0.647151
220 0.646455
221 0.646369
222 0.646914
223 0.645722
224 0.646062
225 0.638556
