0 0.142025
1 0.114386
2 0.0861182
3 0.0839666
4 0.0730271
5 0.0674553
6 0.0643467
7 0.0616654
8 0.0610698
9 0.0603794
10 0.058344
11 0.0574817
12 0.0566732
13 0.0567501
14 0.0561712
15 0.0551039
16 0.0542907
17 0.0538183
18 0.0535615
19 0.0531585
20 0.0529264
21 0.0524726
22 0.051866
23 0.0514317
24 0.0513468
25 0.0513592
26 0.0511281
27 0.0509474
28 0.0495166
29 0.0491429
30 0.0490203
31 0.0488852
32 0.0487824
33 0.0475659
34 0.0467494
35 0.0464111
36 0.0464059
37 0.0461863
38 0.0456788
39 0.0455558
40 0.0454609
41 0.0449109
42 0.044853
43 0.0445306
44 0.0443213
45 0.0440527
46 0.0438493
47 0.0437099
48 0.043718
49 0.0436645
50 0.0435222
51 0.043352
52 0.0431658
53 0.042982
54 0.0427717
55 0.0425583
56 0.0424832
57 0.04248
58 0.0425031
59 0.0424824
60 0.042339
61 0.0419258
62 0.0419407
63 0.0418144
64 0.0416612
65 0.0414998
66 0.041105
67 0.0410477
68 0.0409018
69 0.0407651
70 0.0400237
71 0.0399302
72 0.0399056
73 0.0396916
74 0.0396612
75 0.039055
76 0.0390729
77 0.0389445
78 0.038884
79 0.0388041
80 0.0387714
81 0.0387372
82 0.0386625
83 0.0386587
84 0.0386083
85 0.0384162
86 0.0384516
87 0.0384418
88 0.038228
89 0.0381505
90 0.0381721
91 0.0381502
92 0.0381687
93 0.0379532
94 0.0376861
95 0.0376631
96 0.0376468
97 0.0371024
98 0.0369564
99 0.0369227
100 0.03688
101 0.0368471
102 0.0368306
103 0.0368301
104 0.0367875
105 0.0368497
106 0.0362502
107 0.0361172
108 0.0360122
109 0.0360008
110 0.0358988
111 0.0358825
112 0.0358542
113 0.0359189
114 0.0357002
115 0.0357829
116 0.0357322
117 0.0356884
118 0.0355791
119 0.0353075
120 0.0352754
121 0.0352754
122 0.035325
123 0.035079
124 0.0348808
125 0.0344882
126 0.0344184
127 0.0343089
128 0.0341736
129 0.0341593
130 0.0339993
131 0.0338971
132 0.0338675
133 0.0339392
134 0.0338779
135 0.0338791
136 0.0338575
137 0.0338884
138 0.0338716
139 0.0337267
140 0.0335849
141 0.0335893
142 0.0335403
143 0.0332359
144 0.0331971
145 0.0332103
146 0.0331969
147 0.0331969
148 0.0331785
149 0.0331717
150 0.0330724
151 0.0331316
152 0.0331309
153 0.0331394
154 0.0331044
155 0.0331064
156 0.0330417
157 0.0328996
158 0.0328905
159 0.0328874
160 0.032645
161 0.0326093
162 0.032576
163 0.0325686
164 0.0325092
165 0.032483
166 0.0324823
167 0.0323258
168 0.0323874
169 0.0321148
170 0.0320478
171 0.0320093
172 0.0320193
173 0.0320071
174 0.0319098
175 0.031894
176 0.0318497
177 0.0318506
178 0.0318531
179 0.0317851
180 0.0317822
181 0.0317649
182 0.0317424
183 0.0316278
184 0.031621
185 0.0314793
186 0.0314712
187 0.0312126
188 0.0312154
189 0.0314468
190 0.0314173
191 0.0313884
192 0.0313825
193 0.0313634
194 0.0313288
195 0.0313048
196 0.0312862
197 0.031268
198 0.0311602
199 0.031176
200 0.0311705
201 0.0311563
202 0.0311286
203 0.0310886
204 0.0310095
205 0.0310432
206 0.0309154
207 0.0309154
208 0.0308392
209 0.0306976
210 0.0306496
211 0.0307581
212 0.0307082
213 0.0307704
214 0.0307654
215 0.0307727
216 0.0307645
217 0.0307154
218 0.0306857
219 0.0306872
220 0.0307113
221 0.030612
222 0.0305421
223 0.0303644
224 0.030362
225 0.0304975
