0 0.077802
1 0.0765792
2 0.0768636
3 0.0755463
4 0.0688803
5 0.0667238
6 0.0670765
7 0.0667347
8 0.06626
9 0.0658639
10 0.0637478
11 0.0622632
12 0.06173
13 0.0618212
14 0.0616683
15 0.0606985
16 0.0598112
17 0.059843
18 0.0599542
19 0.0600911
20 0.0600448
21 0.0600958
22 0.0601396
23 0.0602978
24 0.0603175
25 0.0604511
26 0.0598253
27 0.059771
28 0.059329
29 0.0592039
30 0.0592885
31 0.0591852
32 0.0589552
33 0.0594416
34 0.0589789
35 0.0584547
36 0.0586249
37 0.0584947
38 0.0571909
39 0.0570311
40 0.0570389
41 0.0570799
42 0.0571316
43 0.0569987
44 0.056997
45 0.05703
46 0.0569789
47 0.0567714
48 0.0567011
49 0.0566195
50 0.0565432
51 0.0564379
52 0.0563952
53 0.0563951
54 0.0563374
55 0.0560575
56 0.0559084
57 0.0559345
58 0.0558925
59 0.0558586
60 0.0559336
61 0.0559112
62 0.0559508
63 0.0559251
64 0.0558792
65 0.0558566
66 0.0549724
67 0.0550226
68 0.0550435
69 0.0546384
70 0.0546395
71 0.0546188
72 0.0546694
73 0.0549914
74 0.054791
75 0.0555241
76 0.0556027
77 0.0554879
78 0.0554861
79 0.0553111
80 0.0552293
81 0.0552698
82 0.0552543
83 0.0550856
84 0.0550962
85 0.0551528
86 0.0551416
87 0.0551201
88 0.0551641
89 0.055159
90 0.0551722
91 0.0551758
92 0.0545843
93 0.0547084
94 0.0543298
95 0.0542508
96 0.0542815
97 0.0540012
98 0.0540591
99 0.054113
100 0.0541146
101 0.0541372
102 0.054122
103 0.0541729
104 0.054141
105 0.0541181
106 0.0539154
107 0.0540753
108 0.0540585
109 0.0538238
110 0.0537611
111 0.0537532
112 0.0537783
113 0.0537189
114 0.0531613
115 0.0532001
116 0.0531355
117 0.0531166
118 0.0531381
119 0.0525983
120 0.0526072
121 0.0526072
122 0.0526182
123 0.0524975
124 0.0524138
125 0.0523668
126 0.0522258
127 0.0522167
128 0.0522164
129 0.0522028
130 0.0522134
131 0.0521335
132 0.0521375
133 0.0521182
134 0.0520178
135 0.052023
136 0.0520437
137 0.0520901
138 0.0521122
139 0.0520779
140 0.0520288
141 0.0521315
142 0.0520851
143 0.0511885
144 0.0511457
145 0.0511505
146 0.0511584
147 0.0511584
148 0.0511377
149 0.0511676
150 0.0512421
151 0.0512377
152 0.0512614
153 0.0512759
154 0.0512746
155 0.0512943
156 0.0512476
157 0.0512438
158 0.0512534
159 0.0512369
160 0.0512447
161 0.0512569
162 0.0512199
163 0.0511122
164 0.0508924
165 0.0508285
166 0.0508367
167 0.050525
168 0.0504433
169 0.0499206
170 0.0499054
171 0.0499281
172 0.0499465
173 0.049929
174 0.0499386
175 0.0499667
176 0.0499146
177 0.0499154
178 0.0499068
179 0.0498198
180 0.0498187
181 0.0498264
182 0.049804
183 0.0498757
184 0.0498964
185 0.0497113
186 0.0496977
187 0.0497816
188 0.0498167
189 0.0498457
190 0.0498838
191 0.0498702
192 0.0498744
193 0.0498735
194 0.0498474
195 0.0497576
196 0.0497415
197 0.0497603
198 0.0497523
199 0.0494773
200 0.0494684
201 0.0494458
202 0.0494332
203 0.0492597
204 0.0490209
205 0.0490722
206 0.0489966
207 0.0489966
208 0.0489595
209 0.0489042
210 0.0488914
211 0.0488717
212 0.0489097
213 0.0487549
214 0.0487529
215 0.04876
216 0.0488071
217 0.0487132
218 0.048738
219 0.048776
220 0.0488222
221 0.0489142
222 0.0489012
223 0.0487447
224 0.0487495
225 0.0485842
