0 1
1 0.862922
2 0.703649
3 0.689217
4 0.609794
5 0.567384
6 0.542867
7 0.521448
8 0.516019
9 0.510044
10 0.493773
11 0.485766
12 0.479784
13 0.480313
14 0.473813
15 0.464282
16 0.457046
17 0.452515
18 0.450437
19 0.444847
20 0.442305
21 0.438553
22 0.432953
23 0.429505
24 0.428998
25 0.427857
26 0.425514
27 0.424443
28 0.41321
29 0.409783
30 0.408532
31 0.407111
32 0.406418
33 0.397398
34 0.391096
35 0.387708
36 0.387266
37 0.385407
38 0.382703
39 0.381242
40 0.380331
41 0.376547
42 0.375844
43 0.373343
44 0.370964
45 0.369062
46 0.367216
47 0.366274
48 0.365403
49 0.364977
50 0.363871
51 0.362566
52 0.361064
53 0.359584
54 0.35793
55 0.355762
56 0.354761
57 0.354802
58 0.355408
59 0.355229
60 0.353428
61 0.35027
62 0.350259
63 0.349596
64 0.348344
65 0.345831
66 0.343095
67 0.342734
68 0.341917
69 0.340864
70 0.333188
71 0.332785
72 0.332522
73 0.330064
74 0.33006
75 0.324854
76 0.325149
77 0.324
78 0.323458
79 0.322242
80 0.321026
81 0.32086
82 0.320084
83 0.319893
84 0.31944
85 0.318329
86 0.317804
87 0.317738
88 0.316003
89 0.315075
90 0.315691
91 0.315333
92 0.314922
93 0.313098
94 0.310434
95 0.310304
96 0.310103
97 0.30687
98 0.305646
99 0.305477
100 0.305027
101 0.305281
102 0.305067
103 0.305127
104 0.303517
105 0.303584
106 0.298508
107 0.296803
108 0.29623
109 0.295685
110 0.294693
111 0.294581
112 0.294366
113 0.295347
114 0.292984
115 0.293108
116 0.292652
117 0.29236
118 0.291408
119 0.289153
120 0.288944
121 0.288944
122 0.288825
123 0.287129
124 0.2857
125 0.283215
126 0.282613
127 0.281868
128 0.280929
129 0.280788
130 0.278973
131 0.278752
132 0.278489
133 0.279194
134 0.278338
135 0.278358
136 0.278276
137 0.278401
138 0.278343
139 0.277504
140 0.276177
141 0.276203
142 0.276106
143 0.273376
144 0.272993
145 0.273098
146 0.272841
147 0.272841
148 0.272653
149 0.272614
150 0.27146
151 0.271473
152 0.271458
153 0.27169
154 0.27132
155 0.271348
156 0.270578
157 0.269653
158 0.269457
159 0.269328
160 0.268063
161 0.267726
162 0.267417
163 0.267268
164 0.266651
165 0.26641
166 0.266403
167 0.265198
168 0.265402
169 0.262841
170 0.262079
171 0.261812
172 0.261877
173 0.261928
174 0.26145
175 0.261181
176 0.260841
177 0.260846
178 0.260885
179 0.261024
180 0.261003
181 0.260872
182 0.260724
183 0.259993
184 0.25993
185 0.258962
186 0.258925
187 0.256761
188 0.256781
189 0.257971
190 0.257559
191 0.257059
192 0.256971
193 0.256812
194 0.256279
195 0.255905
196 0.255817
197 0.255699
198 0.254829
199 0.254697
200 0.25452
201 0.254468
202 0.254235
203 0.253828
204 0.253263
205 0.253569
206 0.251935
207 0.251935
208 0.251352
209 0.250053
210 0.249816
211 0.250366
212 0.249897
213 0.250489
214 0.250442
215 0.250461
216 0.250215
217 0.249903
218 0.249565
219 0.249373
220 0.249222
221 0.248138
222 0.247277
223 0.246259
224 0.246717
225 0.247346
