trial 1 : [1334, 496, 1931, 3941, 2827]
trial 2 : [881, 2553, 3118, 971, 1481]
trial 3 : [3038, 2579, 2068, 329, 3662]
trial 4 : [1437, 1128, 995, 3458, 1742]
trial 5 : [886, 151, 1154, 711, 2892]
trial 6 : [1568, 2468, 993, 176, 786]
trial 7 : [2528, 1811, 3520, 1338, 4015]
trial 8 : [1732, 2448, 504, 1630, 1368]
trial 9 : [2112, 2724, 1992, 3600, 2872]
trial 10 : [196, 95, 32, 323, 2840]
trial 11 : [1923, 3811, 1120, 2059, 1990]
trial 12 : [1701, 372, 1513, 117, 1895]
trial 13 : [2735, 3401, 1413, 1471, 2912]
trial 14 : [1708, 3050, 943, 3683, 725]
trial 15 : [2967, 54, 3388, 1623, 3954]
trial 16 : [2282, 2385, 2838, 146, 34]
trial 17 : [869, 1163, 233, 1116, 1884]
trial 18 : [3693, 663, 843, 3739, 1392]
trial 19 : [406, 3111, 484, 1938, 3325]
trial 20 : [319, 1606, 80, 3768, 3598]
trial 21 : [220, 3523, 3939, 3940, 605]
trial 22 : [2452, 1360, 105, 1269, 3546]
trial 23 : [2744, 3457, 3413, 2319, 3328]
trial 24 : [1547, 3976, 3065, 2941, 1245]
trial 25 : [420, 2831, 2874, 2443, 26]
trial 26 : [1211, 984, 1967, 2999, 1209]
trial 27 : [1846, 3137, 3048, 2248, 2252]
trial 28 : [3891, 3932, 3707, 3178, 2531]
trial 29 : [2323, 1843, 3822, 462, 137]
trial 30 : [240, 1282, 1255, 453, 249]
trial 31 : [1066, 300, 2437, 3881, 913]
trial 32 : [3119, 3669, 1024, 1686, 3107]
trial 33 : [1161, 547, 1314, 2576, 2063]
trial 34 : [2068, 774, 3293, 1648, 3681]
trial 35 : [2043, 2284, 2978, 2466, 202]
trial 36 : [3005, 2109, 3485, 970, 2863]
trial 37 : [3314, 2084, 1376, 301, 2431]
trial 38 : [895, 3652, 2115, 3927, 795]
trial 39 : [2717, 800, 3323, 436, 2537]
trial 40 : [3774, 2746, 972, 3671, 1982]
trial 41 : [3215, 1696, 3919, 1222, 3520]
trial 42 : [1954, 385, 3841, 702, 1410]
trial 43 : [1909, 1859, 3046, 827, 1288]
trial 44 : [653, 3377, 2760, 2028, 4012]
trial 45 : [2515, 1226, 1446, 3452, 3303]
trial 46 : [3246, 487, 3414, 574, 3638]
trial 47 : [924, 2141, 592, 1478, 2305]
trial 48 : [3193, 843, 772, 2603, 1363]
trial 49 : [2657, 3927, 2554, 3358, 133]
trial 50 : [358, 2128, 1897, 3080, 2913]
trial 51 : [644, 2820, 319, 245, 3538]
trial 52 : [1629, 1896, 3645, 681, 2101]
trial 53 : [744, 355, 855, 2777, 2357]
trial 54 : [683, 3406, 2113, 1883, 664]
trial 55 : [1638, 1127, 299, 3046, 2200]
trial 56 : [1116, 3288, 1703, 3311, 2280]
trial 57 : [460, 687, 2866, 3842, 1594]
trial 58 : [1779, 2684, 1619, 3021, 1861]
trial 59 : [1933, 514, 3740, 2478, 3031]
trial 60 : [375, 260, 3548, 3612, 1863]
trial 61 : [296, 1628, 3867, 3893, 418]
trial 62 : [3327, 3114, 3375, 1673, 1618]
trial 63 : [2996, 1395, 1843, 606, 3962]
trial 64 : [3040, 2348, 748, 3420, 1966]
trial 65 : [3088, 2569, 2399, 779, 1228]
trial 66 : [1224, 1951, 2905, 3195, 3313]
trial 67 : [668, 913, 2137, 1939, 528]
trial 68 : [1043, 1447, 2174, 1342, 511]
trial 69 : [2525, 3097, 1834, 434, 2118]
trial 70 : [1100, 1047, 2781, 3151, 2362]
trial 71 : [2415, 1232, 1625, 2753, 3851]
trial 72 : [3186, 2736, 673, 2299, 369]
trial 73 : [1883, 413, 3285, 3123, 3828]
trial 74 : [2071, 3535, 2303, 3640, 1206]
trial 75 : [2827, 2747, 3628, 489, 3634]
trial 76 : [1226, 446, 2873, 1974, 1244]
trial 77 : [1993, 3718, 3149, 2430, 2022]
trial 78 : [3435, 451, 1973, 1693, 1221]
trial 79 : [464, 3749, 912, 3566, 696]
trial 80 : [1167, 1579, 2076, 631, 1422]
trial 81 : [2839, 2385, 419, 2618, 890]
trial 82 : [143, 2288, 1853, 326, 3351]
trial 83 : [2800, 3678, 3960, 4000, 1779]
trial 84 : [3195, 3363, 3494, 1828, 746]
trial 85 : [3304, 2465, 1606, 2891, 3986]
trial 86 : [1846, 789, 2039, 2887, 1193]
trial 87 : [1288, 665, 2218, 536, 649]
trial 88 : [3029, 2657, 2697, 892, 93]
trial 89 : [505, 1265, 3166, 3501, 2445]
trial 90 : [939, 1911, 2661, 255, 2075]
trial 91 : [2254, 304, 431, 2928, 2420]
trial 92 : [3293, 798, 267, 3024, 2592]
trial 93 : [2867, 3435, 4018, 147, 785]
trial 94 : [705, 171, 2389, 1942, 3995]
trial 95 : [1967, 2076, 2283, 1001, 2706]
trial 96 : [3842, 1315, 2821, 1530, 1877]
trial 97 : [2759, 440, 116, 839, 4019]
trial 98 : [2262, 3456, 3042, 3309, 934]
trial 99 : [2558, 2282, 3776, 157, 3634]
trial 100 : [761, 1375, 2754, 3277, 3906]
trial 101 : [543, 349, 949, 3225, 1626]
trial 102 : [790, 2593, 2218, 1627, 1334]
trial 103 : [2199, 2703, 2024, 2957, 2507]
trial 104 : [357, 1503, 268, 2463, 1739]
trial 105 : [2120, 3805, 3482, 3647, 885]
trial 106 : [1454, 1363, 2114, 2941, 3714]
trial 107 : [1681, 3575, 588, 826, 3057]
trial 108 : [874, 556, 3830, 429, 862]
trial 109 : [3199, 3034, 33, 428, 1252]
trial 110 : [2460, 2912, 2892, 1319, 3239]
trial 111 : [813, 2307, 3015, 2645, 3520]
trial 112 : [1757, 2043, 2123, 3377, 2122]
trial 113 : [1869, 340, 3292, 741, 3379]
trial 114 : [651, 2526, 2125, 953, 3812]
trial 115 : [2383, 909, 3487, 3883, 1556]
trial 116 : [2248, 2215, 3938, 3357, 39]
trial 117 : [3046, 1022, 1121, 921, 1942]
trial 118 : [1440, 1374, 1316, 719, 3199]
trial 119 : [2840, 4002, 2581, 316, 687]
trial 120 : [1532, 1590, 2082, 714, 2730]
trial 121 : [3550, 1880, 3052, 2651, 3607]
trial 122 : [143, 1910, 3089, 2650, 1319]
trial 123 : [1514, 2897, 1944, 2749, 1253]
trial 124 : [1647, 3820, 1550, 1924, 214]
trial 125 : [1625, 85, 2132, 2213, 1597]
trial 126 : [2913, 1147, 3924, 2045, 3053]
trial 127 : [3751, 555, 1555, 2313, 3389]
trial 128 : [2765, 3389, 1112, 729, 1193]
trial 129 : [2760, 2977, 2861, 3745, 992]
trial 130 : [572, 3933, 1953, 416, 1074]
trial 131 : [2071, 399, 124, 3266, 175]
trial 132 : [130, 2844, 2798, 2454, 3452]
trial 133 : [245, 787, 301, 362, 1022]
trial 134 : [1268, 1647, 3829, 698, 3995]
trial 135 : [3316, 1207, 8, 3571, 3241]
trial 136 : [2288, 2114, 25, 2172, 2304]
trial 137 : [3455, 1462, 1901, 2402, 2536]
trial 138 : [2145, 2329, 1572, 1330, 1685]
trial 139 : [1982, 2935, 1489, 1148, 3809]
trial 140 : [2401, 1071, 2848, 1050, 176]
trial 141 : [3960, 3375, 2002, 2370, 2317]
trial 142 : [4030, 3599, 3119, 2018, 3029]
trial 143 : [1032, 2691, 3384, 3298, 3816]
trial 144 : [1936, 1292, 1578, 3587, 3685]
trial 145 : [2344, 1022, 835, 3200, 457]
trial 146 : [1618, 2784, 1191, 1663, 1359]
trial 147 : [247, 893, 1465, 1932, 1024]
trial 148 : [1930, 1865, 3837, 3029, 1578]
trial 149 : [675, 1634, 188, 103, 2568]
trial 150 : [2231, 1346, 3563, 2785, 3128]
trial 151 : [2381, 1968, 3077, 731, 1801]
trial 152 : [1314, 2150, 3044, 390, 3913]
trial 153 : [2328, 494, 952, 3779, 2059]
trial 154 : [2501, 294, 299, 1644, 1965]
trial 155 : [1091, 2571, 3738, 2802, 344]
trial 156 : [88, 1065, 3810, 574, 237]
trial 157 : [2844, 3935, 578, 1920, 757]
trial 158 : [2522, 2054, 1181, 3739, 3582]
trial 159 : [2405, 1272, 3112, 1833, 2800]
trial 160 : [3222, 2601, 1224, 2458, 3744]
trial 161 : [3757, 2953, 3163, 1625, 974]
trial 162 : [1330, 2818, 1320, 3030, 3146]
trial 163 : [1015, 1531, 1821, 2432, 1375]
trial 164 : [2208, 3427, 2538, 439, 2967]
trial 165 : [2277, 830, 1175, 1920, 3290]
trial 166 : [3679, 3672, 2845, 3093, 1650]
trial 167 : [318, 1102, 1836, 4000, 450]
trial 168 : [2057, 2654, 3539, 2073, 607]
trial 169 : [2503, 180, 716, 2859, 195]
trial 170 : [2873, 1297, 483, 381, 860]
trial 171 : [1827, 2151, 1538, 3257, 3112]
trial 172 : [1061, 664, 2754, 1273, 131]
trial 173 : [3941, 2479, 910, 3181, 2391]
trial 174 : [2474, 2908, 1472, 2000, 2566]
trial 175 : [2705, 212, 2733, 1392, 96]
trial 176 : [1756, 2897, 499, 1408, 2095]
trial 177 : [2312, 1826, 3301, 1177, 2827]
trial 178 : [559, 3000, 2623, 367, 3622]
trial 179 : [2922, 3360, 3356, 1411, 16]
trial 180 : [1801, 2483, 2924, 1372, 762]
trial 181 : [1892, 3729, 2756, 1328, 753]
trial 182 : [2169, 2151, 1856, 2811, 1972]
trial 183 : [1612, 918, 3306, 1339, 1082]
trial 184 : [1357, 2250, 3637, 759, 1891]
trial 185 : [1732, 3838, 3544, 2966, 2690]
trial 186 : [3264, 1072, 1149, 66, 2094]
trial 187 : [2145, 860, 2396, 109, 1788]
trial 188 : [971, 117, 3586, 3632, 74]
trial 189 : [2562, 4010, 3512, 1704, 2621]
trial 190 : [676, 48, 1962, 1462, 774]
trial 191 : [3664, 2408, 2149, 185, 200]
trial 192 : [1598, 2062, 2183, 683, 1105]
trial 193 : [3623, 1632, 267, 3255, 1955]
trial 194 : [2404, 3433, 3776, 3856, 1878]
trial 195 : [561, 662, 2347, 1342, 1489]
trial 196 : [3312, 3840, 2776, 1510, 3926]
trial 197 : [3288, 2235, 900, 3088, 1026]
trial 198 : [2284, 1769, 1406, 2101, 2467]
trial 199 : [993, 1237, 3426, 2698, 1361]
trial 200 : [1410, 2130, 1519, 3123, 1342]
trial 201 : [3948, 3767, 2594, 3351, 1947]
trial 202 : [1613, 3833, 1723, 2541, 1371]
trial 203 : [2225, 1981, 1395, 58, 0]
trial 204 : [2693, 1875, 2592, 461, 2528]
trial 205 : [532, 1527, 3002, 2535, 3028]
trial 206 : [1207, 3787, 3001, 1211, 2408]
trial 207 : [1950, 2862, 3878, 2787, 2671]
trial 208 : [1070, 3080, 3042, 2678, 3078]
trial 209 : [2462, 4017, 3900, 3506, 402]
trial 210 : [425, 814, 714, 410, 468]
trial 211 : [2452, 3317, 3086, 2163, 2090]
trial 212 : [3044, 3212, 416, 402, 3072]
trial 213 : [493, 1505, 2478, 2313, 3112]
trial 214 : [2449, 873, 1897, 1804, 1503]
trial 215 : [1929, 1697, 190, 3547, 418]
trial 216 : [3142, 3285, 1390, 1020, 549]
trial 217 : [1068, 1312, 1649, 681, 3981]
trial 218 : [937, 1038, 1833, 2055, 1930]
trial 219 : [3304, 548, 3009, 2047, 2322]
trial 220 : [3808, 988, 3482, 2775, 1523]
trial 221 : [3442, 2947, 3486, 956, 3003]
trial 222 : [2864, 2752, 2492, 1875, 3758]
trial 223 : [1628, 1274, 1968, 1538, 2947]
trial 224 : [127, 1264, 656, 2777, 88]
trial 225 : [245, 2210, 3829, 2927, 781]
trial 226 : [2088, 1032, 934, 2432, 1917]
trial 227 : [1256, 2651, 4037, 2980, 2834]
trial 228 : [1470, 2175, 3474, 2098, 446]
trial 229 : [1540, 3452, 70, 3984, 2769]
trial 230 : [1997, 2825, 2760, 459, 3377]
trial 231 : [1512, 2209, 3299, 3994, 2424]
trial 232 : [3096, 339, 364, 3755, 523]
trial 233 : [3763, 528, 1936, 3394, 1484]
trial 234 : [2589, 2263, 1510, 270, 1335]
trial 235 : [3357, 2634, 1937, 4002, 2476]
trial 236 : [3204, 3622, 10, 3292, 3696]
trial 237 : [571, 960, 1039, 3758, 171]
trial 238 : [691, 3593, 3710, 1466, 904]
trial 239 : [362, 3046, 2976, 1309, 3234]
trial 240 : [1494, 1002, 2249, 483, 572]
trial 241 : [3421, 2771, 3398, 246, 24]
trial 242 : [1679, 3546, 3185, 1099, 2494]
trial 243 : [502, 449, 763, 2787, 3620]
trial 244 : [1764, 145, 3063, 1820, 3091]
trial 245 : [38, 337, 3935, 3568, 2975]
trial 246 : [2336, 1676, 3810, 1158, 2782]
trial 247 : [372, 911, 1332, 2312, 521]
trial 248 : [3487, 710, 2400, 3296, 2242]
trial 249 : [3293, 307, 2193, 232, 1747]
trial 250 : [2444, 3201, 2383, 932, 2411]
trial 251 : [755, 986, 4027, 3155, 2617]
trial 252 : [339, 2855, 1700, 814, 2507]
trial 253 : [2675, 1593, 2586, 1145, 1756]
trial 254 : [1398, 154, 1499, 3779, 3249]
trial 255 : [3591, 2595, 2450, 350, 1344]
trial 256 : [3838, 556, 654, 2703, 2879]
trial 257 : [2752, 2139, 1594, 380, 0]
trial 258 : [1306, 2556, 2837, 1480, 2034]
trial 259 : [414, 2668, 2179, 592, 397]
trial 260 : [639, 2080, 1026, 2651, 1729]
trial 261 : [874, 2486, 2309, 3227, 2842]
trial 262 : [1403, 2582, 1345, 1751, 2591]
trial 263 : [1493, 2685, 2817, 1838, 4008]
trial 264 : [2820, 566, 2928, 279, 1197]
trial 265 : [2267, 1921, 1890, 2341, 1939]
trial 266 : [3234, 1198, 3149, 2146, 3623]
trial 267 : [3104, 2252, 2057, 268, 256]
trial 268 : [1751, 1256, 162, 1347, 3720]
trial 269 : [2461, 537, 1156, 1105, 3309]
trial 270 : [3574, 3229, 3871, 3839, 2488]
trial 271 : [1463, 1418, 571, 1465, 1646]
trial 272 : [1426, 1455, 828, 2540, 440]
trial 273 : [3360, 3228, 2630, 1424, 2034]
trial 274 : [2647, 3392, 2339, 3867, 1942]
trial 275 : [2686, 3041, 3917, 1745, 616]
trial 276 : [1846, 620, 2796, 3710, 4014]
trial 277 : [44, 1832, 1625, 1927, 1804]
trial 278 : [1242, 1878, 3828, 3888, 1681]
trial 279 : [2045, 3496, 3787, 1860, 2501]
trial 280 : [1774, 3243, 2891, 1529, 1143]
trial 281 : [51, 255, 2888, 3797, 2046]
trial 282 : [62, 2342, 231, 1671, 2809]
trial 283 : [1752, 398, 1368, 2851, 1632]
trial 284 : [35, 1281, 1748, 3176, 3152]
trial 285 : [1271, 2660, 3769, 3301, 2002]
trial 286 : [3564, 991, 1810, 3306, 575]
trial 287 : [1168, 1757, 369, 3149, 2242]
trial 288 : [2401, 3579, 2149, 2964, 1019]
trial 289 : [1735, 945, 1699, 986, 2026]
trial 290 : [2796, 1279, 1145, 2881, 1651]
trial 291 : [2534, 3582, 380, 3345, 3847]
trial 292 : [2023, 2575, 2958, 3881, 2151]
trial 293 : [1816, 2313, 3208, 1471, 3644]
trial 294 : [3389, 1651, 3542, 3607, 2983]
trial 295 : [364, 2115, 3996, 3755, 1576]
trial 296 : [2764, 1408, 1874, 1995, 3040]
trial 297 : [709, 19, 2507, 3734, 2937]
trial 298 : [400, 107, 921, 3708, 3162]
trial 299 : [201, 464, 264, 2258, 3258]
trial 300 : [1991, 2140, 393, 871, 195]
trial 301 : [823, 9, 2774, 2884, 1972]
trial 302 : [650, 1785, 3028, 573, 618]
trial 303 : [1235, 1304, 3875, 3307, 652]
trial 304 : [1535, 319, 2196, 2894, 1471]
trial 305 : [477, 2086, 406, 2648, 3552]
trial 306 : [962, 3552, 3566, 3841, 925]
trial 307 : [3112, 929, 632, 1371, 2417]
trial 308 : [1492, 3142, 573, 1473, 3547]
trial 309 : [3322, 1368, 2693, 539, 642]
trial 310 : [3595, 2198, 3409, 717, 40]
trial 311 : [149, 888, 2127, 3258, 1111]
trial 312 : [3570, 384, 1116, 3080, 417]
trial 313 : [1113, 3083, 2899, 3495, 972]
trial 314 : [1271, 870, 2748, 3510, 970]
trial 315 : [1406, 3195, 29, 3969, 3335]
trial 316 : [2522, 1391, 1319, 2890, 3736]
trial 317 : [2494, 1998, 642, 3775, 1250]
trial 318 : [603, 614, 253, 3927, 621]
trial 319 : [456, 3429, 1750, 2829, 190]
trial 320 : [3695, 3643, 933, 3670, 3507]
trial 321 : [886, 1345, 3387, 1515, 2782]
trial 322 : [3607, 773, 3511, 455, 3600]
trial 323 : [1597, 314, 604, 2716, 3891]
trial 324 : [3639, 730, 2829, 1177, 2887]
trial 325 : [1337, 3953, 3929, 3194, 2713]
trial 326 : [373, 3495, 2029, 11, 64]
trial 327 : [3731, 1632, 2732, 497, 3683]
trial 328 : [3579, 428, 2417, 2685, 785]
trial 329 : [1301, 879, 1788, 2436, 1102]
trial 330 : [3520, 2357, 1290, 3417, 3712]
trial 331 : [347, 862, 2004, 181, 1375]
trial 332 : [3978, 3662, 2233, 913, 2008]
trial 333 : [3412, 1868, 3679, 3410, 3061]
trial 334 : [1717, 422, 1553, 2421, 377]
trial 335 : [3740, 3596, 1203, 716, 26]
trial 336 : [2671, 2597, 431, 1133, 993]
trial 337 : [3076, 1379, 2914, 413, 1277]
trial 338 : [447, 2416, 243, 818, 3649]
trial 339 : [1116, 1215, 2366, 2153, 383]
trial 340 : [1569, 2865, 2107, 2015, 2591]
trial 341 : [1789, 1295, 3604, 2536, 3267]
trial 342 : [2919, 1487, 1023, 1273, 837]
trial 343 : [1875, 2458, 382, 3462, 2931]
trial 344 : [3733, 3314, 456, 1091, 742]
trial 345 : [1071, 392, 1549, 2209, 3361]
trial 346 : [1595, 2007, 3996, 2162, 3535]
trial 347 : [32, 383, 1937, 452, 2732]
trial 348 : [1171, 338, 2747, 1655, 2001]
trial 349 : [2101, 2076, 1347, 461, 2437]
trial 350 : [3576, 514, 1207, 1085, 773]
trial 351 : [1265, 2358, 3737, 1986, 2848]
trial 352 : [1689, 687, 153, 1817, 2679]
trial 353 : [1032, 2252, 1421, 1631, 2185]
trial 354 : [660, 3404, 3364, 95, 1189]
trial 355 : [3235, 3432, 2040, 3060, 3370]
trial 356 : [3714, 3782, 173, 2755, 1605]
trial 357 : [941, 413, 3757, 3894, 1078]
trial 358 : [995, 1457, 1475, 3076, 458]
trial 359 : [272, 3306, 994, 2243, 2151]
trial 360 : [3335, 1772, 1715, 3422, 1541]
trial 361 : [3895, 1331, 1050, 3379, 3369]
trial 362 : [2033, 2218, 1704, 1311, 2446]
trial 363 : [2755, 3072, 2361, 676, 2114]
trial 364 : [3815, 3032, 387, 3503, 380]
trial 365 : [421, 2455, 3730, 3685, 1620]
trial 366 : [3206, 3173, 2765, 1126, 3300]
trial 367 : [2887, 704, 3816, 107, 417]
trial 368 : [1594, 1868, 1055, 2798, 974]
trial 369 : [789, 3929, 519, 3390, 531]
trial 370 : [3254, 1623, 3209, 592, 3858]
trial 371 : [2167, 2016, 1628, 3220, 3073]
trial 372 : [878, 3442, 884, 3398, 1486]
trial 373 : [1389, 2978, 1495, 3343, 1257]
trial 374 : [3644, 3219, 834, 3246, 1750]
trial 375 : [7, 3358, 1653, 2752, 2043]
trial 376 : [1920, 1768, 637, 2925, 353]
trial 377 : [1190, 1725, 1294, 2541, 2058]
trial 378 : [2218, 1532, 1249, 2950, 2011]
trial 379 : [169, 522, 3805, 3262, 361]
trial 380 : [3390, 690, 2060, 1220, 3894]
trial 381 : [2424, 2301, 3585, 3921, 1083]
trial 382 : [291, 2992, 3789, 380, 2320]
trial 383 : [2663, 291, 1974, 1630, 4031]
trial 384 : [1425, 313, 971, 156, 3203]
trial 385 : [54, 195, 1905, 812, 1133]
trial 386 : [3348, 3128, 903, 1638, 1659]
trial 387 : [972, 1636, 449, 1028, 1272]
trial 388 : [3116, 1573, 2305, 1816, 3864]
trial 389 : [3197, 2013, 891, 3807, 183]
trial 390 : [3811, 1752, 3852, 2606, 664]
trial 391 : [1341, 1798, 1568, 2859, 2463]
trial 392 : [1864, 2327, 3583, 3691, 1261]
trial 393 : [2271, 366, 3147, 495, 71]
trial 394 : [1219, 784, 3489, 2385, 2241]
trial 395 : [1347, 1341, 802, 3707, 3292]
trial 396 : [3322, 1122, 3979, 3394, 2991]
trial 397 : [725, 3310, 3459, 1569, 176]
trial 398 : [875, 2299, 1025, 3894, 1318]
trial 399 : [1163, 168, 499, 3099, 1140]
trial 400 : [3647, 32, 546, 3965, 150]
trial 401 : [3156, 2480, 3421, 800, 370]
trial 402 : [54, 2124, 2230, 417, 3440]
trial 403 : [1575, 846, 392, 1655, 2048]
trial 404 : [625, 3813, 4028, 146, 144]
trial 405 : [502, 521, 677, 730, 3224]
trial 406 : [121, 2808, 2542, 3861, 862]
trial 407 : [503, 2738, 648, 2523, 1399]
trial 408 : [2633, 1760, 183, 169, 2465]
trial 409 : [3114, 3158, 3124, 821, 296]
trial 410 : [1661, 1272, 405, 3851, 711]
trial 411 : [3102, 2606, 2655, 1949, 2023]
trial 412 : [1584, 3014, 3318, 456, 1649]
trial 413 : [2423, 1432, 1560, 3218, 908]
trial 414 : [3439, 2794, 3826, 2165, 904]
trial 415 : [1064, 2691, 1905, 3815, 931]
trial 416 : [1830, 2606, 3225, 30, 3574]
trial 417 : [3763, 1431, 35, 2776, 2651]
trial 418 : [1801, 2915, 3567, 3839, 1052]
trial 419 : [690, 1528, 537, 571, 1440]
trial 420 : [1013, 136, 2997, 2617, 1410]
trial 421 : [1557, 14, 2300, 2412, 3275]
trial 422 : [3705, 2114, 3196, 338, 119]
trial 423 : [3995, 3625, 227, 280, 2442]
trial 424 : [3131, 3554, 4034, 3706, 1701]
trial 425 : [1075, 702, 2134, 1531, 1442]
trial 426 : [1697, 2495, 3722, 3161, 1977]
trial 427 : [624, 997, 3888, 1730, 2199]
trial 428 : [3936, 2623, 3448, 2394, 2347]
trial 429 : [1822, 2287, 3387, 1244, 158]
trial 430 : [297, 1622, 3714, 3185, 1487]
trial 431 : [2485, 45, 1504, 1218, 3398]
trial 432 : [1679, 2818, 1478, 3700, 2175]
trial 433 : [3196, 2822, 3454, 2773, 1278]
trial 434 : [2755, 2875, 321, 1259, 990]
trial 435 : [251, 854, 5, 951, 1429]
trial 436 : [3991, 1350, 1196, 2052, 2500]
trial 437 : [158, 21, 748, 239, 2176]
trial 438 : [459, 2319, 1359, 933, 1616]
trial 439 : [2199, 3894, 2331, 1660, 3647]
trial 440 : [680, 1583, 2129, 2573, 1686]
trial 441 : [2866, 3029, 156, 3102, 1894]
trial 442 : [22, 2875, 1923, 3471, 1643]
trial 443 : [1417, 1774, 2377, 1469, 17]
trial 444 : [3438, 86, 3763, 1916, 1876]
trial 445 : [405, 3659, 2004, 3423, 1597]
trial 446 : [2257, 990, 2940, 1574, 1409]
trial 447 : [2561, 911, 12, 3049, 2472]
trial 448 : [162, 2259, 622, 3318, 2434]
trial 449 : [3705, 1249, 3987, 3024, 244]
trial 450 : [2855, 200, 1209, 746, 1455]
trial 451 : [3107, 116, 597, 2011, 355]
trial 452 : [151, 2043, 2718, 2265, 763]
trial 453 : [99, 996, 3486, 2573, 215]
trial 454 : [3078, 140, 2566, 1108, 2992]
trial 455 : [3781, 3042, 2460, 1236, 2789]
trial 456 : [2375, 1443, 2485, 2040, 2710]
trial 457 : [3785, 3602, 1988, 3517, 3011]
trial 458 : [866, 405, 3150, 3687, 1363]
trial 459 : [430, 1167, 4024, 2815, 3849]
trial 460 : [1394, 2, 184, 102, 2750]
trial 461 : [335, 1039, 755, 1689, 3187]
trial 462 : [2677, 2551, 592, 626, 2964]
trial 463 : [3681, 233, 1977, 2803, 699]
trial 464 : [2677, 3841, 2920, 3516, 2697]
trial 465 : [174, 653, 1460, 797, 3985]
trial 466 : [2889, 1247, 2439, 2760, 2380]
trial 467 : [1279, 1643, 2114, 929, 194]
trial 468 : [1408, 1417, 3054, 3317, 2060]
trial 469 : [1646, 3260, 2163, 2757, 976]
trial 470 : [1029, 3225, 1820, 2166, 2218]
trial 471 : [3330, 2558, 145, 598, 1354]
trial 472 : [2652, 480, 1802, 3527, 172]
trial 473 : [114, 2650, 3836, 74, 3070]
trial 474 : [3708, 51, 2848, 2999, 3589]
trial 475 : [3691, 3828, 1179, 3175, 3997]
trial 476 : [905, 1570, 2794, 1004, 969]
trial 477 : [3302, 619, 905, 420, 3783]
trial 478 : [3401, 334, 1153, 3722, 1496]
trial 479 : [724, 3352, 3490, 1844, 951]
trial 480 : [487, 3219, 2953, 2010, 1059]
trial 481 : [3441, 1205, 2201, 2676, 2313]
trial 482 : [314, 546, 1022, 3293, 3127]
trial 483 : [3234, 3403, 1390, 840, 2858]
trial 484 : [2354, 1303, 3971, 1544, 3209]
trial 485 : [2571, 676, 554, 2458, 1277]
trial 486 : [1919, 237, 214, 430, 1781]
trial 487 : [359, 2606, 3956, 715, 2680]
trial 488 : [2252, 2579, 2432, 737, 3101]
trial 489 : [3900, 2227, 1751, 2266, 1556]
trial 490 : [3828, 1665, 3386, 248, 1166]
trial 491 : [686, 3137, 2168, 3797, 2593]
trial 492 : [735, 1826, 1035, 3790, 2572]
trial 493 : [3211, 3083, 2095, 708, 3657]
trial 494 : [1146, 1062, 438, 3882, 2334]
trial 495 : [3473, 1878, 1594, 872, 62]
trial 496 : [990, 1585, 3559, 1530, 2466]
trial 497 : [3893, 1196, 1278, 2577, 2857]
trial 498 : [1308, 3680, 3598, 3883, 2234]
trial 499 : [2100, 847, 282, 2021, 3129]
trial 500 : [3106, 3128, 898, 2506, 3409]
trial 501 : [1220, 3652, 2901, 369, 2849]
trial 502 : [1509, 1866, 1453, 1358, 1850]
trial 503 : [3095, 3004, 3315, 2027, 1476]
trial 504 : [3820, 3999, 708, 2605, 1957]
trial 505 : [437, 3630, 5, 1528, 3472]
trial 506 : [1747, 2655, 2951, 334, 2203]
trial 507 : [135, 3187, 1134, 643, 3601]
trial 508 : [3892, 3655, 416, 2404, 1170]
trial 509 : [403, 680, 2874, 2171, 947]
trial 510 : [2787, 838, 3496, 1822, 975]
trial 511 : [3863, 3924, 209, 3193, 3267]
trial 512 : [1022, 616, 926, 409, 1956]
trial 513 : [381, 1941, 1393, 3754, 948]
trial 514 : [3981, 1634, 3433, 1251, 281]
trial 515 : [3418, 3946, 1907, 854, 2768]
trial 516 : [2363, 1996, 3714, 1743, 1826]
trial 517 : [2448, 3555, 855, 1172, 3516]
trial 518 : [3805, 3411, 712, 640, 3647]
trial 519 : [1605, 1853, 1359, 2291, 2370]
trial 520 : [2672, 219, 3825, 320, 1030]
trial 521 : [3356, 3739, 1416, 713, 1537]
trial 522 : [2783, 2383, 1730, 407, 1498]
trial 523 : [402, 1040, 1858, 3200, 690]
trial 524 : [1190, 2465, 43, 3070, 2978]
trial 525 : [1139, 187, 3054, 1913, 1528]
trial 526 : [2434, 3930, 1365, 2988, 2241]
trial 527 : [167, 441, 2931, 2635, 2776]
trial 528 : [3989, 360, 306, 1549, 2874]
trial 529 : [979, 3085, 2673, 1759, 3336]
trial 530 : [3563, 3983, 2828, 199, 487]
trial 531 : [2356, 283, 1391, 1187, 3121]
trial 532 : [1581, 1325, 3820, 330, 2149]
trial 533 : [1742, 1974, 833, 1861, 401]
trial 534 : [3337, 119, 825, 1991, 2336]
trial 535 : [242, 2078, 1758, 1056, 3220]
trial 536 : [3436, 3546, 164, 360, 2545]
trial 537 : [2487, 3566, 4010, 965, 3670]
trial 538 : [3317, 3345, 2506, 1682, 619]
trial 539 : [546, 2460, 1442, 1968, 3018]
trial 540 : [982, 1808, 1293, 1938, 3855]
trial 541 : [1401, 770, 1879, 86, 739]
trial 542 : [629, 2297, 645, 1420, 3947]
trial 543 : [1629, 625, 1471, 3178, 709]
trial 544 : [620, 233, 1457, 2332, 1290]
trial 545 : [2990, 2147, 2660, 2789, 804]
trial 546 : [532, 1827, 1402, 2242, 1775]
trial 547 : [3936, 1573, 2962, 2618, 3395]
trial 548 : [2513, 3950, 2700, 1247, 2812]
trial 549 : [3427, 3971, 1222, 3764, 3255]
trial 550 : [3161, 1264, 3107, 2965, 1462]
trial 551 : [1211, 854, 2228, 85, 1113]
trial 552 : [3726, 2673, 1249, 3821, 626]
trial 553 : [3084, 762, 3191, 867, 3841]
trial 554 : [1243, 1915, 1749, 1202, 2934]
trial 555 : [2950, 3907, 1006, 2761, 3348]
trial 556 : [1191, 1441, 3596, 3807, 84]
trial 557 : [1882, 1402, 764, 2809, 2210]
trial 558 : [165, 1149, 2717, 1756, 1307]
trial 559 : [919, 2532, 3281, 2595, 1001]
trial 560 : [498, 3158, 33, 1926, 1253]
trial 561 : [3778, 520, 445, 1141, 3252]
trial 562 : [1811, 2098, 2115, 2000, 2501]
trial 563 : [695, 2490, 608, 857, 1547]
trial 564 : [3561, 3104, 737, 3495, 2424]
trial 565 : [2216, 1890, 1122, 1918, 2692]
trial 566 : [2798, 632, 2326, 936, 2465]
trial 567 : [386, 3775, 757, 485, 90]
trial 568 : [1765, 3840, 1413, 869, 695]
trial 569 : [2653, 514, 1775, 2184, 1444]
trial 570 : [645, 1207, 3592, 42, 2667]
trial 571 : [2177, 678, 137, 3017, 563]
trial 572 : [3335, 287, 1549, 3948, 624]
trial 573 : [3259, 2024, 255, 3925, 2559]
trial 574 : [176, 2236, 3016, 2310, 3858]
trial 575 : [843, 2360, 2494, 2104, 1979]
trial 576 : [945, 2601, 2519, 517, 2035]
trial 577 : [4014, 2558, 2102, 1524, 3285]
trial 578 : [2515, 995, 3466, 3471, 1172]
trial 579 : [3314, 2803, 752, 3, 1677]
trial 580 : [2242, 1541, 1814, 3335, 1161]
trial 581 : [2414, 1689, 2974, 2961, 2293]
trial 582 : [1596, 3021, 2822, 229, 1230]
trial 583 : [2295, 878, 72, 2124, 191]
trial 584 : [1671, 253, 3539, 869, 1725]
trial 585 : [2524, 2941, 17, 3919, 214]
trial 586 : [281, 3687, 3001, 1465, 369]
trial 587 : [1378, 1292, 1560, 2954, 170]
trial 588 : [1485, 365, 661, 691, 3337]
trial 589 : [1259, 3151, 3335, 4019, 3072]
trial 590 : [1361, 3466, 3816, 2704, 3334]
trial 591 : [1366, 960, 3929, 1331, 686]
trial 592 : [1462, 3957, 1787, 3900, 3208]
trial 593 : [3757, 714, 366, 1701, 3800]
trial 594 : [3192, 1107, 366, 400, 1993]
trial 595 : [3478, 728, 2288, 2643, 1576]
trial 596 : [3634, 2813, 3075, 247, 845]
trial 597 : [2457, 2989, 813, 2730, 1237]
trial 598 : [685, 1078, 1008, 2315, 3495]
trial 599 : [3321, 3913, 2282, 436, 269]
trial 600 : [2736, 14, 1267, 3871, 723]
trial 601 : [2549, 3813, 2563, 843, 1844]
trial 602 : [911, 3128, 1074, 1082, 3527]
trial 603 : [825, 1349, 2030, 2063, 1365]
trial 604 : [576, 2490, 1510, 45, 681]
trial 605 : [439, 2062, 1306, 14, 2984]
trial 606 : [1627, 2738, 1623, 1654, 3887]
trial 607 : [2756, 1271, 3458, 791, 2583]
trial 608 : [39, 3066, 2184, 3790, 958]
trial 609 : [2275, 530, 3174, 2426, 2451]
trial 610 : [3773, 1487, 310, 1029, 1132]
trial 611 : [819, 350, 3904, 400, 3534]
trial 612 : [3296, 3320, 3138, 2391, 2473]
trial 613 : [232, 3645, 1507, 1028, 3579]
trial 614 : [3953, 580, 131, 1952, 606]
trial 615 : [3762, 228, 2154, 1732, 3988]
trial 616 : [3026, 2924, 1398, 1179, 955]
trial 617 : [3122, 3142, 2807, 2418, 1844]
trial 618 : [3046, 2462, 1979, 940, 3041]
trial 619 : [3540, 2670, 3834, 1410, 3588]
trial 620 : [1003, 208, 1156, 2837, 2613]
trial 621 : [2533, 1689, 558, 656, 1306]
trial 622 : [825, 433, 2459, 1762, 3834]
trial 623 : [1100, 2101, 2910, 546, 2037]
trial 624 : [1492, 1270, 1600, 2517, 891]
trial 625 : [900, 2003, 2742, 3651, 2841]
trial 626 : [1278, 1982, 1189, 960, 3850]
trial 627 : [17, 682, 1836, 1484, 1873]
trial 628 : [2312, 2236, 708, 1183, 609]
trial 629 : [222, 2407, 1358, 2669, 1170]
trial 630 : [2034, 2417, 3648, 378, 369]
trial 631 : [135, 757, 1571, 2506, 1630]
trial 632 : [1687, 264, 2899, 1389, 4006]
trial 633 : [3883, 1281, 3987, 3276, 3263]
trial 634 : [3240, 3971, 1421, 2108, 201]
trial 635 : [2196, 3676, 1678, 1979, 3482]
trial 636 : [2054, 3210, 1900, 3108, 3409]
trial 637 : [3752, 2260, 3668, 1999, 2778]
trial 638 : [3199, 1043, 1743, 492, 833]
trial 639 : [885, 793, 1756, 1540, 907]
trial 640 : [472, 1225, 3000, 3566, 2161]
trial 641 : [3317, 617, 990, 1299, 816]
trial 642 : [3182, 3462, 3048, 3593, 1309]
trial 643 : [1643, 1829, 3905, 3663, 324]
trial 644 : [3553, 2079, 2308, 828, 1550]
trial 645 : [3129, 3563, 3474, 3517, 3779]
trial 646 : [393, 3976, 2556, 959, 2962]
trial 647 : [1409, 269, 2578, 2709, 191]
trial 648 : [20, 3238, 2597, 3566, 971]
trial 649 : [3456, 2316, 2081, 1595, 144]
trial 650 : [3194, 1095, 137, 1070, 1793]
trial 651 : [794, 1106, 3371, 2399, 883]
trial 652 : [165, 1473, 2933, 1245, 3509]
trial 653 : [1233, 2273, 2370, 395, 905]
trial 654 : [1781, 2401, 155, 3421, 1212]
trial 655 : [1569, 29, 2224, 922, 3519]
trial 656 : [1294, 2946, 780, 3309, 3595]
trial 657 : [3450, 2676, 1698, 1084, 1394]
trial 658 : [3799, 2485, 1421, 551, 3717]
trial 659 : [839, 1959, 501, 2963, 2816]
trial 660 : [3204, 2795, 2100, 1194, 2425]
trial 661 : [1850, 1097, 1381, 3477, 2527]
trial 662 : [1021, 2744, 2893, 619, 862]
trial 663 : [11, 1519, 1359, 95, 2713]
trial 664 : [2905, 2015, 2361, 428, 3778]
trial 665 : [2389, 3511, 63, 2742, 1746]
trial 666 : [37, 3069, 1299, 168, 3591]
trial 667 : [1703, 3982, 3536, 2540, 3911]
trial 668 : [1727, 1382, 268, 509, 424]
trial 669 : [859, 2690, 147, 3010, 10]
trial 670 : [2468, 3361, 2500, 913, 3588]
trial 671 : [1072, 988, 948, 280, 1789]
trial 672 : [1556, 605, 2380, 89, 1206]
trial 673 : [757, 947, 2608, 3415, 3713]
trial 674 : [2970, 959, 2850, 2084, 857]
trial 675 : [596, 3635, 1614, 3669, 2850]
trial 676 : [2052, 1393, 2148, 3804, 2853]
trial 677 : [2942, 3848, 2575, 2489, 1148]
trial 678 : [1962, 2169, 2709, 2136, 2314]
trial 679 : [984, 1336, 2485, 735, 822]
trial 680 : [1753, 1108, 726, 2590, 3247]
trial 681 : [1598, 1166, 134, 3906, 1814]
trial 682 : [2821, 2846, 2424, 1430, 3477]
trial 683 : [3444, 3714, 1017, 775, 2414]
trial 684 : [2597, 965, 1032, 466, 3303]
trial 685 : [2786, 3236, 1193, 1198, 216]
trial 686 : [3913, 3533, 1696, 1985, 3286]
trial 687 : [1377, 389, 1955, 3550, 2234]
trial 688 : [919, 2207, 2344, 1883, 2643]
trial 689 : [2151, 1671, 3228, 3237, 1035]
trial 690 : [1744, 3573, 3983, 2570, 660]
trial 691 : [809, 1565, 1043, 730, 3082]
trial 692 : [1902, 2204, 1145, 2710, 2081]
trial 693 : [1123, 2723, 1552, 1774, 340]
trial 694 : [1078, 1147, 3976, 2922, 2560]
trial 695 : [1150, 2014, 1964, 2475, 56]
trial 696 : [223, 888, 3690, 1346, 129]
trial 697 : [1041, 1148, 3537, 788, 2353]
trial 698 : [3926, 761, 3155, 3287, 2361]
trial 699 : [342, 883, 262, 2517, 241]
trial 700 : [225, 3942, 1004, 1949, 2079]
trial 701 : [3345, 3896, 2162, 3228, 3752]
trial 702 : [6, 1556, 2437, 3118, 1036]
trial 703 : [1769, 694, 1849, 962, 2413]
trial 704 : [2745, 3296, 3800, 3571, 1069]
trial 705 : [3816, 929, 3669, 2664, 1686]
trial 706 : [3970, 4035, 4013, 592, 2295]
trial 707 : [2496, 269, 2865, 1922, 1882]
trial 708 : [622, 85, 1219, 121, 2419]
trial 709 : [3610, 1019, 1992, 2111, 3868]
trial 710 : [3560, 42, 103, 326, 2579]
trial 711 : [3278, 3062, 894, 3, 913]
trial 712 : [623, 2980, 1566, 3153, 1683]
trial 713 : [1284, 3325, 3288, 1317, 464]
trial 714 : [1757, 2711, 1104, 1730, 3662]
trial 715 : [1084, 2860, 1121, 918, 2865]
trial 716 : [555, 377, 3286, 2611, 609]
trial 717 : [389, 285, 1991, 3868, 1573]
trial 718 : [1536, 1359, 3387, 544, 522]
trial 719 : [2208, 312, 2035, 1278, 793]
trial 720 : [645, 1592, 2579, 2766, 1825]
trial 721 : [698, 3380, 3890, 3504, 3792]
trial 722 : [3810, 1491, 478, 3049, 3501]
trial 723 : [3412, 2743, 2946, 1089, 1278]
trial 724 : [137, 272, 411, 3685, 931]
trial 725 : [1725, 3119, 1965, 3584, 1991]
trial 726 : [3841, 3507, 596, 2868, 1459]
trial 727 : [2785, 152, 3422, 136, 37]
trial 728 : [2597, 954, 2396, 1683, 1679]
trial 729 : [170, 638, 2670, 557, 3018]
trial 730 : [2122, 2043, 3150, 1680, 1451]
trial 731 : [3771, 2228, 3380, 1484, 2701]
trial 732 : [1148, 2799, 1607, 1155, 512]
trial 733 : [3323, 1185, 3647, 3669, 2487]
trial 734 : [1856, 643, 2209, 3881, 2805]
trial 735 : [1949, 1720, 1820, 2142, 831]
trial 736 : [862, 285, 688, 153, 427]
trial 737 : [1908, 3241, 3006, 2525, 2128]
trial 738 : [3741, 2627, 3962, 716, 223]
trial 739 : [457, 3166, 139, 2158, 2977]
trial 740 : [3937, 726, 2358, 1676, 204]
trial 741 : [2293, 3317, 11, 1258, 427]
trial 742 : [3759, 3469, 176, 474, 2776]
trial 743 : [3429, 949, 2987, 2644, 591]
trial 744 : [1806, 70, 184, 586, 1892]
trial 745 : [307, 2195, 239, 3069, 2815]
trial 746 : [2953, 3535, 318, 496, 560]
trial 747 : [2882, 112, 3089, 1342, 3759]
trial 748 : [3092, 2741, 3508, 2499, 1609]
trial 749 : [1494, 1863, 318, 812, 3502]
trial 750 : [3472, 208, 1546, 1215, 1735]
trial 751 : [1981, 1410, 3655, 895, 473]
trial 752 : [2568, 1960, 146, 3913, 3527]
trial 753 : [3326, 3683, 3451, 875, 3965]
trial 754 : [2612, 341, 3988, 2435, 2726]
trial 755 : [3895, 2001, 1569, 19, 2787]
trial 756 : [189, 1551, 1514, 927, 2922]
trial 757 : [511, 3138, 148, 2984, 1027]
trial 758 : [3898, 4026, 743, 3314, 1931]
trial 759 : [57, 3681, 1698, 2384, 2109]
trial 760 : [445, 3497, 2076, 1633, 2051]
trial 761 : [181, 1794, 3966, 757, 983]
trial 762 : [3743, 623, 3364, 241, 2826]
trial 763 : [3810, 3662, 3376, 2024, 12]
trial 764 : [1010, 1899, 1192, 827, 1949]
trial 765 : [1702, 3276, 3544, 1464, 2996]
trial 766 : [1240, 333, 2839, 2791, 1276]
trial 767 : [1087, 2773, 3813, 3196, 2906]
trial 768 : [2779, 475, 2309, 3495, 2456]
trial 769 : [2205, 1970, 3780, 929, 2572]
trial 770 : [2432, 1865, 870, 2118, 1804]
trial 771 : [3920, 2800, 1397, 231, 769]
trial 772 : [3563, 493, 3045, 1108, 2495]
trial 773 : [74, 1604, 1734, 2633, 1027]
trial 774 : [2026, 594, 3881, 1253, 2656]
trial 775 : [867, 2068, 1573, 3568, 1893]
trial 776 : [3643, 519, 3142, 2794, 1593]
trial 777 : [3525, 3537, 3331, 1556, 2900]
trial 778 : [90, 2801, 577, 750, 2991]
trial 779 : [2272, 2642, 367, 3558, 2240]
trial 780 : [4023, 1342, 142, 1579, 1755]
trial 781 : [1756, 2543, 3463, 889, 1724]
trial 782 : [1645, 2942, 2007, 3843, 3668]
trial 783 : [2566, 2469, 3545, 2211, 2604]
trial 784 : [985, 2944, 3368, 497, 2468]
trial 785 : [1409, 1240, 168, 1358, 1997]
trial 786 : [4022, 2744, 660, 1429, 1571]
trial 787 : [1361, 245, 3596, 1339, 741]
trial 788 : [555, 762, 1676, 3148, 1314]
trial 789 : [2490, 2515, 3452, 2989, 1593]
trial 790 : [969, 2571, 139, 2207, 3364]
trial 791 : [2686, 977, 1720, 1777, 1691]
trial 792 : [1411, 3889, 1737, 2693, 2473]
trial 793 : [2122, 2271, 3257, 49, 2651]
trial 794 : [2766, 1373, 1169, 1759, 1686]
trial 795 : [2597, 791, 774, 1047, 1331]
trial 796 : [2184, 652, 1267, 1991, 964]
trial 797 : [2066, 967, 1582, 2138, 1736]
trial 798 : [2550, 3913, 1428, 2569, 1511]
trial 799 : [2084, 3015, 1294, 3675, 894]
trial 800 : [1581, 3183, 3322, 2476, 345]
trial 801 : [810, 2401, 2541, 1458, 293]
trial 802 : [3387, 2190, 1855, 2414, 997]
trial 803 : [3789, 2673, 2768, 2587, 811]
trial 804 : [1475, 2104, 2327, 1564, 2710]
trial 805 : [3388, 2275, 12, 10, 3329]
trial 806 : [2045, 1356, 395, 2438, 3993]
trial 807 : [715, 3989, 1736, 3560, 682]
trial 808 : [228, 3637, 2124, 3215, 1318]
trial 809 : [3473, 1388, 801, 3325, 3106]
trial 810 : [1831, 3667, 3337, 2461, 619]
trial 811 : [2910, 1641, 2523, 3392, 2117]
trial 812 : [2726, 2955, 3540, 1083, 1559]
trial 813 : [3106, 2076, 2336, 1307, 2143]
trial 814 : [2186, 2389, 3097, 3452, 950]
trial 815 : [1282, 2057, 55, 219, 2459]
trial 816 : [2753, 1541, 2636, 3434, 3336]
trial 817 : [231, 3069, 1983, 2340, 2690]
trial 818 : [2802, 1201, 478, 3596, 2609]
trial 819 : [3166, 3745, 901, 3576, 3067]
trial 820 : [1707, 965, 1238, 4030, 1216]
trial 821 : [1209, 2901, 3067, 251, 2]
trial 822 : [2113, 3358, 2325, 51, 3747]
trial 823 : [2550, 2128, 600, 3439, 2985]
trial 824 : [3969, 2688, 2483, 3714, 2070]
trial 825 : [1203, 3925, 3997, 991, 106]
trial 826 : [660, 2190, 7, 2115, 1277]
trial 827 : [1423, 2949, 1396, 1290, 1917]
trial 828 : [71, 678, 1115, 1183, 1933]
trial 829 : [2273, 1077, 2508, 491, 3163]
trial 830 : [3747, 2783, 2099, 3964, 2653]
trial 831 : [3820, 2780, 3615, 3356, 3945]
trial 832 : [1790, 1949, 2759, 718, 2787]
trial 833 : [1148, 2009, 1535, 2759, 3477]
trial 834 : [2310, 578, 2886, 367, 349]
trial 835 : [2254, 3577, 94, 2275, 1048]
trial 836 : [2971, 3893, 3426, 3849, 1076]
trial 837 : [1483, 3911, 542, 2906, 1598]
trial 838 : [666, 2883, 14, 1223, 3549]
trial 839 : [3121, 239, 270, 624, 3285]
trial 840 : [1337, 2487, 124, 2457, 269]
trial 841 : [708, 1868, 1922, 4015, 3890]
trial 842 : [1062, 607, 853, 2986, 2945]
trial 843 : [2809, 1314, 90, 3544, 1224]
trial 844 : [1587, 1185, 1307, 2714, 1385]
trial 845 : [953, 2000, 2076, 494, 1753]
trial 846 : [1409, 723, 2679, 2709, 3193]
trial 847 : [2655, 3752, 3313, 414, 3858]
trial 848 : [3628, 1818, 362, 1605, 1596]
trial 849 : [3637, 1944, 2404, 1544, 3419]
trial 850 : [650, 5, 429, 2914, 2841]
trial 851 : [895, 2723, 1489, 1435, 83]
trial 852 : [2714, 3352, 1043, 734, 1768]
trial 853 : [3986, 2857, 1780, 2221, 422]
trial 854 : [2681, 3094, 3211, 803, 3562]
trial 855 : [1339, 3699, 475, 2330, 3200]
trial 856 : [619, 330, 66, 891, 331]
trial 857 : [60, 837, 2154, 1638, 341]
trial 858 : [3502, 510, 615, 2636, 2253]
trial 859 : [1966, 1869, 1858, 1459, 190]
trial 860 : [684, 2565, 3653, 562, 3568]
trial 861 : [1466, 3070, 503, 3420, 1734]
trial 862 : [1604, 342, 3955, 3350, 3978]
trial 863 : [1558, 987, 1580, 178, 2022]
trial 864 : [1489, 1198, 41, 201, 3688]
trial 865 : [3881, 3720, 1490, 1114, 2215]
trial 866 : [3079, 807, 365, 1462, 631]
trial 867 : [1395, 3439, 546, 2170, 2069]
trial 868 : [664, 3566, 1743, 1374, 1248]
trial 869 : [3437, 987, 2443, 615, 2262]
trial 870 : [1343, 3046, 1960, 3810, 1417]
trial 871 : [1081, 3550, 678, 1297, 1363]
trial 872 : [3066, 1545, 399, 3921, 1452]
trial 873 : [2441, 1043, 1283, 1169, 39]
trial 874 : [3636, 1504, 1103, 2829, 3572]
trial 875 : [1121, 3344, 2102, 704, 2435]
trial 876 : [3317, 403, 1812, 3102, 3537]
trial 877 : [2797, 869, 3031, 2646, 2319]
trial 878 : [3723, 2211, 890, 2170, 951]
trial 879 : [1273, 1372, 1807, 2893, 3440]
trial 880 : [1739, 3385, 269, 2384, 1573]
trial 881 : [3165, 134, 2652, 858, 1835]
trial 882 : [190, 3400, 3422, 1990, 650]
trial 883 : [1775, 314, 3552, 702, 759]
trial 884 : [1199, 699, 750, 2506, 3905]
trial 885 : [1293, 1110, 1507, 755, 227]
trial 886 : [3658, 2174, 199, 2693, 1113]
trial 887 : [1961, 1434, 694, 689, 2857]
trial 888 : [1208, 569, 2901, 1912, 2379]
trial 889 : [2555, 807, 153, 76, 3354]
trial 890 : [3224, 841, 929, 650, 190]
trial 891 : [1462, 828, 659, 463, 3124]
trial 892 : [2224, 3839, 2202, 3354, 3305]
trial 893 : [3018, 3945, 2035, 967, 923]
trial 894 : [382, 2844, 817, 2143, 3030]
trial 895 : [2031, 1688, 710, 2277, 3071]
trial 896 : [2760, 1621, 2608, 2546, 1438]
trial 897 : [706, 410, 2686, 22, 3779]
trial 898 : [2429, 3966, 487, 498, 172]
trial 899 : [787, 2212, 3453, 3178, 1318]
trial 900 : [3254, 2013, 2716, 2653, 922]
trial 901 : [1248, 2373, 2244, 258, 2882]
trial 902 : [659, 2709, 3232, 912, 3400]
trial 903 : [3401, 255, 554, 2858, 2076]
trial 904 : [111, 2320, 1068, 3557, 921]
trial 905 : [1612, 2474, 914, 278, 355]
trial 906 : [3526, 3373, 349, 796, 2428]
trial 907 : [2791, 3423, 333, 3920, 3249]
trial 908 : [3687, 3586, 30, 428, 2858]
trial 909 : [3365, 1900, 952, 2662, 1062]
trial 910 : [1537, 647, 1895, 555, 1836]
trial 911 : [223, 1448, 2560, 555, 2829]
trial 912 : [615, 1152, 2600, 3057, 1976]
trial 913 : [3988, 3180, 1865, 2504, 3888]
trial 914 : [3325, 2486, 2704, 509, 2652]
trial 915 : [1323, 3176, 1318, 1063, 3844]
trial 916 : [5, 2537, 799, 1624, 1679]
trial 917 : [523, 2778, 3199, 3691, 2078]
trial 918 : [1170, 971, 113, 2236, 2328]
trial 919 : [3401, 1855, 3423, 1482, 1739]
trial 920 : [3380, 929, 2717, 1389, 1514]
trial 921 : [2920, 164, 3750, 2639, 2421]
trial 922 : [3550, 2012, 1941, 2044, 1570]
trial 923 : [518, 183, 1389, 225, 3298]
trial 924 : [1418, 3782, 1893, 2467, 2326]
trial 925 : [2348, 3796, 2944, 1530, 1857]
trial 926 : [1440, 1988, 2906, 3947, 223]
trial 927 : [618, 688, 3212, 1506, 2986]
trial 928 : [2745, 2188, 3651, 283, 1600]
trial 929 : [1258, 1376, 2698, 2746, 515]
trial 930 : [1846, 3454, 290, 3313, 1683]
trial 931 : [2500, 3359, 1035, 3374, 2901]
trial 932 : [2730, 1996, 3253, 3598, 3852]
trial 933 : [1406, 1515, 2076, 3937, 1568]
trial 934 : [3735, 3312, 2083, 3832, 3709]
trial 935 : [3872, 2265, 3360, 2059, 731]
trial 936 : [2501, 2976, 3565, 4003, 1915]
trial 937 : [3110, 1671, 1106, 1028, 1878]
trial 938 : [2353, 767, 1325, 3097, 3105]
trial 939 : [2117, 2391, 244, 3152, 3225]
trial 940 : [2681, 2957, 2183, 755, 2396]
trial 941 : [3087, 936, 1885, 3950, 422]
trial 942 : [1597, 2755, 2406, 920, 3521]
trial 943 : [1447, 3593, 2749, 1930, 1115]
trial 944 : [2538, 2570, 2808, 3048, 3233]
trial 945 : [506, 557, 1165, 1932, 1751]
trial 946 : [3618, 439, 3006, 2305, 2332]
trial 947 : [2202, 3322, 2350, 2686, 1248]
trial 948 : [2080, 2572, 3814, 844, 600]
trial 949 : [1067, 217, 3051, 576, 74]
trial 950 : [2752, 1285, 3090, 2613, 253]
trial 951 : [3697, 1622, 166, 1222, 2894]
trial 952 : [1359, 3994, 3907, 1218, 2205]
trial 953 : [1410, 82, 2196, 3523, 2945]
trial 954 : [1992, 4033, 3027, 1067, 1518]
trial 955 : [3173, 2235, 1766, 4026, 1938]
trial 956 : [2327, 1110, 794, 3759, 1515]
trial 957 : [347, 1471, 1955, 1541, 1973]
trial 958 : [2000, 2879, 2666, 212, 1836]
trial 959 : [2045, 3961, 3302, 985, 2308]
trial 960 : [1863, 3622, 2948, 434, 613]
trial 961 : [2257, 1014, 1709, 2600, 1925]
trial 962 : [2267, 41, 1028, 1652, 2545]
trial 963 : [2052, 1445, 3461, 2789, 2473]
trial 964 : [205, 3517, 1031, 3649, 3599]
trial 965 : [2305, 1210, 2039, 3212, 3589]
trial 966 : [2128, 398, 2465, 3219, 2723]
trial 967 : [1545, 1555, 43, 683, 2319]
trial 968 : [3954, 1163, 1509, 1270, 107]
trial 969 : [3780, 840, 399, 624, 3971]
trial 970 : [2979, 3036, 2751, 2262, 1527]
trial 971 : [3662, 150, 3420, 1800, 1693]
trial 972 : [2047, 509, 2097, 3119, 986]
trial 973 : [1680, 2179, 314, 3174, 3620]
trial 974 : [2297, 3476, 2664, 608, 2727]
trial 975 : [515, 71, 1843, 2744, 3011]
trial 976 : [3150, 3319, 508, 3324, 187]
trial 977 : [731, 2397, 1962, 2841, 2978]
trial 978 : [533, 3855, 2122, 1512, 1402]
trial 979 : [1639, 389, 2931, 1394, 3271]
trial 980 : [2737, 1823, 3966, 3660, 3035]
trial 981 : [526, 3044, 3736, 3964, 3435]
trial 982 : [3918, 3417, 2951, 3145, 3463]
trial 983 : [260, 134, 447, 2146, 3227]
trial 984 : [992, 2722, 837, 1147, 1091]
trial 985 : [711, 1158, 1748, 1057, 1272]
trial 986 : [1517, 1699, 2331, 3826, 2933]
trial 987 : [714, 1435, 2499, 3625, 2402]
trial 988 : [1219, 1530, 3495, 3167, 1685]
trial 989 : [85, 2993, 744, 3014, 3096]
trial 990 : [2871, 2481, 3050, 1176, 848]
trial 991 : [2532, 2588, 1008, 1560, 3213]
trial 992 : [2152, 4024, 2530, 3633, 3255]
trial 993 : [3880, 3519, 2999, 78, 3249]
trial 994 : [3358, 3070, 3485, 294, 2808]
trial 995 : [1352, 584, 534, 2835, 354]
trial 996 : [2455, 800, 3984, 3248, 3069]
trial 997 : [549, 677, 3357, 3182, 983]
trial 998 : [332, 2924, 3141, 1951, 1490]
trial 999 : [1882, 2366, 2166, 3997, 789]
trial 1000 : [742, 2769, 1544, 762, 234]
