0 6.896
1 6.195
2 6.039
3 5.733
4 5.806
5 5.724
6 5.621
7 5.567
8 5.526
9 5.542
10 5.479
11 5.598
12 5.58
13 5.438
14 5.464
15 5.475
16 5.633
17 5.645
18 5.595
19 5.673
20 5.597
21 5.595
22 5.536
23 5.63
24 5.6
25 5.601
26 5.551
27 5.543
28 5.581
29 5.591
30 5.528
31 5.508
32 5.532
33 5.472
34 5.531
35 5.479
36 5.478
37 5.47
38 5.515
39 5.458
40 5.472
41 5.423
42 5.355
43 5.414
44 5.425
45 5.351
46 5.357
47 5.332
48 5.363
49 5.344
50 5.291
51 5.262
52 5.392
53 5.301
54 5.335
55 5.315
56 5.27
57 5.229
58 5.202
59 5.227
60 5.222
61 5.182
62 5.236
63 5.183
64 5.189
65 5.211
66 5.188
67 5.153
68 5.116
69 5.185
70 5.131
71 5.186
72 5.208
73 5.112
74 5.16
75 5.145
76 5.211
77 5.221
78 5.185
79 5.118
80 5.215
81 5.201
82 5.125
83 5.106
84 5.126
85 5.191
86 5.18
87 5.088
88 5.127
89 5.167
90 5.067
91 5.106
92 5.111
93 5.109
94 5.109
95 5.238
96 5.24
97 5.189
98 5.158
99 5.173
100 5.145
101 5.179
102 5.215
103 5.197
104 5.184
105 5.18
106 5.194
107 5.155
108 5.138
109 5.217
110 5.189
111 5.197
112 5.173
113 5.105
114 5.235
115 5.198
116 5.188
117 5.179
118 5.171
119 5.186
120 5.169
121 5.103
122 5.117
123 5.149
124 5.142
125 5.153
126 5.141
127 5.173
128 5.164
129 5.181
130 5.094
131 5.119
132 5.128
133 5.135
134 5.161
135 5.16
136 5.167
137 5.193
138 5.164
139 5.154
140 5.189
141 5.192
142 5.156
143 5.197
144 5.138
145 5.192
146 5.18
147 5.128
148 5.105
149 5.172
150 5.175
151 5.169
152 5.162
153 5.065
154 5.12
155 5.168
156 5.177
157 5.144
158 5.113
159 5.098
160 5.055
161 5.078
162 5.093
163 5.047
164 5.069
165 5.062
166 5.066
167 5.056
168 5.052
169 5.047
170 5.099
171 5.078
172 5.063
173 5.056
174 5.031
175 5.007
176 5.035
177 5
178 5.068
179 5.064
180 5.078
181 5.01
182 5.01
183 5.073
184 5.009
185 5.069
186 5.001
187 5.157
188 5.029
189 5.05
190 5.085
191 5.002
192 5.05
193 4.97
194 4.999
195 5.087
196 5.01
197 5.003
198 4.988
199 5.017
200 4.936
201 5.021
202 4.995
203 5.03
204 4.988
205 4.988
206 4.956
207 5.053
208 4.988
209 4.932
210 5.049
211 4.944
212 4.984
213 5.067
214 4.942
215 4.991
216 4.995
217 4.975
218 4.945
219 4.946
220 5.012
221 4.937
222 4.926
223 5.048
224 5.068
225 4.967
