0 1
1 0.990098
2 0.983447
3 0.929798
4 0.910091
5 0.895785
6 0.881654
7 0.871741
8 0.806101
9 0.799973
10 0.797041
11 0.739076
12 0.73595
13 0.727302
14 0.726733
15 0.725668
16 0.663295
17 0.662837
18 0.660545
19 0.654098
20 0.637005
21 0.635071
22 0.630919
23 0.623966
24 0.623861
25 0.622878
26 0.621679
27 0.619468
28 0.618581
29 0.618826
30 0.618903
31 0.617066
32 0.617216
33 0.616108
34 0.615925
35 0.615925
36 0.615814
37 0.59003
38 0.59003
39 0.588788
40 0.584517
41 0.580943
42 0.580292
43 0.579496
44 0.579221
45 0.579471
46 0.579571
47 0.579078
48 0.578689
49 0.578507
50 0.57843
51 0.576825
52 0.554901
53 0.554465
54 0.554465
55 0.554549
56 0.545883
57 0.544979
58 0.545134
59 0.542426
60 0.541473
61 0.540765
62 0.54061
63 0.538064
64 0.537837
65 0.536694
66 0.535307
67 0.535123
68 0.5352
69 0.534602
70 0.534318
71 0.534427
72 0.534518
73 0.533735
74 0.53355
75 0.533312
76 0.533301
77 0.533861
78 0.533938
79 0.53291
80 0.53291
81 0.533022
82 0.531596
83 0.528854
84 0.524058
85 0.524045
86 0.521037
87 0.520564
88 0.520037
89 0.519762
90 0.518453
91 0.518453
92 0.518068
93 0.518168
94 0.517394
95 0.499927
96 0.500052
97 0.498943
98 0.498943
99 0.498779
100 0.498785
101 0.496194
102 0.48451
103 0.484891
104 0.483754
105 0.483754
106 0.483754
107 0.483754
108 0.483754
109 0.48367
110 0.482572
111 0.482086
112 0.482086
113 0.481419
114 0.481419
115 0.474809
116 0.474809
117 0.474718
118 0.474458
119 0.47441
120 0.474354
121 0.475079
122 0.474988
123 0.472101
124 0.471976
125 0.472159
126 0.47225
127 0.471948
128 0.471237
129 0.471314
130 0.471314
131 0.471314
132 0.471159
133 0.471062
134 0.470686
135 0.470541
136 0.469106
137 0.464007
138 0.464007
139 0.463859
140 0.462588
141 0.462588
142 0.461432
143 0.461355
144 0.461425
145 0.460906
146 0.460521
147 0.460421
148 0.460008
149 0.459569
150 0.456575
151 0.45671
152 0.455998
153 0.455998
154 0.455998
155 0.455489
156 0.455681
157 0.455019
158 0.455019
159 0.455119
160 0.454628
161 0.454362
162 0.452295
163 0.452295
164 0.452295
165 0.45171
166 0.45171
167 0.45171
168 0.451905
169 0.451957
170 0.451751
171 0.451834
172 0.451439
173 0.45166
174 0.45166
175 0.45166
176 0.451521
177 0.451521
178 0.45123
179 0.451355
180 0.451495
181 0.448431
182 0.448248
183 0.448529
184 0.448529
185 0.448529
186 0.448045
187 0.448045
188 0.448045
189 0.448045
190 0.447882
191 0.447882
192 0.446409
193 0.446149
194 0.445205
195 0.445105
196 0.445069
197 0.443422
198 0.443422
199 0.443331
200 0.443248
201 0.443231
202 0.443503
203 0.442814
204 0.442686
205 0.442686
206 0.444093
207 0.444093
208 0.44406
209 0.443104
210 0.44133
211 0.441225
212 0.441402
213 0.440011
214 0.4399
215 0.4397
216 0.439193
217 0.439093
218 0.43908
219 0.43893
220 0.438853
221 0.438776
222 0.43876
223 0.438549
224 0.43864
225 0.438405
