0 15.862
1 15.878
2 15.873
3 15.968
4 16.004
5 16.017
6 16.045
7 16.069
8 16.115
9 16.112
10 16.115
11 16.481
12 16.493
13 16.5
14 16.506
15 16.52
16 16.918
17 16.912
18 16.932
19 16.955
20 17.037
21 17.088
22 17.072
23 17.088
24 17.092
25 17.089
26 17.1
27 17.101
28 17.107
29 17.111
30 17.111
31 17.122
32 17.125
33 17.129
34 17.126
35 17.125
36 17.125
37 17.159
38 17.159
39 17.178
40 17.188
41 17.196
42 17.209
43 17.231
44 17.228
45 17.235
46 17.24
47 17.242
48 17.247
49 17.243
50 17.244
51 17.245
52 17.295
53 17.297
54 17.298
55 17.299
56 17.344
57 17.355
58 17.362
59 17.4
60 17.405
61 17.403
62 17.428
63 17.486
64 17.494
65 17.501
66 17.537
67 17.53
68 17.529
69 17.531
70 17.533
71 17.536
72 17.536
73 17.542
74 17.534
75 17.541
76 17.542
77 17.525
78 17.53
79 17.542
80 17.542
81 17.541
82 17.555
83 17.578
84 17.598
85 17.602
86 17.62
87 17.615
88 17.617
89 17.622
90 17.617
91 17.617
92 17.619
93 17.617
94 17.615
95 17.793
96 17.795
97 17.808
98 17.808
99 17.812
100 17.814
101 17.829
102 17.855
103 17.857
104 17.864
105 17.866
106 17.867
107 17.868
108 17.868
109 17.874
110 17.866
111 17.866
112 17.866
113 17.874
114 17.872
115 17.874
116 17.874
117 17.876
118 17.874
119 17.875
120 17.882
121 17.88
122 17.88
123 17.896
124 17.895
125 17.889
126 17.882
127 17.89
128 17.896
129 17.899
130 17.899
131 17.899
132 17.902
133 17.911
134 17.909
135 17.912
136 17.906
137 17.933
138 17.933
139 17.926
140 17.931
141 17.931
142 17.932
143 17.929
144 17.924
145 17.942
146 17.958
147 17.961
148 17.976
149 17.982
150 17.993
151 17.993
152 17.993
153 17.993
154 17.993
155 18.002
156 18.016
157 18.027
158 18.029
159 18.027
160 18.013
161 18.03
162 18.023
163 18.023
164 18.022
165 18.033
166 18.033
167 18.033
168 18.034
169 18.049
170 18.048
171 18.046
172 18.051
173 18.049
174 18.049
175 18.049
176 18.051
177 18.052
178 18.055
179 18.054
180 18.06
181 18.078
182 18.075
183 18.08
184 18.08
185 18.077
186 18.091
187 18.09
188 18.09
189 18.091
190 18.091
191 18.091
192 18.099
193 18.095
194 18.113
195 18.113
196 18.109
197 18.13
198 18.139
199 18.14
200 18.139
201 18.14
202 18.145
203 18.152
204 18.156
205 18.156
206 18.162
207 18.162
208 18.157
209 18.141
210 18.149
211 18.148
212 18.147
213 18.166
214 18.168
215 18.164
216 18.164
217 18.169
218 18.166
219 18.169
220 18.169
221 18.169
222 18.185
223 18.185
224 18.182
225 18.187
