0 1
1 1.00041
2 0.999871
3 1.01114
4 1.01306
5 1.01386
6 1.01479
7 1.01562
8 1.01793
9 1.01786
10 1.01799
11 1.04771
12 1.04759
13 1.04898
14 1.04897
15 1.04902
16 1.07518
17 1.07522
18 1.07545
19 1.07818
20 1.08312
21 1.09038
22 1.09032
23 1.09203
24 1.09235
25 1.09244
26 1.09267
27 1.09329
28 1.09446
29 1.09399
30 1.09359
31 1.09455
32 1.0942
33 1.09404
34 1.09359
35 1.09359
36 1.09356
37 1.09389
38 1.09415
39 1.09457
40 1.09562
41 1.09675
42 1.09702
43 1.09857
44 1.09864
45 1.09868
46 1.09846
47 1.09847
48 1.09839
49 1.09819
50 1.0981
51 1.09995
52 1.10258
53 1.10295
54 1.10317
55 1.10312
56 1.10556
57 1.10631
58 1.10729
59 1.1117
60 1.11165
61 1.11263
62 1.11217
63 1.11124
64 1.11126
65 1.11286
66 1.11437
67 1.11482
68 1.11482
69 1.11527
70 1.11545
71 1.11534
72 1.11513
73 1.11635
74 1.11605
75 1.11632
76 1.11632
77 1.11639
78 1.11639
79 1.11634
80 1.11596
81 1.1159
82 1.11594
83 1.11722
84 1.11809
85 1.11817
86 1.11958
87 1.11958
88 1.12005
89 1.11989
90 1.11949
91 1.11955
92 1.11945
93 1.11959
94 1.11964
95 1.13038
96 1.13039
97 1.13001
98 1.13016
99 1.13179
100 1.13161
101 1.13402
102 1.13731
103 1.13718
104 1.13723
105 1.13723
106 1.13722
107 1.13745
108 1.13761
109 1.13811
110 1.139
111 1.13899
112 1.13887
113 1.13905
114 1.13909
115 1.14031
116 1.14038
117 1.14045
118 1.1402
119 1.14078
120 1.14106
121 1.14062
122 1.14062
123 1.14449
124 1.14471
125 1.14477
126 1.14477
127 1.14485
128 1.14475
129 1.14497
130 1.14514
131 1.14539
132 1.1455
133 1.14594
134 1.14595
135 1.14584
136 1.14508
137 1.14583
138 1.14601
139 1.14595
140 1.14614
141 1.14602
142 1.14788
143 1.14802
144 1.14802
145 1.14867
146 1.14924
147 1.14951
148 1.15202
149 1.15194
150 1.15322
151 1.15214
152 1.1526
153 1.1526
154 1.1526
155 1.15333
156 1.15308
157 1.15247
158 1.15268
159 1.15262
160 1.15196
161 1.15311
162 1.15283
163 1.15283
164 1.15271
165 1.15355
166 1.15367
167 1.15247
168 1.15221
169 1.15307
170 1.15436
171 1.15429
172 1.15436
173 1.1545
174 1.1545
175 1.15442
176 1.15448
177 1.15483
178 1.15517
179 1.15503
180 1.15504
181 1.15467
182 1.15467
183 1.15491
184 1.15539
185 1.15558
186 1.15494
187 1.15494
188 1.15479
189 1.15507
190 1.15541
191 1.15548
192 1.15529
193 1.15536
194 1.15731
195 1.15731
196 1.1569
197 1.15937
198 1.15931
199 1.15944
200 1.15944
201 1.15924
202 1.15933
203 1.15909
204 1.15904
205 1.15904
206 1.15918
207 1.15895
208 1.15899
209 1.15913
210 1.16008
211 1.16023
212 1.16037
213 1.16142
214 1.16113
215 1.16113
216 1.16094
217 1.16133
218 1.16113
219 1.16133
220 1.16099
221 1.16115
222 1.16157
223 1.16529
224 1.16554
225 1.16548
