0 0.116478
1 0.115763
2 0.115119
3 0.111039
4 0.110211
5 0.110069
6 0.110716
7 0.110659
8 0.109651
9 0.109466
10 0.109495
11 0.073527
12 0.073597
13 0.073567
14 0.073512
15 0.07351
16 0.0439685
17 0.0440056
18 0.0439703
19 0.0431497
20 0.0417368
21 0.0404706
22 0.0405416
23 0.039872
24 0.0398894
25 0.0398911
26 0.0399044
27 0.039865
28 0.0399385
29 0.0399545
30 0.0399257
31 0.0399676
32 0.0399008
33 0.0399284
34 0.0398814
35 0.0399186
36 0.0399194
37 0.0398763
38 0.0398975
39 0.0399145
40 0.0399117
41 0.0400045
42 0.0400194
43 0.040021
44 0.0400079
45 0.0399991
46 0.0400477
47 0.0401113
48 0.0405948
49 0.0405326
50 0.0405155
51 0.0403914
52 0.0389001
53 0.0388984
54 0.0389189
55 0.03892
56 0.0385786
57 0.0382872
58 0.038365
59 0.03848
60 0.0384262
61 0.038487
62 0.0384811
63 0.0384907
64 0.0384812
65 0.0387465
66 0.0386421
67 0.038217
68 0.0382207
69 0.0382373
70 0.0382677
71 0.038278
72 0.0382796
73 0.0382649
74 0.0382604
75 0.0382764
76 0.0383061
77 0.0383289
78 0.0383288
79 0.0383092
80 0.0382781
81 0.038265
82 0.0383148
83 0.0381837
84 0.0380022
85 0.0380305
86 0.03785
87 0.0378535
88 0.0378345
89 0.0377559
90 0.0378625
91 0.0378648
92 0.0378663
93 0.0378714
94 0.0378697
95 0.0341018
96 0.0340751
97 0.0340773
98 0.0340803
99 0.0341866
100 0.0341684
101 0.0341337
102 0.033085
103 0.0330769
104 0.0330766
105 0.0330766
106 0.033063
107 0.0330716
108 0.0330682
109 0.0330548
110 0.0329028
111 0.0328777
112 0.0328784
113 0.032811
114 0.0328219
115 0.0328862
116 0.0329122
117 0.0328925
118 0.0329067
119 0.032911
120 0.0328793
121 0.0329921
122 0.0329947
123 0.0330439
124 0.0330384
125 0.0330412
126 0.0330687
127 0.0331565
128 0.0329815
129 0.0329771
130 0.0329741
131 0.0329745
132 0.0329673
133 0.0329981
134 0.0330048
135 0.0329846
136 0.0329109
137 0.0326868
138 0.0326853
139 0.032671
140 0.0326957
141 0.0327343
142 0.0325635
143 0.0325807
144 0.0325807
145 0.0324842
146 0.0325451
147 0.0325399
148 0.0324961
149 0.0324437
150 0.0321772
151 0.0322484
152 0.032255
153 0.032255
154 0.0322532
155 0.0323557
156 0.032357
157 0.0324021
158 0.0324077
159 0.0323793
160 0.0324968
161 0.0324532
162 0.0321708
163 0.0321706
164 0.032186
165 0.0321474
166 0.0321482
167 0.0321425
168 0.0321145
169 0.0321315
170 0.0321572
171 0.0321581
172 0.0321609
173 0.0321624
174 0.0321624
175 0.0321912
176 0.0322096
177 0.0322602
178 0.0322745
179 0.0323058
180 0.0323234
181 0.0317261
182 0.0317254
183 0.0317057
184 0.0317296
185 0.0317244
186 0.031651
187 0.031651
188 0.0316531
189 0.0316128
190 0.0316045
191 0.0315947
192 0.0313123
193 0.0313637
194 0.0313999
195 0.0313991
196 0.0314144
197 0.0313188
198 0.0313388
199 0.0313694
200 0.0313715
201 0.0313641
202 0.0313784
203 0.0313444
204 0.0314023
205 0.0314023
206 0.0314104
207 0.0314123
208 0.0314167
209 0.0314109
210 0.031341
211 0.031344
212 0.0313436
213 0.0312854
214 0.0312976
215 0.0313011
216 0.0313593
217 0.0313397
218 0.0313355
219 0.0313844
220 0.0313522
221 0.0313742
222 0.0313732
223 0.0315076
224 0.0315119
225 0.0315397
