0 1
1 1.0037
2 0.999464
3 0.965051
4 0.943696
5 0.951711
6 0.960518
7 0.961807
8 0.939435
9 0.960042
10 0.957182
11 0.795629
12 0.795322
13 0.792951
14 0.794799
15 0.79452
16 0.562921
17 0.563429
18 0.561573
19 0.550269
20 0.54488
21 0.537647
22 0.536903
23 0.524484
24 0.523705
25 0.527272
26 0.528145
27 0.529192
28 0.528957
29 0.529443
30 0.529251
31 0.527911
32 0.526624
33 0.526792
34 0.526967
35 0.52677
36 0.526769
37 0.526828
38 0.526934
39 0.524535
40 0.525679
41 0.525468
42 0.526091
43 0.527181
44 0.527646
45 0.527565
46 0.528046
47 0.528847
48 0.52958
49 0.529778
50 0.529799
51 0.528047
52 0.490419
53 0.490302
54 0.490319
55 0.490433
56 0.491472
57 0.488317
58 0.490544
59 0.490295
60 0.490919
61 0.4905
62 0.494136
63 0.497326
64 0.497985
65 0.49961
66 0.496174
67 0.49586
68 0.495796
69 0.495873
70 0.495269
71 0.495989
72 0.49585
73 0.495302
74 0.494899
75 0.494086
76 0.494558
77 0.49418
78 0.494141
79 0.495581
80 0.495587
81 0.49575
82 0.497429
83 0.495351
84 0.495641
85 0.495086
86 0.493773
87 0.493584
88 0.493778
89 0.493744
90 0.495052
91 0.495052
92 0.495194
93 0.495111
94 0.49501
95 0.455037
96 0.45548
97 0.456431
98 0.456431
99 0.457247
100 0.457197
101 0.457737
102 0.442642
103 0.442533
104 0.442028
105 0.442038
106 0.442046
107 0.442031
108 0.442043
109 0.441385
110 0.439552
111 0.439617
112 0.439623
113 0.439749
114 0.439745
115 0.439559
116 0.439567
117 0.439675
118 0.439187
119 0.439885
120 0.439004
121 0.436387
122 0.436383
123 0.432553
124 0.43227
125 0.432491
126 0.432756
127 0.433173
128 0.433347
129 0.434239
130 0.434239
131 0.434238
132 0.434382
133 0.436343
134 0.436668
135 0.436523
136 0.435049
137 0.426947
138 0.426947
139 0.426906
140 0.430085
141 0.430094
142 0.430335
143 0.429932
144 0.429037
145 0.425949
146 0.42659
147 0.426403
148 0.425724
149 0.425468
150 0.424511
151 0.423958
152 0.424834
153 0.424694
154 0.424694
155 0.424477
156 0.426331
157 0.425876
158 0.425893
159 0.426149
160 0.424989
161 0.425693
162 0.424734
163 0.424733
164 0.424624
165 0.426035
166 0.426035
167 0.426035
168 0.426579
169 0.426969
170 0.426511
171 0.426548
172 0.42669
173 0.426845
174 0.426845
175 0.426845
176 0.427233
177 0.427463
178 0.428041
179 0.428252
180 0.429389
181 0.425171
182 0.424946
183 0.425272
184 0.425272
185 0.425051
186 0.425336
187 0.425308
188 0.425096
189 0.425128
190 0.425085
191 0.425084
192 0.424149
193 0.424765
194 0.425299
195 0.425302
196 0.425353
197 0.424629
198 0.425327
199 0.425288
200 0.425145
201 0.425063
202 0.425007
203 0.42562
204 0.426179
205 0.42618
206 0.426102
207 0.426102
208 0.425848
209 0.4256
210 0.424813
211 0.424842
212 0.424894
213 0.423064
214 0.423035
215 0.423771
216 0.424161
217 0.424166
218 0.424369
219 0.424092
220 0.423973
221 0.424162
222 0.424453
223 0.424377
224 0.424403
225 0.424402
