0 0.066434
1 0.0658969
2 0.0654521
3 0.0610821
4 0.0598688
5 0.059074
6 0.0583039
7 0.0578372
8 0.0557367
9 0.0557324
10 0.0554308
11 0.0542981
12 0.0540595
13 0.0533734
14 0.053317
15 0.0531403
16 0.0513223
17 0.0513005
18 0.0509599
19 0.0501965
20 0.0492314
21 0.0487286
22 0.0482969
23 0.0477633
24 0.0477006
25 0.0474914
26 0.0473788
27 0.0471888
28 0.0470655
29 0.0469906
30 0.0469839
31 0.0468352
32 0.0467692
33 0.04668
34 0.0466451
35 0.0466023
36 0.0465738
37 0.0464925
38 0.0464875
39 0.0462657
40 0.0460648
41 0.0458979
42 0.0458454
43 0.0456683
44 0.0456065
45 0.0456371
46 0.0456655
47 0.045586
48 0.0455876
49 0.0455289
50 0.0455258
51 0.0452238
52 0.0443358
53 0.0442858
54 0.044284
55 0.0442898
56 0.043791
57 0.0436847
58 0.043534
59 0.0433626
60 0.0433256
61 0.0431262
62 0.0432874
63 0.0431363
64 0.043138
65 0.0429343
66 0.0426739
67 0.0426645
68 0.0426514
69 0.0425956
70 0.0425572
71 0.0425504
72 0.0425466
73 0.0424652
74 0.0424317
75 0.0424132
76 0.0424318
77 0.042328
78 0.0423421
79 0.0423101
80 0.0423007
81 0.0423385
82 0.0421912
83 0.041998
84 0.0416499
85 0.0416193
86 0.0414729
87 0.0414007
88 0.041387
89 0.041368
90 0.0413202
91 0.0413202
92 0.0413236
93 0.041324
94 0.0413265
95 0.0411474
96 0.0411522
97 0.0410861
98 0.0410861
99 0.0410371
100 0.0410316
101 0.0409656
102 0.0402945
103 0.0401677
104 0.0401126
105 0.0401147
106 0.040118
107 0.0401105
108 0.0401113
109 0.0400913
110 0.0400167
111 0.0400011
112 0.039998
113 0.0399961
114 0.0399961
115 0.0399095
116 0.0399093
117 0.0399174
118 0.039891
119 0.039844
120 0.0398427
121 0.0396473
122 0.0396478
123 0.0390822
124 0.0390791
125 0.0390135
126 0.039009
127 0.0390032
128 0.038979
129 0.038942
130 0.038942
131 0.0389295
132 0.0389448
133 0.0388863
134 0.0388628
135 0.0388253
136 0.0387355
137 0.0384812
138 0.0384812
139 0.0384444
140 0.0384181
141 0.0384221
142 0.0383695
143 0.0383443
144 0.0382994
145 0.0382491
146 0.0382105
147 0.0382143
148 0.0381948
149 0.0381648
150 0.0380401
151 0.038005
152 0.0379655
153 0.0379665
154 0.0379665
155 0.0379271
156 0.0379517
157 0.0379608
158 0.037952
159 0.03795
160 0.0376939
161 0.0377017
162 0.037668
163 0.0376776
164 0.037665
165 0.0376679
166 0.0376679
167 0.0376679
168 0.0376458
169 0.0376326
170 0.0375089
171 0.0375073
172 0.0374868
173 0.0374895
174 0.0374895
175 0.0374895
176 0.0375059
177 0.0375372
178 0.0375442
179 0.0375506
180 0.0376199
181 0.0375033
182 0.037466
183 0.0374792
184 0.0374792
185 0.0374745
186 0.0374796
187 0.0374775
188 0.0374624
189 0.0374668
190 0.0374477
191 0.0374464
192 0.0374115
193 0.0374052
194 0.0373581
195 0.0373471
196 0.0373122
197 0.0372981
198 0.0373266
199 0.0373281
200 0.037302
201 0.0373043
202 0.0372772
203 0.037288
204 0.0372341
205 0.0372338
206 0.037149
207 0.037149
208 0.0371301
209 0.0370772
210 0.0370851
211 0.0370846
212 0.0370796
213 0.0369782
214 0.0369656
215 0.0369469
216 0.0369359
217 0.0369467
218 0.0369297
219 0.0369129
220 0.0369105
221 0.0369113
222 0.0368693
223 0.0368592
224 0.0368522
225 0.036839
