0 1
1 1.00023
2 0.999203
3 1.01154
4 1.01381
5 1.01468
6 1.01526
7 1.01621
8 1.0188
9 1.01866
10 1.01878
11 1.05069
12 1.05049
13 1.05237
14 1.05229
15 1.05231
16 1.08007
17 1.08014
18 1.08015
19 1.08291
20 1.08878
21 1.09675
22 1.0969
23 1.09868
24 1.09907
25 1.09916
26 1.09939
27 1.09999
28 1.10152
29 1.10087
30 1.10031
31 1.1015
32 1.10111
33 1.1008
34 1.10012
35 1.10018
36 1.10013
37 1.10049
38 1.10085
39 1.10111
40 1.102
41 1.10376
42 1.10418
43 1.10564
44 1.10573
45 1.10578
46 1.10557
47 1.10554
48 1.10607
49 1.1057
50 1.10554
51 1.10759
52 1.10995
53 1.11041
54 1.11075
55 1.11068
56 1.11407
57 1.11485
58 1.11581
59 1.12123
60 1.12104
61 1.12205
62 1.12122
63 1.11953
64 1.11956
65 1.12115
66 1.12261
67 1.12277
68 1.12272
69 1.12301
70 1.12326
71 1.1231
72 1.1228
73 1.12435
74 1.12397
75 1.12429
76 1.12431
77 1.12439
78 1.12439
79 1.12434
80 1.12385
81 1.12375
82 1.12367
83 1.12504
84 1.12598
85 1.12612
86 1.12751
87 1.12751
88 1.12799
89 1.12761
90 1.12709
91 1.12718
92 1.12705
93 1.12723
94 1.1273
95 1.13774
96 1.13778
97 1.1372
98 1.13737
99 1.13907
100 1.13882
101 1.14191
102 1.14557
103 1.14537
104 1.14543
105 1.14543
106 1.14537
107 1.14572
108 1.14604
109 1.1467
110 1.14767
111 1.14764
112 1.14749
113 1.14784
114 1.1479
115 1.14952
116 1.14964
117 1.1497
118 1.14934
119 1.15006
120 1.15039
121 1.14989
122 1.1499
123 1.15196
124 1.15211
125 1.1522
126 1.1522
127 1.15231
128 1.15214
129 1.15233
130 1.15252
131 1.15289
132 1.15303
133 1.15366
134 1.15369
135 1.15347
136 1.15237
137 1.153
138 1.15322
139 1.15315
140 1.1534
141 1.15329
142 1.15615
143 1.15636
144 1.15636
145 1.1571
146 1.15786
147 1.15819
148 1.16105
149 1.16058
150 1.16257
151 1.16156
152 1.16208
153 1.16208
154 1.16209
155 1.16283
156 1.16248
157 1.16182
158 1.16209
159 1.16197
160 1.16137
161 1.16244
162 1.16195
163 1.16194
164 1.16184
165 1.16283
166 1.16297
167 1.16149
168 1.16112
169 1.1623
170 1.16397
171 1.16392
172 1.16403
173 1.16422
174 1.16421
175 1.16416
176 1.16427
177 1.16478
178 1.16526
179 1.1651
180 1.16513
181 1.16424
182 1.1642
183 1.16439
184 1.16498
185 1.16517
186 1.16398
187 1.16398
188 1.16377
189 1.16413
190 1.1645
191 1.16459
192 1.16413
193 1.16429
194 1.16596
195 1.16595
196 1.16548
197 1.16849
198 1.16848
199 1.16868
200 1.16868
201 1.16841
202 1.16856
203 1.16818
204 1.1683
205 1.1683
206 1.16854
207 1.16826
208 1.16834
209 1.16836
210 1.16947
211 1.16958
212 1.16978
213 1.17086
214 1.17043
215 1.17045
216 1.17011
217 1.17055
218 1.17026
219 1.17051
220 1.17009
221 1.17023
222 1.17068
223 1.17483
224 1.17514
225 1.17503
