0 1
1 0.99525
2 0.990448
3 0.939194
4 0.92626
5 0.916087
6 0.907848
7 0.901353
8 0.873003
9 0.873478
10 0.869513
11 0.854294
12 0.851158
13 0.841569
14 0.840709
15 0.838252
16 0.812673
17 0.812555
18 0.807822
19 0.796662
20 0.782555
21 0.774659
22 0.768573
23 0.760816
24 0.759673
25 0.756693
26 0.754674
27 0.75267
28 0.750889
29 0.749636
30 0.749562
31 0.747221
32 0.746182
33 0.745195
34 0.744496
35 0.74403
36 0.743647
37 0.743617
38 0.743638
39 0.740599
40 0.737265
41 0.734879
42 0.733954
43 0.731027
44 0.72988
45 0.730361
46 0.730711
47 0.729582
48 0.729548
49 0.728878
50 0.728833
51 0.724153
52 0.7116
53 0.710818
54 0.710733
55 0.710799
56 0.703415
57 0.701975
58 0.700258
59 0.69764
60 0.696891
61 0.694318
62 0.696476
63 0.693392
64 0.693417
65 0.689852
66 0.685812
67 0.685605
68 0.685342
69 0.68471
70 0.684209
71 0.68415
72 0.684086
73 0.682582
74 0.682151
75 0.681817
76 0.682196
77 0.680762
78 0.680932
79 0.680373
80 0.680236
81 0.680649
82 0.678497
83 0.675227
84 0.669572
85 0.66911
86 0.666915
87 0.666085
88 0.665986
89 0.665642
90 0.664691
91 0.664691
92 0.664667
93 0.664674
94 0.664786
95 0.662214
96 0.662319
97 0.661158
98 0.661158
99 0.660474
100 0.660341
101 0.659125
102 0.648766
103 0.647121
104 0.646443
105 0.646476
106 0.646541
107 0.64643
108 0.646449
109 0.646148
110 0.644768
111 0.64455
112 0.644511
113 0.644528
114 0.644528
115 0.643202
116 0.6432
117 0.643281
118 0.642919
119 0.642188
120 0.642167
121 0.6391
122 0.639145
123 0.630396
124 0.63033
125 0.629457
126 0.629418
127 0.629464
128 0.629282
129 0.6288
130 0.6288
131 0.628579
132 0.628753
133 0.627807
134 0.627366
135 0.626969
136 0.624815
137 0.621352
138 0.621352
139 0.620957
140 0.620456
141 0.620526
142 0.619841
143 0.619421
144 0.618472
145 0.617614
146 0.616915
147 0.616924
148 0.616805
149 0.616285
150 0.614
151 0.613402
152 0.612758
153 0.612775
154 0.612775
155 0.612271
156 0.612393
157 0.612564
158 0.612425
159 0.6124
160 0.608171
161 0.60833
162 0.607766
163 0.607949
164 0.607761
165 0.607766
166 0.607766
167 0.607766
168 0.60746
169 0.606884
170 0.60479
171 0.604764
172 0.60439
173 0.604506
174 0.604506
175 0.604506
176 0.604795
177 0.60527
178 0.605228
179 0.60539
180 0.606441
181 0.604684
182 0.604059
183 0.604215
184 0.604215
185 0.604159
186 0.604093
187 0.604061
188 0.603838
189 0.60391
190 0.603541
191 0.603528
192 0.603117
193 0.602977
194 0.602253
195 0.602135
196 0.601643
197 0.601212
198 0.601724
199 0.601698
200 0.60124
201 0.601366
202 0.600964
203 0.601223
204 0.600626
205 0.600622
206 0.599465
207 0.599465
208 0.599163
209 0.598346
210 0.598628
211 0.59862
212 0.598524
213 0.597198
214 0.597077
215 0.597047
216 0.596909
217 0.597095
218 0.596885
219 0.596819
220 0.596709
221 0.596838
222 0.596337
223 0.596163
224 0.596109
225 0.595959
