0 3.02285
1 3.02616
2 3.02409
3 3.03706
4 3.04345
5 3.04634
6 3.05203
7 3.05781
8 3.06662
9 3.0673
10 3.06739
11 3.14211
12 3.14394
13 3.14369
14 3.14518
15 3.14841
16 3.22514
17 3.22365
18 3.22755
19 3.23029
20 3.24675
21 3.2566
22 3.25249
23 3.25473
24 3.25551
25 3.25521
26 3.25762
27 3.25757
28 3.25863
29 3.25921
30 3.2592
31 3.2614
32 3.26222
33 3.26289
34 3.26197
35 3.26155
36 3.26163
37 3.27173
38 3.27182
39 3.27517
40 3.2768
41 3.27878
42 3.28199
43 3.28666
44 3.28598
45 3.28779
46 3.28926
47 3.28977
48 3.29101
49 3.28993
50 3.29018
51 3.28777
52 3.29282
53 3.29322
54 3.29345
55 3.29376
56 3.30483
57 3.30731
58 3.30917
59 3.31787
60 3.31908
61 3.31792
62 3.32457
63 3.33752
64 3.33932
65 3.34028
66 3.3458
67 3.34424
68 3.34398
69 3.34398
70 3.34437
71 3.345
72 3.345
73 3.34557
74 3.34376
75 3.34536
76 3.34589
77 3.34176
78 3.34291
79 3.34542
80 3.3454
81 3.34522
82 3.34814
83 3.35276
84 3.3561
85 3.35662
86 3.35954
87 3.35814
88 3.35864
89 3.35968
90 3.3584
91 3.3584
92 3.35928
93 3.35874
94 3.35832
95 3.38944
96 3.39017
97 3.39236
98 3.39236
99 3.39299
100 3.39355
101 3.3977
102 3.40246
103 3.40248
104 3.40389
105 3.4044
106 3.40465
107 3.40485
108 3.40483
109 3.40613
110 3.40363
111 3.40356
112 3.40355
113 3.40561
114 3.40513
115 3.40636
116 3.40638
117 3.40691
118 3.40612
119 3.40629
120 3.40784
121 3.40565
122 3.40564
123 3.40218
124 3.40192
125 3.40048
126 3.39881
127 3.40052
128 3.4015
129 3.4022
130 3.4022
131 3.40216
132 3.40295
133 3.40451
134 3.40398
135 3.40463
136 3.40311
137 3.40794
138 3.40794
139 3.40618
140 3.40561
141 3.40562
142 3.40535
143 3.4047
144 3.40326
145 3.40688
146 3.41017
147 3.41087
148 3.41445
149 3.41547
150 3.41766
151 3.41768
152 3.41744
153 3.41743
154 3.41743
155 3.41921
156 3.42262
157 3.42518
158 3.42565
159 3.42521
160 3.42192
161 3.42585
162 3.42396
163 3.42397
164 3.42371
165 3.42571
166 3.42571
167 3.42571
168 3.42624
169 3.42996
170 3.4293
171 3.42885
172 3.4301
173 3.42984
174 3.42984
175 3.42984
176 3.43038
177 3.43065
178 3.43149
179 3.43121
180 3.43297
181 3.43621
182 3.43525
183 3.43657
184 3.43657
185 3.43594
186 3.43924
187 3.43899
188 3.43891
189 3.43918
190 3.43899
191 3.43899
192 3.44041
193 3.43951
194 3.4435
195 3.44346
196 3.44239
197 3.44716
198 3.44947
199 3.44966
200 3.44935
201 3.44957
202 3.45101
203 3.45249
204 3.45356
205 3.45358
206 3.45511
207 3.45511
208 3.45376
209 3.44996
210 3.45193
211 3.4517
212 3.45158
213 3.45413
214 3.45461
215 3.4539
216 3.45357
217 3.45473
218 3.45388
219 3.45442
220 3.45439
221 3.45428
222 3.45715
223 3.45696
224 3.45628
225 3.45744
