84 0.678108407902053
0 0.5195901815099065
124 0.007174282520545701
526 0.0042249083898435
761 0.0029972447094880166
679 0.002942905945285756
712 0.002807486849165206
488 0.0027010672115367865
646 0.002609613938525018
694 0.002527585347378851
729 0.002124427852384064
733 0.0017774744113064997
375 0.001687874817866035
416 0.0016485098549897852
89 0.0016002173358571877
546 0.0014787602414428665
16 0.0014166785990796535
608 0.0013510874058471453
714 0.0012112243497877694
275 0.0012070534067043733
507 0.0012029957527385107
356 0.001202510858179985
622 0.0012024041531576068
592 0.001170993280791492
243 0.0011452246791144828
282 0.0011420126935605352
685 0.001132138855282511
498 0.001126716495749723
623 0.0011252788242749258
720 0.001121977583736631
631 0.001118164932280137
508 0.0011167211905869273
513 0.0010926950627990102
491 0.0010656592729688323
605 0.0010462500393353233
630 0.0010401957384438296
621 0.001038015785846188
535 0.0010248621747573894
424 0.0010183552263993195
373 0.001015489553021585
667 0.0009863240365779705
40 0.0009857836131679386
731 0.0009718689939313349
499 0.0009618548118586087
12 0.000958171242233125
672 0.0009558930544066825
493 0.0009290888837132534
206 0.0009170774528806785
585 0.0009137094037445661
399 0.0009012376239734035
587 0.0008876950699219981
316 0.000864858353818138
322 0.0008432194917301554
736 0.0008427352991553725
352 0.0008380108099326312
49 0.000834312434960076
342 0.0008332687994779315
425 0.0008272867797269593
739 0.0008139892153641613
749 0.0008021114822223124
629 0.0007632530823638453
569 0.0007596917193064419
401 0.0007565651094786756
202 0.0007534480132156755
313 0.0007307224378264005
590 0.000728654440168111
432 0.0007228936707184753
477 0.0007174940461570614
300 0.0007166274733873011
549 0.0007139954011275625
269 0.0007088963113375886
682 0.0007037226677885725
385 0.0006828218257480303
91 0.0006748276317726819
429 0.0006713402874679432
237 0.0006576629645518654
705 0.0006523190125624787
475 0.0006428018114247245
495 0.0006424962009751155
609 0.0006366984721282922
544 0.0006326040539890303
655 0.0006306991758630266
524 0.000625226770739676
554 0.0006196197383277041
407 0.0006123919451917304
673 0.0006116475417166989
613 0.0006101887826100394
442 0.0006074905423602531
306 0.0006061275747586103
711 0.0006034047955296017
466 0.0006010001782646826
298 0.0005911783663082126
294 0.0005793042011828491
305 0.0005775783034850877
616 0.0005658501488971608
441 0.0005605893719026477
599 0.0005600265910468121
365 0.000550293410938596
186 0.0005473483810924536
291 0.0005435597790761735
567 0.00053442940008681
645 0.0005340342436234515
481 0.0005337488951804255
17 0.0005305747826859381
203 0.000521184571910797
560 0.000521084638622696
408 0.0005146634073878515
771 0.0005091676888629626
177 0.0005055240851576406
570 0.0005046318866117524
707 0.0004981945279263067
311 0.0004918032327190177
519 0.0004897889611999818
665 0.0004884591158601337
658 0.00048402362348977677
378 0.00048015413314378907
476 0.00047812827012862696
586 0.00047591896258735616
580 0.0004732592912894776
473 0.0004692708193823002
363 0.00046900444251018336
758 0.0004683349459824141
260 0.00046482703844194913
563 0.00045665561807522277
148 0.0004520340859116057
4 0.0004513215343099824
537 0.0004511435933206443
437 0.00044754534600838973
536 0.00044076847504706664
690 0.0004382347915175897
652 0.00042710454406444804
596 0.0004270475182989583
389 0.00041944844438849307
750 0.0004186018215166199
333 0.0004147809776752759
649 0.00040968834734249094
447 0.0004092939885560097
615 0.00040718300970230307
350 0.00040561856540098526
455 0.00039835499277002316
431 0.00039693076277101566
755 0.00039489009084297833
768 0.0003943041743406661
372 0.00039385704781236405
751 0.0003935968127923706
619 0.00038433465459031377
147 0.0003796506442674033
301 0.00037954036591487976
27 0.0003781215246196546
686 0.00037523288970193943
614 0.00037342866241505876
550 0.0003728775641617178
626 0.0003706645443082815
450 0.00037039543389508304
287 0.000368985428910278
647 0.00036852310680531545
684 0.0003671795625114561
479 0.00036601135476480506
637 0.00036162372193078207
772 0.0003595240180955463
484 0.0003578651715506978
612 0.00035055228505625596
721 0.00034688574590052484
737 0.0003459952049272536
636 0.00034509493061965425
318 0.0003413695705656129
760 0.00033798763300177647
555 0.00033753243667825853
354 0.0003372268375406593
283 0.0003336340668189273
656 0.0003308860402789242
123 0.0003308048999918619
659 0.0003300884803385765
247 0.00032561565166217845
410 0.00032132346854268424
717 0.00031919241140037437
468 0.0003157276851560687
230 0.00031549977904061295
213 0.0003106741536316443
37 0.0002977142235087304
370 0.0002973141183007679
158 0.00029691119413530865
754 0.000294766155457584
628 0.0002902415985186702
529 0.0002893255096035305
386 0.0002892040697817174
657 0.0002880714440080473
250 0.00028789151062241737
390 0.00028594701395436397
138 0.00028524487819055395
366 0.0002850193274944825
374 0.00028424476557777084
272 0.0002832939302396599
398 0.00028008537925707004
334 0.0002785915396024541
726 0.0002759710695547353
675 0.0002752293439166641
648 0.0002728832731728424
687 0.00027268812044839967
312 0.00027261038001809464
693 0.0002718857645887144
718 0.0002685094635629875
353 0.00026388975979150847
704 0.0002625850117508386
319 0.00026244542724073
146 0.00025891726602964943
681 0.0002581370336348087
573 0.00025535257584351743
676 0.0002534131820979462
600 0.00025300838140477553
496 0.00025090829219023294
545 0.0002486577027742003
562 0.0002485527435015998
584 0.00024319067656325164
723 0.0002414092867784248
396 0.0002410132932955053
419 0.00024096726108256323
633 0.00023709704541308635
671 0.00023684424007590295
461 0.0002365641906674068
490 0.0002360227462499475
489 0.00023599279440169373
454 0.00023457889191588996
293 0.00023431707507262382
208 0.00023174336135342116
125 0.00022986509004131582
522 0.0002295259082801396
436 0.000228748300694285
280 0.00022363137111103216
406 0.0002228930218003101
136 0.00022112548953232377
742 0.00022100845351481765
620 0.00022092821808620703
617 0.0002200327132215909
174 0.00021969867383451585
235 0.000216407599109032
766 0.00021615734318641673
446 0.0002151108060872763
244 0.00021441787635351735
460 0.00021133494799585934
578 0.00021084004158653197
307 0.00020716406986405714
339 0.00020628561866261737
63 0.00020155860184167655
465 0.0001997478181394509
640 0.00019760515125198062
397 0.0001967602730291931
728 0.00019530758723359132
716 0.0001943593049534874
698 0.00019359469025014006
702 0.00019245302426466068
332 0.00019239055686174958
194 0.00019176137851047216
348 0.00018902232620183362
485 0.00018660348798868714
740 0.00018643383610025268
75 0.00018527459795421205
743 0.00018527055212243763
692 0.0001840209825147541
632 0.00018211480881231214
266 0.00018081254323128567
122 0.00017954400773524302
392 0.0001781003328734576
482 0.00017804410412341313
349 0.00017264414825499493
753 0.00017205671120974062
603 0.0001708553176314756
264 0.00016824446891553768
624 0.0001672228060044054
588 0.0001649424689050251
394 0.00016258981604997183
458 0.00016135645810445645
449 0.00016123947616676474
218 0.00016000133421425244
86 0.00015875671117874206
377 0.00015771521232260763
88 0.0001561543545970833
639 0.00015163016550113546
259 0.0001516271321819597
531 0.00015066841389295592
598 0.0001487899999142001
435 0.00014700299428497434
764 0.0001461143383509899
747 0.00014580014160320057
32 0.00014490772359549776
688 0.00014393216604345822
245 0.00014376202123307256
87 0.00014327093299868154
577 0.00014289821617294857
576 0.0001420586130471727
105 0.00014180578060727682
505 0.00014152890368591367
708 0.0001410067264589036
610 0.00014024447239194417
574 0.00014013467940830447
700 0.00013919866503534295
478 0.00013520104317179944
540 0.0001306381359102
594 0.0001293658421751128
277 0.00012765740288783696
423 0.00012465677752875322
69 0.00012460919620049473
471 0.00012272674496187653
651 0.0001220179140977397
642 0.00012033248528087272
329 0.000118890264697014
469 0.00011797850551101494
635 0.0001159993494514054
285 0.00011561773534818431
241 0.00011553330740443906
689 0.00011473135241608028
405 0.00011413747748410027
246 0.00011388050401320658
539 0.00011385746802495139
115 0.00011380883210551332
360 0.00011309565495696998
644 0.00011226092942349906
744 0.00011170105144985704
500 0.00010927766320243448
251 0.00010919076564791706
719 0.00010898791420228925
697 0.00010847852890005517
606 0.00010812676625145843
713 0.0001075527430842848
304 0.00010650842705558694
451 0.00010511345803002636
497 0.00010132643344042728
566 0.00010131803532794248
14 0.00010024439471426427
273 9.98559805955198e-05
515 9.889893446826621e-05
738 9.838634484282463e-05
256 9.785027307317023e-05
748 9.743572020776672e-05
467 9.734164651628928e-05
654 9.602454722659316e-05
180 9.342955049694831e-05
427 9.186295680475928e-05
309 9.107394077924186e-05
183 8.873055023440361e-05
579 8.575990974070463e-05
709 8.395762842196815e-05
21 8.364953571392234e-05
552 8.280565797560235e-05
459 8.264868645802122e-05
81 8.259228121205871e-05
381 8.250083135361151e-05
321 8.241792682412804e-05
254 8.175607374470807e-05
470 8.136250990254944e-05
163 8.130869429750847e-05
683 7.991240010431543e-05
376 7.9440663000752e-05
414 7.874878568009756e-05
44 7.851281407117955e-05
412 7.820865225744599e-05
362 7.809905090201857e-05
135 7.800540992625023e-05
393 7.763406376443677e-05
1 7.622710285505366e-05
759 7.498389024635135e-05
149 7.475642883699173e-05
680 7.466622335874827e-05
126 7.328321273604633e-05
421 7.311098899894126e-05
638 7.307120344155888e-05
727 7.115513616953934e-05
561 7.110964802062674e-05
525 7.067678556749578e-05
691 7.024227942152983e-05
643 6.931720470746379e-05
97 6.9230052733706e-05
627 6.800386766589351e-05
523 6.716111978208772e-05
118 6.712169121975949e-05
96 6.676326447128364e-05
302 6.649132847018413e-05
196 6.628180098946568e-05
701 6.597420647878909e-05
109 6.58646199949853e-05
517 6.553242366412228e-05
757 6.437035027826415e-05
290 6.374243709182384e-05
415 6.333508617548839e-05
611 6.327914601857739e-05
380 6.319554156504145e-05
286 6.27878184829208e-05
512 6.273889400890885e-05
292 6.254965126762067e-05
156 6.194545383382962e-05
3 6.148802896852332e-05
559 6.046495687346125e-05
382 6.023464068664769e-05
368 5.988399292576254e-05
169 5.980589687670447e-05
565 5.8617031309114126e-05
72 5.856028771312087e-05
715 5.824088142834831e-05
232 5.800849818012974e-05
61 5.782944433374869e-05
413 5.73784790043981e-05
297 5.694907939822356e-05
678 5.5954377298355414e-05
358 5.589723841371993e-05
249 5.532525344942156e-05
402 5.527442323071443e-05
99 5.433938278439765e-05
509 5.420602370926199e-05
487 5.410359896324112e-05
417 5.277744928018968e-05
556 5.272701516864614e-05
483 5.158315209925435e-05
474 5.021885893743315e-05
538 5.020109534399407e-05
54 4.964024815228962e-05
100 4.943271070898736e-05
625 4.8421155828857524e-05
8 4.8385175755033484e-05
104 4.769523344678232e-05
409 4.658098054430196e-05
2 4.614984139086475e-05
191 4.5678494967696426e-05
411 4.452195184236877e-05
110 4.444728190217191e-05
337 4.436089264479778e-05
607 4.4236824574804e-05
767 4.4019435481461994e-05
456 4.397222473345194e-05
666 4.3805862787387994e-05
730 4.35417962640289e-05
762 4.304188695632416e-05
502 4.298333893503346e-05
41 4.206463199225441e-05
225 4.201996336731523e-05
582 4.189867894334803e-05
597 4.179395345904086e-05
229 4.1759828337601315e-05
176 4.152225483871948e-05
182 4.1413582380768845e-05
281 4.125743961872852e-05
345 4.10742191358707e-05
271 4.077801560082094e-05
457 3.975947208373432e-05
351 3.884170282025163e-05
65 3.815259239574688e-05
331 3.7689652314357455e-05
20 3.753036264185763e-05
403 3.746564249376692e-05
677 3.679123153188183e-05
532 3.634171443288195e-05
170 3.633040866816694e-05
662 3.559231663669161e-05
572 3.503886943736946e-05
134 3.4850777275325165e-05
650 3.471786375608879e-05
347 3.4401662015016575e-05
528 3.373893366030621e-05
595 3.34334657231373e-05
551 3.324860772035631e-05
276 3.275911845791258e-05
674 3.178995742789492e-05
106 3.1537382598853125e-05
116 3.1532170249131594e-05
472 3.150427762360397e-05
359 3.0463967120845846e-05
527 3.0241366844690463e-05
325 3.0006211948404764e-05
581 2.9915064239321782e-05
165 2.9297284392947784e-05
571 2.878173447176946e-05
330 2.8701258263162255e-05
770 2.859858709539159e-05
90 2.8512778887366558e-05
480 2.823513837211052e-05
236 2.8114265228370776e-05
444 2.753733971835044e-05
722 2.696638794807444e-05
144 2.6819175752664994e-05
129 2.68029901169018e-05
26 2.615137751263976e-05
462 2.589354095274407e-05
223 2.570294289028949e-05
734 2.5587206292925353e-05
492 2.5163692610595974e-05
131 2.495570011849925e-05
695 2.492005102769908e-05
192 2.4760432710287767e-05
518 2.458375843747245e-05
383 2.4504329373828844e-05
258 2.442231071538143e-05
387 2.390479918256841e-05
601 2.3763061248731224e-05
506 2.3598725790886796e-05
168 2.29610066105298e-05
157 2.26214000781853e-05
520 2.255432039715888e-05
193 2.248498574177492e-05
76 2.2352979954641212e-05
575 2.2141243639385644e-05
78 2.161028072804045e-05
73 2.1460856927883803e-05
404 2.0566863741060245e-05
113 2.0317133127358725e-05
42 1.992389558130537e-05
204 1.9742885402958045e-05
19 1.973803503462564e-05
228 1.916362801223993e-05
212 1.913663382182162e-05
71 1.874130646736038e-05
453 1.8533120333862764e-05
445 1.8219465408030155e-05
95 1.744755277950173e-05
400 1.7433216486662985e-05
108 1.7428764077017135e-05
504 1.7360761095766434e-05
101 1.7319503196572194e-05
426 1.728075758841267e-05
548 1.710620448145901e-05
564 1.6590814681798366e-05
55 1.6478176948731977e-05
369 1.6321630206135654e-05
741 1.6291091823843177e-05
161 1.624950025687914e-05
317 1.6072704627370863e-05
209 1.5743478072866595e-05
335 1.542613082703e-05
323 1.4840650614122924e-05
145 1.4769896929530807e-05
284 1.474475500734459e-05
162 1.474408251330687e-05
77 1.4560638338384753e-05
34 1.4064795079650607e-05
66 1.3863143727178018e-05
765 1.3640598003816482e-05
92 1.348204752325606e-05
295 1.3470450338000133e-05
763 1.344058923543208e-05
274 1.3360585728078316e-05
267 1.290856591152956e-05
205 1.271048839142165e-05
668 1.2167635033397937e-05
143 1.1900339892719079e-05
257 1.1493945825203377e-05
221 1.1261415131949052e-05
82 1.1187083288311304e-05
137 1.118115684858291e-05
558 1.112048752217297e-05
80 1.0937117946745084e-05
239 1.0840475246434804e-05
159 1.0832474895699424e-05
418 1.0789806358444087e-05
185 1.0788472966654857e-05
669 1.0759443963410538e-05
388 1.056695241928075e-05
314 1.0528461567755128e-05
338 1.0341574586751095e-05
68 1.01231104638294e-05
434 1.008044192657406e-05
83 9.965770232700334e-06
38 9.89243368429272e-06
328 9.803086932561814e-06
85 9.535205902214632e-06
47 9.377572879133256e-06
121 9.258042168639752e-06
440 8.960392823621386e-06
127 8.782569612235873e-06
534 8.712381950824724e-06
661 8.563708766325648e-06
128 8.520373533175697e-06
308 8.509752722229615e-06
735 8.40036827214505e-06
29 8.282945874929906e-06
248 7.746945686704965e-06
167 7.697179549614611e-06
541 7.672336355225812e-06
653 7.52325289633005e-06
13 7.425658874218379e-06
395 7.3901868136219e-06
355 7.369474344475654e-06
428 7.335725551803307e-06
263 7.280319169192376e-06
240 7.220707769496714e-06
57 6.981352295986724e-06
234 6.7779442038974275e-06
696 6.60162367918903e-06
207 5.968261648590674e-06
200 5.880257790501536e-06
336 5.880257790501536e-06
288 5.740251652632451e-06
494 5.740251652632451e-06
724 5.62881321045792e-06
327 5.600245514763366e-06
10 5.471886946347257e-06
51 5.436941385813384e-06
464 5.212228504097619e-06
379 5.169457398243108e-06
710 5.14861281195987e-06
33 5.04022096328703e-06
119 5.04022096328703e-06
140 5.04022096328703e-06
142 5.04022096328703e-06
303 5.04022096328703e-06
197 5.0027041670355304e-06
39 4.973852020943716e-06
357 4.9602174559332675e-06
343 4.8976692592748725e-06
346 4.650737434827206e-06
94 4.620202549679778e-06
93 4.480196411810693e-06
151 4.480196411810693e-06
344 4.454702164617936e-06
296 4.40449595831077e-06
756 4.1651796727898255e-06
438 4.139211766074127e-06
217 4.082778820431468e-06
50 4.0321767706296245e-06
164 3.9841746662173666e-06
255 3.963762332140455e-06
703 3.948173087908173e-06
59 3.920171860334356e-06
341 3.920171860334356e-06
15 3.7448308400506943e-06
211 3.66980794320376e-06
188 3.6593119393869374e-06
46 3.4401508162117824e-06
139 3.4401508162117824e-06
231 3.36014730885802e-06
670 3.36014730885802e-06
663 3.2739105227671573e-06
253 2.9964976668240134e-06
226 2.8321241603231883e-06
547 2.800122757381683e-06
589 2.724739432921908e-06
48 2.639744215411277e-06
35 2.520110481643515e-06
64 2.520110481643515e-06
175 2.520110481643515e-06
533 2.2400982059053466e-06
618 2.2400982059053466e-06
664 2.2400982059053466e-06
557 2.2395875452201097e-06
299 2.160094698551584e-06
43 2.073977317473045e-06
262 2.0168370812392454e-06
391 1.960085930167178e-06
433 1.9486571614626663e-06
521 1.8449044100211e-06
62 1.68007365442901e-06
130 1.68007365442901e-06
178 1.68007365442901e-06
227 1.68007365442901e-06
5 1.3737467747662081e-06
160 1.3415133574001338e-06
173 1.1520505058941782e-06
74 1.1200491029526733e-06
112 1.1200491029526733e-06
114 1.1200491029526733e-06
132 1.1200491029526733e-06
187 1.1200491029526733e-06
201 1.1200491029526733e-06
310 1.1200491029526733e-06
364 1.1200491029526733e-06
752 1.090956918460396e-06
725 1.0148323690389375e-06
769 1.0148323690389375e-06
265 1.0044532856896664e-06
224 9.842855753220463e-07
199 9.547657905120248e-07
18 8.40036827214505e-07
220 8.40036827214505e-07
340 8.40036827214505e-07
706 8.40036827214505e-07
24 7.466994019684489e-07
278 7.466994019684489e-07
530 6.96185052246238e-07
184 5.944876007979573e-07
60 5.715967759743758e-07
195 5.600245514763367e-07
222 5.600245514763367e-07
153 5.096180701077572e-07
120 4.800210441225743e-07
367 4.200184136072525e-07
103 3.36014730885802e-07
542 3.183022514394879e-07
602 2.8001227573816833e-07
514 2.0797137289220424e-07
216 1.0839184867283935e-07
699 7.000306893454208e-08
6 0.0
7 0.0
9 0.0
11 0.0
22 0.0
23 0.0
25 0.0
28 0.0
30 0.0
31 0.0
36 0.0
45 0.0
52 0.0
53 0.0
56 0.0
58 0.0
67 0.0
70 0.0
79 0.0
98 0.0
102 0.0
107 0.0
111 0.0
117 0.0
133 0.0
141 0.0
150 0.0
152 0.0
154 0.0
155 0.0
166 0.0
171 0.0
172 0.0
179 0.0
181 0.0
189 0.0
190 0.0
198 0.0
210 0.0
214 0.0
215 0.0
219 0.0
233 0.0
238 0.0
242 0.0
252 0.0
261 0.0
268 0.0
270 0.0
279 0.0
289 0.0
315 0.0
320 0.0
324 0.0
326 0.0
361 0.0
371 0.0
384 0.0
420 0.0
422 0.0
430 0.0
439 0.0
443 0.0
448 0.0
452 0.0
463 0.0
486 0.0
501 0.0
503 0.0
510 0.0
511 0.0
516 0.0
543 0.0
553 0.0
568 0.0
583 0.0
591 0.0
593 0.0
604 0.0
634 0.0
641 0.0
660 0.0
732 0.0
745 0.0
746 0.0
