84 0.750242954324587
0 0.6007782101167315
124 0.504245591116917
761 0.49870801033591733
712 0.4945547725816784
646 0.49266113592852584
488 0.49203314212874444
679 0.4895370957514268
526 0.4882985452245414
416 0.48706624605678234
694 0.48462021343377276
608 0.48370927318295737
729 0.4818976279650437
685 0.4815970056144729
375 0.48129675810473815
714 0.4806973848069738
507 0.4795031055900621
605 0.4795031055900621
622 0.4792054624456859
731 0.4792054624456859
672 0.47831474597273854
592 0.4777227722772277
630 0.4777227722772277
667 0.4777227722772277
499 0.47713226205191595
352 0.4768375540457072
623 0.4768375540457072
498 0.4765432098765432
733 0.4765432098765432
621 0.4759556103575832
513 0.4753694581280788
631 0.47507692307692306
508 0.4747847478474785
356 0.47449293177627533
424 0.4742014742014742
585 0.4736196319018405
546 0.4730392156862745
275 0.47217125382263
282 0.4718826405867971
493 0.4718826405867971
736 0.4718826405867971
342 0.4715943799633476
587 0.4704448507007922
563 0.4701583434835566
407 0.46930091185410333
408 0.46930091185410333
682 0.46930091185410333
569 0.4690157958687728
305 0.4681625227410552
711 0.4681625227410552
590 0.467595396729255
720 0.467595396729255
758 0.467595396729255
316 0.46731234866828086
432 0.4667472793228537
477 0.4664652567975831
645 0.4664652567975831
269 0.46618357487922707
385 0.46618357487922707
615 0.46618357487922707
707 0.46618357487922707
524 0.4659022329511165
313 0.4653405666063894
378 0.4653405666063894
535 0.4653405666063894
350 0.4650602409638554
365 0.4650602409638554
616 0.4647802528597231
389 0.4645006016847172
673 0.46422128683102826
649 0.4639423076923077
429 0.4636636636636637
437 0.46338535414165666
442 0.46338535414165666
475 0.46338535414165666
554 0.46338535414165666
491 0.4631073785242951
613 0.4631073785242951
401 0.46255242660275614
537 0.46255242660275614
690 0.4622754491017964
721 0.4622754491017964
705 0.46199880311190905
373 0.46172248803827753
560 0.46172248803827753
768 0.46172248803827753
479 0.46144650328750747
300 0.46117084826762245
647 0.46117084826762245
447 0.4608955223880597
431 0.4606205250596659
555 0.4606205250596659
686 0.4606205250596659
726 0.4606205250596659
441 0.4603458556946929
599 0.4603458556946929
659 0.4603458556946929
353 0.4600715137067938
363 0.4600715137067938
484 0.4600715137067938
544 0.4600715137067938
584 0.4597974985110185
648 0.4597974985110185
370 0.4595238095238095
476 0.4595238095238095
755 0.4595238095238095
446 0.4592504461629982
312 0.4589774078478002
655 0.4589774078478002
737 0.4589774078478002
742 0.4589774078478002
754 0.45870469399881164
374 0.4584323040380047
567 0.4584323040380047
619 0.4584323040380047
626 0.458160237388724
293 0.4578884934756821
614 0.4578884934756821
675 0.4578884934756821
687 0.4578884934756821
283 0.4576170717249555
425 0.4576170717249555
628 0.4576170717249555
629 0.4576170717249555
461 0.45734597156398105
717 0.45734597156398105
398 0.4570751924215512
496 0.4570751924215512
596 0.4570751924215512
612 0.45680473372781066
652 0.45680473372781066
522 0.4565345949142519
399 0.4562647754137116
410 0.4562647754137116
436 0.4562647754137116
681 0.4562647754137116
287 0.4557260920897285
294 0.4557260920897285
465 0.4557260920897285
692 0.4557260920897285
354 0.45545722713864306
751 0.45545722713864306
333 0.455188679245283
574 0.455188679245283
671 0.455188679245283
272 0.45492044784914554
519 0.45492044784914554
684 0.45492044784914554
760 0.45492044784914554
291 0.4546525323910483
298 0.4546525323910483
466 0.4546525323910483
704 0.4546525323910483
386 0.4543849323131254
419 0.4543849323131254
718 0.4543849323131254
728 0.4543849323131254
739 0.4541176470588235
766 0.4541176470588235
394 0.4538506760728983
632 0.4538506760728983
639 0.4538506760728983
390 0.4535840188014101
482 0.4535840188014101
749 0.4533176746917205
636 0.45305164319248825
307 0.45278592375366566
449 0.45278592375366566
550 0.4525205158264947
311 0.45225541886350323
656 0.4519906323185012
435 0.4517261556465769
458 0.4517261556465769
549 0.4517261556465769
620 0.45146198830409356
485 0.451198129748685
536 0.451198129748685
617 0.451198129748685
405 0.45093457943925236
708 0.45093457943925236
609 0.45040840140023336
723 0.45040840140023336
376 0.4501457725947522
392 0.4501457725947522
460 0.4501457725947522
658 0.4501457725947522
318 0.44988344988344986
500 0.44988344988344986
286 0.44962143273150845
450 0.44962143273150845
459 0.44962143273150845
489 0.44962143273150845
505 0.44962143273150845
415 0.44935972060535506
603 0.44935972060535506
644 0.4490983129726585
688 0.4490983129726585
281 0.44857640906449736
334 0.44857640906449736
642 0.44857640906449736
319 0.44831591173054586
468 0.44831591173054586
478 0.44831591173054586
683 0.44831591173054586
579 0.4480557167730702
635 0.4480557167730702
637 0.4480557167730702
264 0.44779582366589327
471 0.44779582366589327
309 0.44753623188405794
322 0.44753623188405794
349 0.44753623188405794
454 0.44753623188405794
423 0.44727694090382386
497 0.4470179502026636
515 0.4470179502026636
643 0.4470179502026636
277 0.44675925925925924
578 0.44650086755349916
372 0.446242774566474
421 0.446242774566474
545 0.446242774566474
624 0.446242774566474
709 0.446242774566474
764 0.446242774566474
301 0.44547028274668204
573 0.44547028274668204
640 0.44547028274668204
329 0.44521337946943484
487 0.44521337946943484
260 0.4449567723342939
306 0.4449567723342939
321 0.4449567723342939
377 0.4449567723342939
457 0.4449567723342939
570 0.4449567723342939
693 0.4449567723342939
702 0.4449567723342939
332 0.4447004608294931
339 0.4447004608294931
406 0.4447004608294931
576 0.4444444444444444
280 0.4441887226697353
366 0.4441887226697353
483 0.4441887226697353
719 0.4441887226697353
757 0.4441887226697353
302 0.4439332949971248
380 0.4439332949971248
538 0.4439332949971248
697 0.4436781609195402
600 0.4434233199310741
348 0.4431687715269805
417 0.4429145152036718
676 0.44240687679083096
678 0.44240687679083096
689 0.44240687679083096
456 0.44215349369988544
480 0.44215349369988544
529 0.44215349369988544
368 0.4419004006868918
427 0.4419004006868918
580 0.4419004006868918
581 0.4419004006868918
562 0.44114285714285717
337 0.440890919474586
360 0.440890919474586
412 0.4406392694063927
495 0.4406392694063927
677 0.4406392694063927
680 0.4406392694063927
462 0.44038790644609244
750 0.44038790644609244
509 0.44013683010262256
290 0.43988603988603986
473 0.43988603988603986
506 0.43988603988603986
552 0.43988603988603986
730 0.43988603988603986
345 0.4396355353075171
540 0.4396355353075171
404 0.43938531587933977
512 0.43938531587933977
601 0.4391353811149033
492 0.4388857305287095
665 0.4388857305287095
743 0.4388857305287095
571 0.43863636363636366
698 0.4383872799545713
738 0.4383872799545713
771 0.4383872799545713
575 0.43813847900113506
657 0.43813847900113506
772 0.4378899602949518
740 0.4376417233560091
481 0.43739376770538246
564 0.43739376770538246
633 0.43739376770538246
490 0.43714609286523215
586 0.43714609286523215
453 0.43689869835880024
518 0.43689869835880024
539 0.4364047484454494
588 0.4364047484454494
598 0.4364047484454494
266 0.43615819209039547
381 0.43615819209039547
455 0.43615819209039547
566 0.43615819209039547
273 0.43591191417278374
444 0.43591191417278374
467 0.43591191417278374
517 0.43591191417278374
716 0.43591191417278374
369 0.435665914221219
753 0.435665914221219
561 0.43542019176536945
328 0.4351747463359639
395 0.4351747463359639
531 0.4351747463359639
724 0.4351747463359639
727 0.4351747463359639
747 0.4351747463359639
610 0.4349295774647887
666 0.4349295774647887
767 0.4349295774647887
413 0.4346846846846847
470 0.4346846846846847
556 0.4346846846846847
589 0.43444006752954417
625 0.43444006752954417
695 0.43444006752954417
713 0.43444006752954417
734 0.43444006752954417
396 0.4341957255343082
451 0.4341957255343082
525 0.4341957255343082
527 0.4341957255343082
344 0.43395165823496346
551 0.43395165823496346
607 0.43395165823496346
627 0.43395165823496346
700 0.43395165823496346
715 0.43395165823496346
276 0.4337078651685393
296 0.4337078651685393
346 0.4337078651685393
383 0.4337078651685393
397 0.4337078651685393
530 0.4337078651685393
594 0.4337078651685393
520 0.433464345873105
696 0.433464345873105
744 0.433464345873105
359 0.4332210998877666
409 0.4332210998877666
474 0.4332210998877666
606 0.4332210998877666
651 0.4332210998877666
662 0.4332210998877666
701 0.4332210998877666
285 0.43297812675266406
362 0.43297812675266406
393 0.43297812675266406
400 0.43297812675266406
472 0.43297812675266406
559 0.43297812675266406
577 0.43297812675266406
674 0.43297812675266406
304 0.4327354260089686
325 0.4327354260089686
759 0.4327354260089686
469 0.43249299719887957
523 0.43249299719887957
611 0.43249299719887957
663 0.43249299719887957
748 0.43249299719887957
295 0.4322508398656215
297 0.4322508398656215
355 0.4322508398656215
532 0.4322508398656215
582 0.4322508398656215
597 0.4322508398656215
653 0.4322508398656215
654 0.4322508398656215
382 0.43200895355344154
414 0.43200895355344154
528 0.43200895355344154
638 0.43200895355344154
669 0.43200895355344154
722 0.43200895355344154
271 0.4317673378076063
338 0.4317673378076063
358 0.4317673378076063
387 0.4317673378076063
402 0.4317673378076063
565 0.4317673378076063
691 0.4317673378076063
741 0.4317673378076063
756 0.4317673378076063
762 0.4317673378076063
292 0.43152599217439913
330 0.43152599217439913
331 0.43152599217439913
403 0.43152599217439913
411 0.43152599217439913
438 0.43152599217439913
445 0.43152599217439913
504 0.43152599217439913
267 0.4312849162011173
335 0.4312849162011173
351 0.4312849162011173
426 0.4312849162011173
502 0.4312849162011173
514 0.4312849162011173
558 0.4312849162011173
572 0.4312849162011173
725 0.4312849162011173
769 0.4312849162011173
262 0.43104410943606924
284 0.43104410943606924
288 0.43104410943606924
299 0.43104410943606924
323 0.43104410943606924
343 0.43104410943606924
347 0.43104410943606924
463 0.43104410943606924
494 0.43104410943606924
553 0.43104410943606924
595 0.43104410943606924
650 0.43104410943606924
668 0.43104410943606924
703 0.43104410943606924
265 0.43080357142857145
278 0.43080357142857145
289 0.43080357142857145
308 0.43080357142857145
315 0.43080357142857145
367 0.43080357142857145
428 0.43080357142857145
433 0.43080357142857145
516 0.43080357142857145
521 0.43080357142857145
542 0.43080357142857145
770 0.43080357142857145
263 0.4305633017289459
317 0.4305633017289459
418 0.4305633017289459
534 0.4305633017289459
699 0.4305633017289459
752 0.4305633017289459
274 0.43032329988851725
541 0.43032329988851725
548 0.43032329988851725
661 0.43032329988851725
765 0.43032329988851725
314 0.43008356545961
379 0.43008356545961
388 0.43008356545961
440 0.43008356545961
464 0.43008356545961
557 0.43008356545961
568 0.43008356545961
735 0.43008356545961
763 0.43008356545961
327 0.4298440979955457
336 0.4298440979955457
341 0.4298440979955457
357 0.4298440979955457
391 0.4298440979955457
434 0.4298440979955457
486 0.4298440979955457
533 0.4298440979955457
602 0.4298440979955457
664 0.4298440979955457
710 0.4298440979955457
279 0.42960489705064
303 0.42960489705064
310 0.42960489705064
364 0.42960489705064
501 0.42960489705064
547 0.42960489705064
618 0.42960489705064
641 0.42960489705064
670 0.42960489705064
706 0.42960489705064
746 0.42960489705064
261 0.42936596218020023
320 0.42936596218020023
324 0.42936596218020023
326 0.42936596218020023
340 0.42936596218020023
422 0.42936596218020023
439 0.42936596218020023
583 0.42936596218020023
634 0.42936596218020023
430 0.4291272929405225
443 0.4291272929405225
448 0.4291272929405225
452 0.4291272929405225
510 0.4291272929405225
511 0.4291272929405225
591 0.4291272929405225
660 0.4291272929405225
745 0.4291272929405225
268 0.4288888888888889
270 0.4288888888888889
361 0.4288888888888889
371 0.4288888888888889
384 0.4288888888888889
420 0.4288888888888889
503 0.4288888888888889
543 0.4288888888888889
593 0.4288888888888889
604 0.4288888888888889
732 0.4288888888888889
40 0.3898989898989899
49 0.3895055499495459
202 0.38911290322580644
16 0.38813474107591756
17 0.38813474107591756
243 0.38813474107591756
89 0.3879396984924623
186 0.38755020080321284
12 0.38735574510787757
206 0.38716148445336007
91 0.3869674185463659
177 0.3863863863863864
4 0.386
147 0.386
148 0.386
237 0.3852295409181637
230 0.3846537120079721
75 0.3844621513944223
138 0.38427078148332505
146 0.38407960199004976
123 0.3838886126305321
203 0.3836978131212724
27 0.38350720317933434
136 0.38350720317933434
213 0.38350720317933434
105 0.3833167825223436
208 0.38312655086848635
250 0.38312655086848635
125 0.38293650793650796
87 0.38274665344571146
244 0.38255698711595637
246 0.38255698711595637
194 0.38236750866765723
86 0.3821782178217822
174 0.3821782178217822
235 0.3821782178217822
88 0.38198911429985155
122 0.38198911429985155
158 0.3818001978239367
63 0.3816114681166584
256 0.3816114681166584
218 0.3814229249011858
81 0.38123456790123456
8 0.3810463968410661
37 0.3810463968410661
156 0.38085841144548593
247 0.3806706114398422
96 0.38048299655002465
163 0.38048299655002465
251 0.38048299655002465
104 0.38029556650246304
196 0.38029556650246304
259 0.38029556650246304
44 0.38010832102412606
135 0.38010832102412606
162 0.38010832102412606
118 0.3799212598425197
170 0.3799212598425197
223 0.3799212598425197
54 0.37973438268568616
115 0.37973438268568616
180 0.37973438268568616
183 0.37973438268568616
245 0.37973438268568616
176 0.37954768928220256
32 0.37936117936117936
61 0.37936117936117936
72 0.37936117936117936
149 0.37936117936117936
71 0.3791748526522593
229 0.3791748526522593
232 0.3791748526522593
241 0.3791748526522593
21 0.3789887088856161
69 0.3789887088856161
109 0.3789887088856161
131 0.3789887088856161
169 0.3789887088856161
182 0.3789887088856161
225 0.3789887088856161
228 0.3789887088856161
249 0.3789887088856161
42 0.3788027477919529
78 0.3788027477919529
101 0.3788027477919529
143 0.3788027477919529
92 0.3786169691025012
100 0.3786169691025012
134 0.3786169691025012
157 0.3786169691025012
191 0.3786169691025012
197 0.3786169691025012
205 0.3786169691025012
254 0.3786169691025012
1 0.3784313725490196
2 0.3784313725490196
20 0.3784313725490196
39 0.3784313725490196
110 0.3784313725490196
188 0.3784313725490196
15 0.3782459578637923
95 0.3782459578637923
97 0.3782459578637923
99 0.3782459578637923
126 0.3782459578637923
137 0.3782459578637923
145 0.3782459578637923
209 0.3782459578637923
212 0.3782459578637923
248 0.3782459578637923
258 0.3782459578637923
26 0.3780607247796278
41 0.3780607247796278
48 0.3780607247796278
192 0.3780607247796278
57 0.37787567302985803
66 0.37787567302985803
80 0.37787567302985803
82 0.37787567302985803
116 0.37787567302985803
127 0.37787567302985803
159 0.37787567302985803
165 0.37787567302985803
185 0.37787567302985803
204 0.37787567302985803
217 0.37787567302985803
3 0.3776908023483366
14 0.3776908023483366
46 0.3776908023483366
65 0.3776908023483366
76 0.3776908023483366
85 0.3776908023483366
139 0.3776908023483366
144 0.3776908023483366
236 0.3776908023483366
19 0.37750611246943766
29 0.37750611246943766
60 0.37750611246943766
90 0.37750611246943766
106 0.37750611246943766
129 0.37750611246943766
255 0.37750611246943766
24 0.37732160312805474
34 0.37732160312805474
47 0.37732160312805474
113 0.37732160312805474
121 0.37732160312805474
128 0.37732160312805474
161 0.37732160312805474
199 0.37732160312805474
224 0.37732160312805474
240 0.37732160312805474
5 0.3771372740595994
51 0.3771372740595994
55 0.3771372740595994
68 0.3771372740595994
102 0.3771372740595994
164 0.3771372740595994
207 0.3771372740595994
221 0.3771372740595994
233 0.3771372740595994
10 0.376953125
50 0.376953125
73 0.376953125
77 0.376953125
103 0.376953125
108 0.376953125
257 0.376953125
13 0.37676915568570035
38 0.37676915568570035
43 0.37676915568570035
83 0.37676915568570035
160 0.37676915568570035
193 0.37676915568570035
35 0.37658536585365854
64 0.37658536585365854
94 0.37658536585365854
98 0.37658536585365854
153 0.37658536585365854
168 0.37658536585365854
175 0.37658536585365854
195 0.37658536585365854
222 0.37658536585365854
226 0.37658536585365854
234 0.37658536585365854
239 0.37658536585365854
253 0.37658536585365854
45 0.37640175524134567
67 0.37640175524134567
79 0.37640175524134567
167 0.37640175524134567
18 0.3762183235867446
30 0.3762183235867446
59 0.3762183235867446
119 0.3762183235867446
173 0.3762183235867446
184 0.3762183235867446
200 0.3762183235867446
211 0.3762183235867446
33 0.37603507062834873
93 0.37603507062834873
140 0.37603507062834873
142 0.37603507062834873
151 0.37603507062834873
201 0.37603507062834873
216 0.37603507062834873
231 0.37603507062834873
53 0.3758519961051607
58 0.3758519961051607
62 0.3758519961051607
74 0.3758519961051607
112 0.3758519961051607
114 0.3758519961051607
120 0.3758519961051607
130 0.3758519961051607
132 0.3758519961051607
141 0.3758519961051607
152 0.3758519961051607
166 0.3758519961051607
178 0.3758519961051607
187 0.3758519961051607
220 0.3758519961051607
227 0.3758519961051607
242 0.3758519961051607
252 0.3758519961051607
22 0.375669099756691
23 0.375669099756691
28 0.375669099756691
31 0.375669099756691
36 0.375669099756691
52 0.375669099756691
70 0.375669099756691
107 0.375669099756691
111 0.375669099756691
117 0.375669099756691
133 0.375669099756691
150 0.375669099756691
171 0.375669099756691
172 0.375669099756691
179 0.375669099756691
181 0.375669099756691
189 0.375669099756691
190 0.375669099756691
198 0.375669099756691
210 0.375669099756691
214 0.375669099756691
238 0.375669099756691
6 0.3754863813229572
7 0.3754863813229572
9 0.3754863813229572
11 0.3754863813229572
25 0.3754863813229572
56 0.3754863813229572
154 0.3754863813229572
155 0.3754863813229572
215 0.3754863813229572
219 0.3754863813229572
