84 0.667098445595855
0 0.33549222797927464
761 0.327720207253886
712 0.31088082901554404
646 0.30310880829015546
488 0.3005181347150259
679 0.2901554404145078
526 0.2849740932642487
416 0.27979274611398963
694 0.2694300518134715
608 0.2655440414507772
729 0.25777202072538863
685 0.25647668393782386
375 0.2551813471502591
714 0.25259067357512954
507 0.24740932642487048
605 0.24740932642487048
622 0.2461139896373057
731 0.2461139896373057
672 0.2422279792746114
592 0.23963730569948188
630 0.23963730569948188
667 0.23963730569948188
499 0.23704663212435234
352 0.23575129533678757
623 0.23575129533678757
498 0.2344559585492228
733 0.2344559585492228
621 0.23186528497409328
513 0.22927461139896374
631 0.22797927461139897
508 0.2266839378238342
356 0.22538860103626943
424 0.22409326424870468
585 0.22150259067357514
546 0.2189119170984456
275 0.2150259067357513
282 0.21373056994818654
493 0.21373056994818654
736 0.21373056994818654
342 0.21243523316062177
587 0.2072538860103627
563 0.20595854922279794
407 0.20207253886010362
408 0.20207253886010362
682 0.20207253886010362
569 0.20077720207253888
305 0.19689119170984457
711 0.19689119170984457
590 0.19430051813471502
720 0.19430051813471502
758 0.19430051813471502
316 0.19300518134715028
432 0.19041450777202074
477 0.18911917098445596
645 0.18911917098445596
269 0.1878238341968912
385 0.1878238341968912
615 0.1878238341968912
707 0.1878238341968912
524 0.18652849740932642
313 0.1839378238341969
378 0.1839378238341969
535 0.1839378238341969
350 0.18264248704663213
365 0.18264248704663213
616 0.18134715025906736
389 0.1800518134715026
673 0.17875647668393782
649 0.17746113989637308
429 0.1761658031088083
437 0.17487046632124353
442 0.17487046632124353
475 0.17487046632124353
554 0.17487046632124353
491 0.17357512953367876
613 0.17357512953367876
401 0.17098445595854922
537 0.17098445595854922
690 0.16968911917098448
721 0.16968911917098448
705 0.1683937823834197
373 0.16709844559585493
560 0.16709844559585493
768 0.16709844559585493
479 0.16580310880829016
300 0.1645077720207254
647 0.1645077720207254
447 0.16321243523316062
431 0.16191709844559585
555 0.16191709844559585
686 0.16191709844559585
726 0.16191709844559585
441 0.1606217616580311
599 0.1606217616580311
659 0.1606217616580311
353 0.15932642487046633
363 0.15932642487046633
484 0.15932642487046633
544 0.15932642487046633
584 0.15803108808290156
648 0.15803108808290156
370 0.1567357512953368
476 0.1567357512953368
755 0.1567357512953368
446 0.15544041450777202
312 0.15414507772020725
655 0.15414507772020725
737 0.15414507772020725
742 0.15414507772020725
754 0.1528497409326425
374 0.15155440414507773
567 0.15155440414507773
619 0.15155440414507773
626 0.15025906735751296
293 0.1489637305699482
614 0.1489637305699482
675 0.1489637305699482
687 0.1489637305699482
283 0.14766839378238342
425 0.14766839378238342
628 0.14766839378238342
629 0.14766839378238342
461 0.14637305699481865
717 0.14637305699481865
398 0.1450777202072539
496 0.1450777202072539
596 0.1450777202072539
612 0.14378238341968913
652 0.14378238341968913
522 0.14248704663212436
399 0.1411917098445596
410 0.1411917098445596
436 0.1411917098445596
681 0.1411917098445596
287 0.13860103626943004
294 0.13860103626943004
465 0.13860103626943004
692 0.13860103626943004
354 0.1373056994818653
751 0.1373056994818653
333 0.13601036269430053
574 0.13601036269430053
671 0.13601036269430053
272 0.13471502590673576
519 0.13471502590673576
684 0.13471502590673576
760 0.13471502590673576
291 0.133419689119171
298 0.133419689119171
466 0.133419689119171
704 0.133419689119171
386 0.13212435233160622
419 0.13212435233160622
718 0.13212435233160622
728 0.13212435233160622
739 0.13082901554404144
766 0.13082901554404144
394 0.1295336787564767
632 0.1295336787564767
639 0.1295336787564767
390 0.12823834196891193
482 0.12823834196891193
749 0.12694300518134716
636 0.12564766839378239
307 0.12435233160621761
449 0.12435233160621761
550 0.12305699481865286
311 0.12176165803108809
656 0.12046632124352331
435 0.11917098445595856
458 0.11917098445595856
549 0.11917098445595856
620 0.11787564766839378
485 0.11658031088082901
536 0.11658031088082901
617 0.11658031088082901
405 0.11528497409326426
708 0.11528497409326426
609 0.11269430051813471
723 0.11269430051813471
376 0.11139896373056996
392 0.11139896373056996
460 0.11139896373056996
658 0.11139896373056996
318 0.11010362694300518
500 0.11010362694300518
286 0.10880829015544041
450 0.10880829015544041
459 0.10880829015544041
489 0.10880829015544041
505 0.10880829015544041
415 0.10751295336787565
603 0.10751295336787565
644 0.10621761658031088
688 0.10621761658031088
281 0.10362694300518135
334 0.10362694300518135
642 0.10362694300518135
319 0.10233160621761658
468 0.10233160621761658
478 0.10233160621761658
683 0.10233160621761658
579 0.10103626943005181
635 0.10103626943005181
637 0.10103626943005181
40 0.09974093264248705
264 0.09974093264248705
471 0.09974093264248705
309 0.09844559585492228
322 0.09844559585492228
349 0.09844559585492228
454 0.09844559585492228
49 0.09715025906735751
423 0.09715025906735751
497 0.09585492227979275
515 0.09585492227979275
643 0.09585492227979275
202 0.09455958549222798
277 0.09455958549222798
578 0.09326424870466321
372 0.09196891191709845
421 0.09196891191709845
545 0.09196891191709845
624 0.09196891191709845
709 0.09196891191709845
764 0.09196891191709845
16 0.08808290155440415
17 0.08808290155440415
243 0.08808290155440415
301 0.08808290155440415
573 0.08808290155440415
640 0.08808290155440415
329 0.08678756476683938
487 0.08678756476683938
260 0.08549222797927461
306 0.08549222797927461
321 0.08549222797927461
377 0.08549222797927461
457 0.08549222797927461
570 0.08549222797927461
693 0.08549222797927461
702 0.08549222797927461
186 0.08419689119170985
332 0.08419689119170985
339 0.08419689119170985
406 0.08419689119170985
12 0.08290155440414508
576 0.08290155440414508
206 0.08160621761658031
280 0.08160621761658031
366 0.08160621761658031
483 0.08160621761658031
719 0.08160621761658031
757 0.08160621761658031
91 0.08031088082901555
302 0.08031088082901555
380 0.08031088082901555
538 0.08031088082901555
89 0.07901554404145078
697 0.07901554404145078
600 0.07772020725388601
177 0.07642487046632125
348 0.07642487046632125
417 0.07512953367875648
4 0.07383419689119171
147 0.07383419689119171
148 0.07383419689119171
676 0.07253886010362695
678 0.07253886010362695
689 0.07253886010362695
456 0.07124352331606218
480 0.07124352331606218
529 0.07124352331606218
368 0.06994818652849741
427 0.06994818652849741
580 0.06994818652849741
581 0.06994818652849741
237 0.06865284974093265
562 0.06606217616580311
230 0.06476683937823835
337 0.06476683937823835
360 0.06476683937823835
75 0.06347150259067358
412 0.06347150259067358
495 0.06347150259067358
677 0.06347150259067358
680 0.06347150259067358
138 0.06217616580310881
462 0.06217616580310881
750 0.06217616580310881
146 0.06088082901554404
509 0.06088082901554404
123 0.05958549222797928
290 0.05958549222797928
473 0.05958549222797928
506 0.05958549222797928
552 0.05958549222797928
730 0.05958549222797928
203 0.05829015544041451
345 0.05829015544041451
540 0.05829015544041451
27 0.05699481865284974
136 0.05699481865284974
213 0.05699481865284974
404 0.05699481865284974
512 0.05699481865284974
105 0.05569948186528498
601 0.05569948186528498
208 0.054404145077720206
250 0.054404145077720206
492 0.054404145077720206
665 0.054404145077720206
743 0.054404145077720206
125 0.05310880829015544
571 0.05310880829015544
87 0.05181347150259068
698 0.05181347150259068
738 0.05181347150259068
771 0.05181347150259068
244 0.050518134715025906
246 0.050518134715025906
575 0.050518134715025906
657 0.050518134715025906
194 0.04922279792746114
772 0.04922279792746114
86 0.04792746113989638
174 0.04792746113989638
235 0.04792746113989638
740 0.04792746113989638
88 0.046632124352331605
122 0.046632124352331605
481 0.046632124352331605
564 0.046632124352331605
633 0.046632124352331605
158 0.04533678756476684
490 0.04533678756476684
586 0.04533678756476684
63 0.044041450777202076
256 0.044041450777202076
453 0.044041450777202076
518 0.044041450777202076
218 0.042746113989637305
81 0.04145077720207254
539 0.04145077720207254
588 0.04145077720207254
598 0.04145077720207254
8 0.040155440414507776
37 0.040155440414507776
266 0.040155440414507776
381 0.040155440414507776
455 0.040155440414507776
566 0.040155440414507776
156 0.038860103626943004
273 0.038860103626943004
444 0.038860103626943004
467 0.038860103626943004
517 0.038860103626943004
716 0.038860103626943004
247 0.03756476683937824
369 0.03756476683937824
753 0.03756476683937824
96 0.036269430051813475
163 0.036269430051813475
251 0.036269430051813475
561 0.036269430051813475
104 0.034974093264248704
196 0.034974093264248704
259 0.034974093264248704
328 0.034974093264248704
395 0.034974093264248704
531 0.034974093264248704
724 0.034974093264248704
727 0.034974093264248704
747 0.034974093264248704
44 0.03367875647668394
135 0.03367875647668394
162 0.03367875647668394
610 0.03367875647668394
666 0.03367875647668394
767 0.03367875647668394
118 0.032383419689119175
170 0.032383419689119175
223 0.032383419689119175
413 0.032383419689119175
470 0.032383419689119175
556 0.032383419689119175
54 0.031088082901554404
115 0.031088082901554404
180 0.031088082901554404
183 0.031088082901554404
245 0.031088082901554404
589 0.031088082901554404
625 0.031088082901554404
695 0.031088082901554404
713 0.031088082901554404
734 0.031088082901554404
176 0.02979274611398964
396 0.02979274611398964
451 0.02979274611398964
525 0.02979274611398964
527 0.02979274611398964
32 0.02849740932642487
61 0.02849740932642487
72 0.02849740932642487
149 0.02849740932642487
344 0.02849740932642487
551 0.02849740932642487
607 0.02849740932642487
627 0.02849740932642487
700 0.02849740932642487
715 0.02849740932642487
71 0.027202072538860103
229 0.027202072538860103
232 0.027202072538860103
241 0.027202072538860103
276 0.027202072538860103
296 0.027202072538860103
346 0.027202072538860103
383 0.027202072538860103
530 0.027202072538860103
594 0.027202072538860103
21 0.02590673575129534
69 0.02590673575129534
109 0.02590673575129534
131 0.02590673575129534
169 0.02590673575129534
182 0.02590673575129534
225 0.02590673575129534
228 0.02590673575129534
249 0.02590673575129534
520 0.02590673575129534
696 0.02590673575129534
744 0.02590673575129534
42 0.02461139896373057
78 0.02461139896373057
101 0.02461139896373057
143 0.02461139896373057
359 0.02461139896373057
409 0.02461139896373057
474 0.02461139896373057
606 0.02461139896373057
651 0.02461139896373057
662 0.02461139896373057
701 0.02461139896373057
92 0.023316062176165803
100 0.023316062176165803
134 0.023316062176165803
157 0.023316062176165803
191 0.023316062176165803
197 0.023316062176165803
205 0.023316062176165803
254 0.023316062176165803
285 0.023316062176165803
362 0.023316062176165803
393 0.023316062176165803
400 0.023316062176165803
472 0.023316062176165803
559 0.023316062176165803
577 0.023316062176165803
674 0.023316062176165803
1 0.022020725388601038
2 0.022020725388601038
20 0.022020725388601038
39 0.022020725388601038
188 0.022020725388601038
304 0.022020725388601038
325 0.022020725388601038
759 0.022020725388601038
15 0.02072538860103627
95 0.02072538860103627
97 0.02072538860103627
99 0.02072538860103627
126 0.02072538860103627
137 0.02072538860103627
145 0.02072538860103627
209 0.02072538860103627
212 0.02072538860103627
248 0.02072538860103627
258 0.02072538860103627
397 0.02072538860103627
469 0.02072538860103627
523 0.02072538860103627
611 0.02072538860103627
663 0.02072538860103627
748 0.02072538860103627
26 0.019430051813471502
41 0.019430051813471502
48 0.019430051813471502
192 0.019430051813471502
295 0.019430051813471502
297 0.019430051813471502
355 0.019430051813471502
532 0.019430051813471502
582 0.019430051813471502
597 0.019430051813471502
653 0.019430051813471502
654 0.019430051813471502
57 0.018134715025906738
66 0.018134715025906738
80 0.018134715025906738
82 0.018134715025906738
116 0.018134715025906738
127 0.018134715025906738
165 0.018134715025906738
185 0.018134715025906738
204 0.018134715025906738
217 0.018134715025906738
382 0.018134715025906738
414 0.018134715025906738
528 0.018134715025906738
638 0.018134715025906738
669 0.018134715025906738
722 0.018134715025906738
3 0.01683937823834197
14 0.01683937823834197
65 0.01683937823834197
76 0.01683937823834197
85 0.01683937823834197
124 0.01683937823834197
144 0.01683937823834197
236 0.01683937823834197
271 0.01683937823834197
338 0.01683937823834197
358 0.01683937823834197
387 0.01683937823834197
402 0.01683937823834197
565 0.01683937823834197
691 0.01683937823834197
741 0.01683937823834197
756 0.01683937823834197
762 0.01683937823834197
19 0.015544041450777202
29 0.015544041450777202
60 0.015544041450777202
90 0.015544041450777202
106 0.015544041450777202
129 0.015544041450777202
255 0.015544041450777202
292 0.015544041450777202
330 0.015544041450777202
331 0.015544041450777202
403 0.015544041450777202
438 0.015544041450777202
445 0.015544041450777202
24 0.014248704663212436
34 0.014248704663212436
47 0.014248704663212436
110 0.014248704663212436
113 0.014248704663212436
121 0.014248704663212436
128 0.014248704663212436
161 0.014248704663212436
199 0.014248704663212436
224 0.014248704663212436
240 0.014248704663212436
267 0.014248704663212436
335 0.014248704663212436
351 0.014248704663212436
426 0.014248704663212436
502 0.014248704663212436
514 0.014248704663212436
558 0.014248704663212436
572 0.014248704663212436
725 0.014248704663212436
769 0.014248704663212436
5 0.01295336787564767
51 0.01295336787564767
55 0.01295336787564767
68 0.01295336787564767
102 0.01295336787564767
164 0.01295336787564767
207 0.01295336787564767
221 0.01295336787564767
233 0.01295336787564767
262 0.01295336787564767
284 0.01295336787564767
288 0.01295336787564767
299 0.01295336787564767
323 0.01295336787564767
343 0.01295336787564767
347 0.01295336787564767
494 0.01295336787564767
595 0.01295336787564767
650 0.01295336787564767
668 0.01295336787564767
703 0.01295336787564767
10 0.011658031088082901
50 0.011658031088082901
73 0.011658031088082901
77 0.011658031088082901
103 0.011658031088082901
108 0.011658031088082901
257 0.011658031088082901
265 0.011658031088082901
278 0.011658031088082901
289 0.011658031088082901
308 0.011658031088082901
315 0.011658031088082901
367 0.011658031088082901
428 0.011658031088082901
433 0.011658031088082901
516 0.011658031088082901
521 0.011658031088082901
542 0.011658031088082901
770 0.011658031088082901
13 0.010362694300518135
38 0.010362694300518135
43 0.010362694300518135
83 0.010362694300518135
159 0.010362694300518135
160 0.010362694300518135
193 0.010362694300518135
317 0.010362694300518135
418 0.010362694300518135
534 0.010362694300518135
699 0.010362694300518135
752 0.010362694300518135
35 0.009067357512953369
46 0.009067357512953369
64 0.009067357512953369
94 0.009067357512953369
98 0.009067357512953369
139 0.009067357512953369
153 0.009067357512953369
168 0.009067357512953369
175 0.009067357512953369
195 0.009067357512953369
222 0.009067357512953369
226 0.009067357512953369
234 0.009067357512953369
239 0.009067357512953369
253 0.009067357512953369
274 0.009067357512953369
411 0.009067357512953369
504 0.009067357512953369
541 0.009067357512953369
548 0.009067357512953369
661 0.009067357512953369
765 0.009067357512953369
45 0.007772020725388601
67 0.007772020725388601
79 0.007772020725388601
167 0.007772020725388601
314 0.007772020725388601
379 0.007772020725388601
388 0.007772020725388601
440 0.007772020725388601
464 0.007772020725388601
557 0.007772020725388601
568 0.007772020725388601
735 0.007772020725388601
763 0.007772020725388601
18 0.006476683937823835
30 0.006476683937823835
59 0.006476683937823835
119 0.006476683937823835
173 0.006476683937823835
184 0.006476683937823835
200 0.006476683937823835
211 0.006476683937823835
327 0.006476683937823835
336 0.006476683937823835
341 0.006476683937823835
357 0.006476683937823835
391 0.006476683937823835
434 0.006476683937823835
463 0.006476683937823835
486 0.006476683937823835
533 0.006476683937823835
553 0.006476683937823835
602 0.006476683937823835
664 0.006476683937823835
710 0.006476683937823835
33 0.0051813471502590676
93 0.0051813471502590676
140 0.0051813471502590676
142 0.0051813471502590676
151 0.0051813471502590676
201 0.0051813471502590676
216 0.0051813471502590676
231 0.0051813471502590676
279 0.0051813471502590676
303 0.0051813471502590676
310 0.0051813471502590676
364 0.0051813471502590676
501 0.0051813471502590676
547 0.0051813471502590676
618 0.0051813471502590676
641 0.0051813471502590676
670 0.0051813471502590676
706 0.0051813471502590676
746 0.0051813471502590676
53 0.0038860103626943004
58 0.0038860103626943004
62 0.0038860103626943004
74 0.0038860103626943004
112 0.0038860103626943004
114 0.0038860103626943004
120 0.0038860103626943004
130 0.0038860103626943004
132 0.0038860103626943004
141 0.0038860103626943004
152 0.0038860103626943004
166 0.0038860103626943004
178 0.0038860103626943004
187 0.0038860103626943004
220 0.0038860103626943004
227 0.0038860103626943004
242 0.0038860103626943004
252 0.0038860103626943004
261 0.0038860103626943004
263 0.0038860103626943004
320 0.0038860103626943004
324 0.0038860103626943004
326 0.0038860103626943004
340 0.0038860103626943004
422 0.0038860103626943004
439 0.0038860103626943004
583 0.0038860103626943004
634 0.0038860103626943004
22 0.0025906735751295338
23 0.0025906735751295338
28 0.0025906735751295338
31 0.0025906735751295338
36 0.0025906735751295338
52 0.0025906735751295338
70 0.0025906735751295338
107 0.0025906735751295338
111 0.0025906735751295338
117 0.0025906735751295338
133 0.0025906735751295338
150 0.0025906735751295338
171 0.0025906735751295338
172 0.0025906735751295338
179 0.0025906735751295338
181 0.0025906735751295338
189 0.0025906735751295338
190 0.0025906735751295338
198 0.0025906735751295338
210 0.0025906735751295338
214 0.0025906735751295338
238 0.0025906735751295338
430 0.0025906735751295338
443 0.0025906735751295338
448 0.0025906735751295338
452 0.0025906735751295338
510 0.0025906735751295338
511 0.0025906735751295338
591 0.0025906735751295338
660 0.0025906735751295338
745 0.0025906735751295338
6 0.0012953367875647669
7 0.0012953367875647669
9 0.0012953367875647669
11 0.0012953367875647669
25 0.0012953367875647669
56 0.0012953367875647669
154 0.0012953367875647669
155 0.0012953367875647669
215 0.0012953367875647669
219 0.0012953367875647669
268 0.0012953367875647669
270 0.0012953367875647669
361 0.0012953367875647669
371 0.0012953367875647669
384 0.0012953367875647669
420 0.0012953367875647669
503 0.0012953367875647669
543 0.0012953367875647669
593 0.0012953367875647669
604 0.0012953367875647669
732 0.0012953367875647669
