268 482 521 539 562
4 89 126 258 562
90 191 203 405 440
278 328 476 578 688
27 85 364 561 650
88 302 414 428 746
10 231 266 534 674
12 157 371 475 665
13 60 611 675 758
156 186 417 672 756
121 410 434 680 752
247 285 296 315 577
211 399 533 541 701
90 96 400 468 526
0 232 337 595 763
142 145 151 366 605
18 216 563 656 721
69 205 409 591 719
280 304 607 651 702
161 242 441 523 621
299 336 366 715 733
19 105 204 320 474
194 210 214 226 587
49 107 346 415 638
44 128 635 665 681
177 263 436 605 669
112 181 399 473 730
146 250 383 431 459
193 221 257 533 649
172 183 245 434 714
233 241 329 626 640
34 220 384 651 667
84 208 286 412 502
24 259 332 593 711
118 402 467 509 658
211 222 229 450 658
15 78 335 371 407
73 128 251 744 759
193 232 367 463 550
458 627 727 740 764
39 136 338 517 521
357 393 625 639 770
100 120 413 490 592
309 463 518 700 762
237 304 424 602 636
197 317 323 452 517
59 150 278 557 607
452 470 653 680 747
9 205 207 227 239
210 314 362 428 508
384 590 678 708 717
276 384 473 538 638
176 181 291 438 682
114 245 295 377 475
64 280 500 620 630
267 492 606 633 708
101 143 299 376 545
153 279 355 502 742
264 381 622 729 761
70 159 338 491 497
117 202 334 370 567
169 177 222 334 394
70 118 128 530 531
10 20 46 155 692
345 423 438 481 576
641 656 683 725 745
184 424 429 552 600
209 213 267 349 739
96 127 194 253 438
246 472 508 595 605
110 198 299 571 728
176 319 394 610 615
164 170 427 516 594
365 559 573 605 638
64 512 517 561 728
12 123 456 667 746
103 127 169 589 609
169 269 409 446 560
147 359 606 721 747
4 150 508 513 558
13 130 243 284 390
194 199 216 567 745
68 99 162 360 718
209 289 388 402 652
53 68 198 445 590
86 185 194 556 640
39 236 268 509 771
83 270 593 694 695
96 417 644 648 651
206 208 584 641 718
51 59 462 486 595
126 179 274 523 772
10 48 220 393 413
81 87 173 386 510
39 66 89 544 627
401 577 671 738 767
152 322 378 393 594
132 291 332 541 760
38 451 463 508 732
401 594 604 653 684
119 137 499 681 771
124 337 512 570 768
10 264 299 617 710
33 116 185 457 633
26 341 624 745 769
65 241 267 354 571
39 104 329 349 738
246 420 683 685 713
83 225 277 298 318
84 180 318 448 693
258 294 468 624 687
502 531 571 578 736
127 172 320 456 641
109 160 231 257 327
115 203 206 439 612
158 182 205 229 310
176 209 224 401 607
20 192 324 454 576
40 152 249 528 543
19 211 360 394 543
121 185 199 255 688
21 284 425 435 527
33 132 180 338 563
48 243 308 366 468
51 101 182 505 673
122 199 299 372 392
296 434 525 722 740
142 190 264 544 603
107 215 497 507 607
16 427 610 675 771
86 89 324 438 596
167 200 269 524 682
131 226 235 337 653
0 375 386 497 503
214 400 417 422 592
81 202 482 650 733
93 237 581 658 702
70 156 165 235 732
30 83 374 596 651
154 195 293 314 447
54 89 598 643 747
24 148 518 565 661
51 388 473 583 680
130 158 170 449 757
208 321 335 357 660
5 128 200 230 516
95 127 385 727 765
3 195 201 408 623
17 195 203 347 368
48 111 306 558 608
202 272 326 571 686
153 197 313 408 712
71 183 530 634 741
168 379 416 651 701
228 322 481 605 756
115 220 594 617 739
165 170 194 435 473
57 264 397 481 559
46 522 682 731 750
18 32 244 338 586
152 383 417 640 700
27 105 340 451 636
60 372 528 535 589
4 60 278 388 597
193 225 303 329 608
183 319 382 520 664
134 172 325 692 738
0 15 30 164 468
6 11 363 454 505
321 403 462 660 747
45 71 92 503 596
50 120 163 393 578
192 205 254 380 724
118 140 197 410 735
41 396 441 472 519
89 295 341 375 745
167 352 498 667 719
145 190 208 423 646
86 173 270 287 625
60 144 264 279 369
48 135 521 581 680
415 607 662 674 737
124 153 200 382 761
409 428 550 637 658
215 334 478 583 756
65 149 334 373 607
9 76 226 248 249
169 339 341 424 594
28 30 417 573 669
113 147 173 494 717
297 314 363 489 618
213 235 358 483 568
271 277 446 667 735
196 369 536 544 670
106 199 618 717 725
333 466 497 507 672
177 354 378 458 703
97 157 488 667 707
238 332 504 512 739
15 51 252 268 675
93 157 197 504 719
273 283 399 744 768
290 565 588 705 752
110 508 631 725 745
61 231 305 609 771
109 200 216 312 646
171 403 414 528 638
117 367 635 697 749
169 336 420 497 513
368 408 582 651 762
157 201 404 428 568
144 175 343 592 668
444 476 514 604 640
134 154 191 527 712
251 450 476 532 539
272 335 358 379 560
326 344 424 731 737
80 230 469 603 761
10 162 172 264 356
155 239 305 419 576
119 357 372 439 497
40 279 453 520 738
358 415 439 532 760
73 186 561 666 766
45 441 615 646 684
41 391 509 618 743
12 55 82 357 752
92 224 355 521 662
97 590 599 683 699
204 305 380 708 725
11 100 369 558 605
345 378 485 496 582
147 250 308 326 367
77 149 304 545 688
273 343 543 673 735
129 418 675 683 739
116 238 542 569 735
180 206 324 473 660
65 70 108 135 610
339 444 495 698 738
118 218 325 349 753
143 144 335 476 489
468 482 486 599 604
137 204 298 404 477
38 364 488 645 683
150 174 209 634 640
28 483 583 650 719
170 453 568 618 641
93 102 128 589 742
159 252 292 414 766
206 489 619 664 704
154 302 598 661 679
104 237 648 671 746
98 194 626 711 772
83 211 416 508 731
76 186 335 493 503
36 347 531 709 742
141 243 275 317 457
9 28 191 203 247
104 317 650 714 747
12 18 126 449 522
183 193 299 344 372
306 421 433 523 693
4 20 125 297 493
40 237 254 545 683
163 217 330 613 772
272 375 526 586 656
55 73 172 284 504
173 361 399 528 604
149 153 236 373 486
34 145 487 674 727
18 39 45 140 711
23 328 332 363 624
95 160 297 384 674
80 193 416 504 541
349 560 637 650 714
57 172 227 288 675
98 296 345 353 529
38 64 245 517 687
84 143 321 667 686
44 80 180 286 349
38 294 492 535 708
26 219 260 502 756
250 322 354 526 757
97 123 359 715 763
298 311 373 477 750
116 210 284 377 409
231 349 381 433 531
45 135 147 300 461
48 123 427 439 558
34 74 615 671 678
4 179 313 357 768
0 175 276 362 746
68 167 329 411 439
57 68 298 351 490
40 101 292 523 704
156 160 317 334 688
174 203 542 568 688
105 643 693 705 762
228 245 457 501 734
102 182 361 464 602
134 229 328 496 722
227 420 534 545 713
42 341 379 559 609
140 269 348 439 746
38 157 341 545 574
46 354 469 721 740
82 166 231 630 663
365 416 526 551 578
173 316 660 668 718
139 383 487 601 717
19 162 365 431 491
25 152 359 616 681
99 378 484 693 761
18 25 128 620 671
245 447 483 542 750
109 275 276 416 689
161 542 582 626 671
20 321 329 394 617
38 266 437 557 754
263 310 557 665 733
110 556 598 641 667
56 152 203 305 717
148 311 392 461 664
388 413 635 682 724
52 275 353 663 695
182 333 351 522 733
23 75 152 485 574
195 213 348 441 537
135 561 575 723 768
4 101 370 609 741
78 203 384 514 599
32 236 410 506 541
211 373 491 560 678
5 14 233 372 716
67 211 321 487 515
66 169 368 534 573
215 357 445 478 712
43 289 304 338 640
29 293 310 398 586
97 306 332 564 594
7 164 278 301 589
69 70 75 164 327
1 13 129 603 657
278 324 463 534 711
112 147 338 466 551
32 124 420 555 719
127 330 340 350 489
94 258 306 367 493
8 416 467 616 665
275 311 463 637 670
275 375 455 686 728
108 271 287 593 645
243 286 378 562 735
141 302 343 440 670
2 157 249 283 492
64 235 292 612 768
457 486 529 582 586
35 187 262 603 612
24 197 236 290 648
194 204 335 557 762
101 350 363 480 640
79 99 147 329 439
41 350 553 582 644
80 394 411 620 739
23 178 230 583 761
418 526 547 582 686
205 333 601 666 729
100 210 619 651 765
6 241 286 300 509
239 339 460 513 639
400 524 529 535 656
216 219 496 687 767
136 141 263 608 693
206 207 246 317 612
50 59 86 315 435
38 372 435 550 558
53 111 492 550 750
15 24 338 481 630
124 214 261 359 506
373 425 446 450 589
78 407 450 481 556
20 107 330 425 513
173 188 284 628 743
210 523 598 677 695
34 110 469 520 662
219 221 257 470 655
623 638 642 667 745
160 263 446 459 519
2 56 466 653 738
76 89 151 421 527
89 159 238 675 731
275 410 422 434 639
171 272 410 438 657
22 72 78 187 757
18 198 278 414 672
104 174 515 573 688
1 95 102 331 334
107 130 264 521 740
163 184 585 590 665
90 306 416 451 522
10 188 260 612 682
190 414 419 566 657
141 288 365 547 763
90 102 226 504 706
204 335 561 674 768
242 351 359 552 641
4 207 280 569 668
40 64 274 597 744
9 107 222 433 714
37 212 338 431 627
391 479 513 650 762
143 345 452 567 625
168 261 312 392 629
117 232 498 520 762
211 358 484 701 750
251 475 482 636 692
103 172 254 389 599
60 169 548 629 745
141 187 439 456 651
242 344 388 680 708
161 315 574 579 669
14 351 529 580 649
5 322 505 514 697
9 23 104 174 496
212 236 347 410 573
34 526 552 663 666
70 342 363 389 466
311 312 602 672 739
198 214 435 480 609
109 171 271 466 625
32 42 329 581 679
104 215 492 749 767
154 200 461 552 762
167 216 310 352 595
78 167 445 471 538
2 210 430 502 771
24 143 264 709 768
110 227 429 583 768
240 292 305 342 556
210 325 500 531 532
30 301 352 519 642
82 93 278 308 389
86 269 328 525 756
74 76 222 399 582
274 335 363 414 667
24 210 266 461 688
194 344 457 480 518
271 295 405 438 510
426 445 484 529 664
142 372 391 740 767
316 413 545 665 714
265 292 421 535 728
24 125 654 688 760
185 462 672 687 759
229 311 377 575 726
9 95 537 654 706
154 156 173 258 597
77 158 354 496 613
10 79 131 177 311
386 547 624 629 661
35 297 450 570 722
82 89 438 499 514
83 105 373 532 666
388 421 456 505 621
27 36 249 666 672
271 504 657 761 763
167 174 303 308 444
95 306 423 655 734
93 153 246 739 764
58 78 170 221 597
104 315 386 532 748
29 101 426 584 594
46 303 433 443 487
58 276 353 645 753
212 255 631 702 719
308 439 622 737 746
197 376 391 636 718
109 116 142 242 383
37 321 497 569 750
72 367 377 686 707
36 324 476 570 718
196 362 471 519 526
138 178 243 459 488
32 99 139 577 583
164 168 223 402 756
61 92 183 765 769
260 292 406 432 550
405 511 577 646 695
206 316 426 554 751
9 211 234 560 672
48 300 593 708 758
112 198 262 369 372
121 480 565 652 674
162 174 206 555 584
57 113 316 335 739
95 154 365 513 738
19 111 295 661 677
74 79 293 403 487
244 442 452 539 624
3 161 171 521 550
28 170 532 655 720
262 300 367 444 691
101 225 261 576 611
142 412 547 725 737
94 413 456 495 667
247 325 578 659 714
380 473 610 658 769
60 107 183 220 354
121 313 415 555 762
29 112 328 454 522
394 413 427 428 657
234 310 427 442 569
318 383 409 470 514
40 230 250 334 555
233 432 503 532 763
13 64 347 415 611
5 39 82 316 520
67 70 158 455 527
42 227 263 581 671
104 108 121 190 502
65 321 558 644 740
183 207 291 431 587
8 242 424 574 591
68 236 347 394 603
103 479 572 672 757
68 102 220 260 559
5 263 391 462 758
355 485 501 569 650
112 128 167 738 743
143 185 301 534 632
9 270 359 361 370
300 338 357 674 700
15 242 271 545 761
2 405 561 623 646
125 578 631 648 703
283 368 401 587 769
76 111 318 421 672
106 325 328 415 453
346 354 411 473 572
70 108 302 565 765
125 375 441 469 611
372 397 414 573 688
10 36 64 157 353
142 198 452 604 698
317 326 334 474 642
67 329 426 590 661
6 34 390 544 551
184 388 470 576 642
6 19 52 70 338
185 297 303 428 578
120 289 333 477 525
23 31 127 186 243
61 198 400 415 649
1 66 319 439 647
54 92 220 613 755
71 246 398 653 689
64 233 749 753 764
60 360 542 620 721
21 451 596 609 724
80 209 223 437 764
279 533 556 632 714
26 194 514 543 628
78 128 142 620 760
205 388 490 549 648
76 314 332 358 716
39 256 364 438 606
83 445 605 706 708
30 66 468 562 669
111 318 548 587 607
64 202 420 540 647
170 244 542 724 733
141 286 342 346 547
68 190 324 510 673
60 148 185 370 398
208 406 636 674 706
68 291 307 412 459
147 229 444 676 684
486 545 553 720 761
66 308 361 366 742
174 226 266 713 724
156 166 194 266 514
10 88 173 422 698
161 182 286 548 608
107 269 304 338 456
21 82 118 428 652
58 62 261 275 755
165 261 489 566 705
112 127 154 483 701
30 92 187 196 288
97 313 531 541 593
110 135 313 340 361
43 183 229 267 593
47 85 382 450 760
514 606 669 695 736
278 352 387 468 718
103 505 619 636 675
72 495 500 712 721
18 87 107 440 676
34 261 305 583 630
20 232 569 740 770
10 35 498 610 632
346 475 535 639 664
361 392 408 535 756
28 244 429 497 720
33 187 456 645 732
340 457 506 593 608
327 381 406 522 646
81 214 297 331 643
186 454 481 521 674
69 509 633 674 683
8 232 672 712 744
10 69 108 175 408
128 414 536 624 754
44 181 265 365 593
69 166 201 256 714
95 148 360 604 664
34 39 132 401 704
458 586 616 645 722
110 484 532 554 603
217 411 451 570 716
79 200 336 504 654
117 299 368 612 666
24 56 258 379 396
121 206 584 674 712
48 178 341 504 554
18 52 209 256 603
173 292 336 453 763
57 113 211 262 551
64 359 406 543 610
24 27 230 271 371
45 225 318 373 534
210 360 406 456 720
5 289 424 541 554
138 145 427 432 670
44 95 217 308 333
234 273 473 528 721
270 291 363 415 473
272 292 590 680 704
51 392 572 586 636
192 358 413 418 525
34 109 246 601 622
178 248 394 581 645
122 297 472 585 663
207 266 588 646 681
167 277 431 610 661
36 265 339 631 685
70 77 96 359 684
67 178 242 521 616
155 581 635 664 692
67 192 357 411 661
119 338 547 652 753
12 323 373 605 613
193 314 436 453 615
212 365 413 558 624
13 15 191 201 527
282 407 487 577 675
478 493 507 516 697
265 340 430 458 486
43 122 542 582 765
5 202 310 531 617
17 222 448 640 715
67 134 336 410 684
227 334 590 690 704
73 237 337 377 502
295 366 389 694 765
43 50 280 428 696
274 455 591 681 733
41 338 347 562 642
21 383 470 575 734
270 352 393 464 621
23 326 476 642 770
32 37 339 360 552
186 348 439 544 562
295 537 593 599 610
212 430 477 533 535
151 528 538 712 736
247 357 380 538 767
61 116 119 682 725
71 211 307 531 705
121 227 243 550 654
230 231 237 538 633
0 30 491 686 711
21 86 283 429 676
26 389 390 410 656
39 195 410 459 517
267 374 419 717 742
46 177 315 530 694
22 277 290 393 645
174 259 262 272 657
244 333 539 588 630
164 170 329 669 708
38 105 147 168 493
21 55 253 714 745
147 205 351 479 541
107 573 599 636 690
0 338 399 431 762
332 480 571 614 742
47 238 365 527 755
43 155 395 448 707
18 244 441 558 564
13 335 363 579 713
124 157 285 424 674
15 243 477 742 748
118 361 479 657 712
136 169 272 329 607
84 152 316 406 685
83 315 371 590 679
304 446 491 691 718
102 259 537 562 611
48 76 160 328 606
90 119 181 224 485
230 253 641 667 721
37 221 439 501 612
132 302 347 573 760
13 415 505 563 663
100 102 191 313 748
169 342 366 576 611
82 187 241 554 700
17 290 419 484 549
60 606 687 699 705
78 141 147 346 385
1 253 285 552 643
70 433 454 573 752
1 323 595 605 741
37 263 533 643 655
85 124 341 680 684
165 223 319 393 735
53 199 217 542 631
8 164 196 570 705
108 129 238 402 657
120 272 346 381 697
3 476 498 507 550
149 274 421 605 732
92 102 449 602 712
43 185 229 670 728
8 180 223 296 312
74 262 447 527 664
210 465 537 577 661
60 190 384 624 710
330 430 452 488 739
54 377 393 668 699
153 202 690 696 701
111 200 282 402 426
12 172 269 465 616
208 247 407 428 436
227 270 276 584 591
34 83 171 618 728
93 252 296 481 699
99 188 209 236 733
194 198 437 556 603
108 136 211 687 694
41 203 307 364 502
290 296 360 408 436
83 297 560 673 772
5 315 340 405 626
98 292 296 483 770
322 392 461 463 730
389 477 514 692 755
69 180 530 656 699
287 295 482 540 555
179 234 492 514 544
28 101 274 612 721
83 102 397 409 455
30 45 171 373 539
0 47 450 535 698
15 84 108 632 645
439 543 695 717 748
28 92 142 385 406
16 49 54 550 765
60 450 473 528 682
43 327 487 676 729
85 473 495 598 657
454 505 616 644 692
63 309 369 428 679
17 63 375 542 691
50 146 223 613 680
187 193 295 585 643
42 106 528 597 756
138 180 249 275 755
14 76 173 193 684
124 179 180 321 635
110 201 407 512 548
278 491 529 574 769
365 448 485 491 715
136 256 428 538 703
264 331 585 623 650
275 342 400 416 520
99 219 279 338 475
513 517 686 750 760
221 266 500 583 656
15 72 350 630 656
84 242 334 370 382
161 264 303 345 568
24 92 252 452 645
228 559 605 624 696
121 275 285 306 492
3 142 197 274 514
145 192 342 426 512
144 217 231 404 438
126 162 201 585 709
115 173 219 258 325
181 456 564 602 726
4 45 242 392 772
56 85 288 361 490
68 183 624 751 772
105 118 214 397 733
79 113 344 537 573
21 72 307 478 512
64 97 268 327 485
66 352 494 570 615
13 203 282 409 540
20 353 458 544 653
133 247 482 549 761
7 10 339 634 660
162 252 358 402 435
225 377 513 654 764
20 45 208 470 654
132 219 412 689 701
173 235 354 464 701
94 109 456 514 721
119 604 616 712 747
234 236 580 660 717
38 89 139 446 644
367 403 415 572 647
62 274 317 480 603
140 227 570 607 737
44 284 476 657 760
33 104 135 261 772
6 364 418 605 620
107 268 339 651 710
0 269 327 471 669
32 39 223 350 640
68 126 285 328 741
350 533 655 731 733
64 97 309 629 715
153 171 226 411 642
8 14 127 331 461
177 359 555 576 678
68 352 497 549 616
89 244 322 365 753
5 236 242 398 431
110 469 634 691 766
41 179 391 438 469
54 497 715 731 761
195 236 345 513 583
126 263 392 409 704
201 251 368 578 675
199 436 474 578 598
151 387 614 700 765
129 256 311 381 632
147 395 425 644 741
144 227 311 552 704
86 99 315 491 504
12 315 540 683 745
221 341 544 647 715
148 174 322 339 516
297 343 422 595 694
193 316 328 435 499
347 489 503 634 644
18 210 469 585 772
438 481 488 524 591
206 222 345 449 606
100 139 184 670 724
70 96 274 454 653
246 388 545 720 764
66 312 343 461 472
54 123 568 628 736
88 95 447 618 709
140 161 224 297 672
114 260 401 494 525
271 329 422 662 754
1 17 81 300 483
385 436 441 631 711
128 200 325 372 606
83 108 571 645 747
148 215 330 419 516
186 196 486 564 676
13 395 646 664 770
36 455 460 484 594
60 90 658 713 735
55 183 430 513 600
75 100 526 695 708
103 557 603 606 676
41 214 262 332 658
99 193 225 321 474
99 135 176 317 521
282 328 355 419 649
15 519 530 550 587
29 190 249 459 655
18 117 245 248 437
334 370 459 464 504
8 116 160 440 662
197 208 410 467 759
36 232 291 541 570
8 194 338 503 616
302 418 470 743 761
305 412 437 441 692
270 316 362 681 748
310 314 352 519 569
75 361 509 517 613
175 237 571 602 700
264 308 633 638 664
92 100 536 576 734
164 167 417 465 524
35 187 567 701 761
63 69 363 452 468
88 148 536 669 729
103 296 447 479 514
38 97 156 221 266
16 111 230 407 507
91 267 478 511 715
96 414 582 668 695
21 157 483 606 643
216 555 590 666 771
134 184 229 435 558
176 198 444 492 716
70 177 593 667 735
25 183 267 315 732
314 418 481 517 718
235 447 569 595 737
285 302 463 466 509
90 493 564 689 700
270 343 361 474 525
138 391 491 560 581
314 321 378 455 511
27 28 219 240 302
83 102 171 613 680
88 252 473 494 528
218 267 372 444 599
135 191 502 538 600
4 102 125 237 758
101 231 311 450 747
53 67 495 517 555
53 222 432 570 645
294 347 400 561 771
88 126 368 511 617
29 152 271 451 465
53 54 307 537 754
43 382 493 638 646
221 244 348 604 684
63 92 106 294 696
34 249 299 345 548
92 118 664 670 701
238 309 664 688 741
15 35 243 511 752
118 217 749 769 771
3 43 591 609 711
30 70 336 544 664
49 111 306 484 683
166 436 462 650 739
140 238 369 495 531
160 272 444 597 715
43 112 201 336 749
140 170 660 662 729
66 271 397 472 737
36 118 625 760 767
24 158 330 602 739
25 164 279 514 657
302 482 595 637 688
261 294 297 409 697
68 378 426 453 720
226 239 322 360 616
157 397 511 600 726
105 197 422 483 688
174 243 367 508 562
39 134 417 435 762
442 539 560 687 741
130 359 457 482 695
0 22 55 323 380
5 14 336 437 485
38 49 79 485 543
33 124 220 519 595
1 193 582 765 767
133 236 302 450 581
43 251 273 481 612
198 274 652 758 762
35 62 83 528 689
272 291 601 643 694
116 286 566 643 756
103 174 280 358 680
16 105 148 498 579
3 396 543 684 752
9 101 188 418 437
76 160 370 376 582
282 414 446 495 697
151 305 448 623 654
207 287 304 681 705
90 427 486 533 739
143 299 448 481 754
179 521 598 657 762
57 410 434 442 719
113 449 529 618 693
106 133 478 607 616
5 45 109 307 425
397 558 668 745 756
52 147 412 509 736
322 439 509 566 719
389 434 475 551 580
58 62 270 401 508
