130 161 410 698
94 403 430 762
39 106 225 490
43 167 558 622
81 304 539 678
250 564 628 638
144 204 366 385
171 256 303 373
59 309 412 612
160 311 334 719
289 483 500 708
47 186 377 432
238 301 315 356
74 85 702 719
101 446 643 739
254 284 629 648
74 126 272 709
21 76 434 671
101 282 369 519
25 170 204 686
152 155 164 738
285 307 411 755
55 113 173 644
151 154 444 631
263 495 526 767
261 571 629 661
233 324 423 604
4 158 312 734
10 11 105 520
111 218 591 655
168 237 547 748
54 159 191 644
19 127 377 760
179 195 311 626
23 570 571 747
500 527 627 762
24 307 417 672
69 291 340 765
33 64 277 576
308 593 654 694
185 238 489 600
9 124 704 710
279 369 374 494
317 365 402 581
117 182 471 478
129 176 223 569
210 624 629 713
136 198 400 519
136 311 491 529
5 185 263 653
387 428 504 594
225 282 308 684
149 411 542 594
147 615 652 759
34 202 461 689
154 417 544 752
21 221 400 712
44 108 250 575
46 286 426 603
39 98 368 453
80 276 543 648
3 390 631 690
92 249 276 453
134 278 297 638
283 383 691 742
50 98 468 656
432 668 704 706
102 189 335 352
53 193 256 585
152 332 388 528
108 322 440 717
262 347 546 670
134 271 552 698
210 450 592 692
120 170 290 413
59 104 550 723
27 74 356 702
105 364 653 747
155 182 503 540
70 169 432 550
117 268 551 637
1 244 451 481
16 334 339 437
159 269 374 600
4 165 247 261
89 390 456 732
354 603 683 709
181 675 755 756
88 482 668 750
5 361 606 745
321 464 608 727
256 582 689 698
39 116 134 684
182 308 509 559
0 150 370 724
109 444 583 594
247 311 450 654
343 427 635 729
61 223 353 711
24 204 667 719
110 360 522 754
15 179 432 724
167 328 355 735
37 174 565 659
48 245 546 564
304 314 644 694
29 172 449 505
94 292 311 737
259 272 686 764
69 84 279 637
65 74 206 553
143 227 354 610
39 308 559 731
169 275 348 574
60 80 394 584
366 440 630 732
219 469 494 644
192 280 653 764
399 566 700 751
149 410 479 567
130 305 516 533
566 603 673 734
223 387 573 719
243 272 559 597
339 475 548 665
184 188 622 724
262 406 530 664
110 196 627 756
74 194 217 512
542 590 643 681
479 550 571 636
42 226 312 571
196 220 481 699
64 488 533 694
156 233 242 722
373 462 533 676
197 476 579 726
32 318 359 523
74 149 299 743
76 277 322 445
169 470 504 549
53 295 590 746
29 314 324 425
369 385 459 557
295 363 369 436
3 123 261 639
396 538 700 731
125 426 431 760
72 339 433 457
16 130 244 354
32 296 478 758
412 588 651 672
452 475 683 709
25 128 403 450
16 144 218 585
4 480 593 716
110 247 749 751
276 366 493 744
93 324 344 528
305 307 358 533
23 78 92 657
168 176 278 669
10 198 594 654
148 351 420 605
414 419 478 607
108 190 396 749
362 494 515 558
78 181 366 616
68 435 462 534
254 357 434 584
94 426 451 497
270 496 567 626
54 105 274 766
125 151 506 621
238 270 484 550
245 526 669 717
203 210 533 618
288 309 462 463
131 207 375 589
348 445 496 559
134 294 327 584
186 359 394 686
419 443 540 744
124 456 581 587
67 380 676 724
34 419 663 710
245 433 739 764
244 353 687 766
226 292 700 748
6 20 398 659
156 174 239 341
151 248 439 563
223 319 330 461
404 432 692 701
120 125 559 604
326 371 395 726
1 99 208 276
7 526 588 683
185 203 219 670
181 367 449 546
205 214 389 480
323 599 633 664
431 552 589 748
45 120 489 673
62 407 473 511
175 347 540 607
279 402 628 751
116 122 280 451
101 113 596 603
249 463 614 685
75 165 216 265
540 545 684 721
51 130 438 588
192 261 285 373
108 395 532 604
379 429 494 663
333 426 533 549
192 397 674 757
26 59 516 649
33 128 432 611
282 380 620 738
117 213 481 537
192 378 431 626
68 249 537 679
30 71 126 219
51 96 103 413
285 425 490 536
251 284 310 764
171 212 643 696
81 300 601 681
332 637 659 760
101 246 498 523
191 364 607 765
301 522 620 749
165 469 514 534
6 445 488 706
184 244 552 687
66 214 469 762
22 406 597 751
3 173 247 405
350 423 494 768
65 107 321 584
96 359 382 537
357 427 494 590
20 301 521 522
100 219 240 748
44 438 467 626
144 312 560 703
143 320 396 578
79 461 522 702
60 236 444 612
74 514 579 700
1 215 229 410
14 366 440 459
10 103 199 697
103 250 311 368
20 197 420 674
84 259 493 676
65 88 96 280
64 205 378 620
91 121 394 405
61 286 654 739
226 399 556 640
0 116 153 617
258 383 650 725
434 517 606 721
186 449 482 642
225 473 606 751
5 316 416 699
119 151 201 209
329 345 512 649
19 509 623 764
49 285 666 771
516 566 624 649
129 623 699 723
45 133 510 767
203 295 587 727
59 400 646 708
225 459 713 760
11 88 183 759
275 502 513 595
206 237 420 626
43 50 126 647
148 190 191 416
174 427 656 662
266 392 479 752
252 486 524 666
333 620 675 762
123 207 377 555
21 119 324 624
398 436 551 603
148 230 563 702
66 91 440 501
232 325 469 661
57 544 607 726
137 141 267 629
137 273 400 685
152 406 758 769
144 172 306 618
264 285 295 760
280 315 598 620
563 586 760 769
299 500 553 573
2 53 468 722
101 238 414 560
81 214 228 312
342 608 640 655
354 446 491 633
29 74 412 737
406 553 556 588
228 313 553 745
78 124 264 745
325 435 606 634
150 276 600 743
43 626 654 710
255 504 600 772
224 242 254 264
269 274 500 585
161 341 456 668
118 190 534 654
89 222 336 608
74 221 287 524
39 205 224 407
128 247 537 709
143 176 207 649
50 117 384 510
56 456 750 766
51 217 237 302
370 398 664 672
109 168 616 655
24 86 272 287
276 283 630 685
65 192 488 603
394 705 730 770
179 184 514 551
42 175 365 489
149 346 485 597
50 124 674 758
81 167 494 553
25 166 623 682
46 394 399 701
21 370 392 738
116 415 680 716
23 386 596 669
336 442 527 756
444 472 507 670
64 219 229 460
89 107 570 576
156 468 499 622
54 172 484 725
2 179 215 284
292 515 608 634
238 501 521 643
93 96 248 450
115 320 333 587
270 471 527 533
49 121 171 218
62 210 684 725
205 266 450 744
36 163 342 689
217 288 565 719
5 122 540 637
248 483 592 719
175 622 643 645
79 83 162 609
323 527 609 647
91 134 355 520
51 98 415 637
302 330 666 753
112 162 514 566
2 12 592 616
186 298 540 687
249 476 618 713
4 290 678 709
26 50 454 631
139 582 590 705
187 430 726 733
100 238 489 691
294 320 410 689
584 651 699 711
257 413 505 772
93 106 220 309
407 476 498 701
192 229 451 595
76 321 462 627
439 557 654 668
103 219 405 533
109 135 165 684
88 89 92 137
0 217 386 428
301 323 407 609
180 336 736 742
150 341 447 494
110 159 498 502
113 326 411 694
261 312 500 688
183 214 295 372
94 355 553 650
13 214 257 362
315 491 623 731
51 264 556 670
518 560 668 677
117 272 447 717
100 262 548 721
429 521 544 703
27 564 670 692
33 91 404 549
33 98 222 500
0 351 403 577
23 296 374 557
488 502 644 741
170 288 397 571
210 238 609 761
516 565 589 746
162 188 477 545
54 153 616 712
382 559 687 760
86 335 409 744
292 298 457 715
153 177 430 494
42 309 644 647
251 269 370 491
204 259 410 759
52 204 236 611
189 295 461 542
102 153 461 641
22 225 304 654
295 452 647 723
280 374 611 716
250 599 628 754
117 303 526 602
128 148 691 694
311 317 414 656
229 376 454 661
518 543 602 646
72 429 443 545
215 358 591 667
33 177 231 375
93 167 396 723
59 79 130 349
88 447 637 649
210 369 399 613
73 227 512 766
99 121 613 731
86 335 372 718
41 481 574 703
282 385 504 600
439 573 668 700
16 366 638 646
263 438 675 748
119 184 448 599
228 547 591 602
15 87 278 358
11 79 148 727
87 279 447 653
299 422 500 746
95 150 271 528
52 87 265 327
23 148 578 758
88 196 351 559
535 596 662 697
206 372 582 672
106 330 592 617
166 194 492 519
83 409 441 750
21 96 224 506
22 91 279 770
327 430 455 532
113 423 626 709
118 475 513 534
385 459 537 624
3 8 192 636
77 309 590 642
245 299 344 586
220 521 526 588
85 93 506 663
558 606 678 717
252 330 452 695
122 182 343 542
251 287 465 626
17 106 396 465
34 102 374 547
230 405 450 493
248 297 323 390
20 241 308 609
196 232 468 589
200 230 465 662
428 619 703 704
1 98 209 654
331 346 389 509
306 471 494 518
78 121 318 745
225 253 604 606
174 698 761 765
106 482 748 758
72 99 279 287
44 122 354 437
73 444 470 732
29 233 276 576
31 32 536 760
119 324 482 689
35 209 400 647
165 329 446 647
84 386 693 723
267 328 459 474
190 341 411 540
102 318 532 723
28 344 511 762
17 54 463 649
439 464 480 759
8 98 382 561
90 210 418 611
114 270 476 702
19 331 591 656
216 357 396 733
315 404 748 758
46 99 216 392
20 240 259 398
67 242 454 487
201 252 546 667
137 520 578 751
74 167 484 645
59 67 460 673
34 196 218 407
112 182 397 532
251 473 523 732
149 300 381 529
388 461 620 697
105 542 543 730
152 363 614 770
122 377 381 623
32 56 126 624
59 452 498 595
281 414 473 715
66 204 573 728
79 333 553 595
354 482 657 689
72 193 532 600
24 137 396 526
477 481 685 746
158 178 530 707
23 80 162 642
152 210 635 757
3 295 296 474
42 382 668 688
174 361 433 706
40 381 622 647
108 188 656 683
31 619 663 669
76 216 303 459
6 68 460 574
68 88 195 201
436 455 526 733
0 49 367 653
46 112 180 686
151 196 600 635
70 206 483 734
76 109 351 429
171 267 442 623
77 321 379 748
22 263 429 672
45 85 241 424
65 66 405 543
33 267 445 733
319 329 545 594
61 152 393 485
196 377 430 723
74 292 462 510
323 637 640 662
71 382 407 445
417 682 710 752
320 376 551 760
313 460 467 554
74 284 411 484
83 257 455 505
214 235 508 537
286 297 457 726
38 142 427 648
243 260 365 521
127 290 295 616
139 505 563 759
496 652 714 719
133 290 347 363
136 253 581 754
64 112 180 499
44 487 525 692
463 638 665 713
3 9 428 495
115 375 609 770
184 273 537 570
276 339 694 754
304 319 379 538
663 703 718 719
585 609 610 674
364 514 555 618
42 45 181 218
281 520 595 596
20 85 659 710
137 149 558 615
132 210 335 354
7 97 273 304
245 331 437 705
8 152 463 692
137 442 498 535
675 692 700 734
473 492 724 760
99 115 407 424
396 453 498 653
174 377 455 622
238 324 449 579
44 110 263 650
128 519 619 627
182 189 271 744
393 601 667 680
237 317 330 550
93 207 711 758
42 122 179 666
299 300 474 769
68 289 441 741
345 456 544 649
272 402 531 596
238 356 582 648
235 485 545 654
172 202 295 510
34 95 470 482
217 366 439 670
45 290 350 596
23 89 335 537
52 126 520 631
35 422 534 731
173 228 354 415
92 267 498 617
7 171 392 581
117 165 583 731
54 331 531 560
89 195 464 512
14 339 503 521
639 676 703 767
70 442 528 578
83 346 449 544
213 346 480 666
70 290 451 519
561 618 634 649
284 301 525 706
28 606 643 770
161 280 431 625
96 284 296 327
34 166 423 743
95 392 492 610
104 156 215 373
544 634 679 754
466 646 650 659
115 509 536 729
197 216 377 741
393 566 669 705
68 377 380 546
291 628 661 676
46 105 197 587
71 341 352 702
45 243 274 513
17 23 159 276
1 306 336 403
135 155 311 483
85 100 203 450
353 377 591 647
45 324 612 667
20 32 38 738
54 386 429 747
8 159 375 698
12 396 438 749
280 529 563 575
207 434 565 598
319 354 533 553
28 156 196 375
9 40 395 655
158 186 320 553
5 117 457 696
60 96 254 577
7 58 381 719
43 76 329 678
211 360 551 687
307 398 544 613
249 389 674 714
55 379 671 703
235 465 641 755
79 217 477 542
38 344 502 636
98 307 403 732
6 172 531 749
45 195 274 335
181 375 440 589
27 108 485 659
240 288 518 745
226 298 509 696
58 115 334 516
371 408 756 760
47 82 445 725
170 225 434 482
146 253 347 649
219 226 651 721
154 502 662 698
73 206 216 700
129 308 355 508
51 221 244 409
342 377 485 512
294 313 346 529
77 228 399 585
2 64 91 580
198 441 509 518
64 391 623 626
230 517 532 646
243 333 484 695
256 345 502 695
45 66 353 409
3 25 453 485
57 431 590 771
277 388 506 571
216 490 520 674
11 673 698 769
3 207 345 589
106 618 686 732
102 152 217 419
366 563 682 770
143 508 524 581
85 349 629 654
241 394 476 644
203 286 546 570
35 86 405 413
133 203 379 570
153 418 480 493
75 136 345 749
226 329 484 692
2 133 302 606
162 250 290 419
119 334 394 677
296 426 479 527
46 222 278 325
88 183 206 272
203 448 542 707
62 351 477 643
75 159 290 421
21 92 354 699
136 524 532 722
176 273 718 760
174 339 360 552
90 221 538 721
137 195 641 643
113 239 275 498
121 193 676 716
75 115 206 352
90 108 158 770
115 181 281 377
444 523 542 688
49 110 174 176
47 170 392 704
231 341 431 622
106 277 725 752
70 192 268 743
77 111 258 331
193 360 444 698
573 591 710 735
67 343 397 711
158 203 695 753
229 346 466 687
174 312 476 636
0 48 320 407
154 173 446 553
236 479 544 613
54 75 262 647
289 403 559 581
15 150 265 562
182 279 502 569
23 218 360 675
2 136 263 523
34 366 563 698
147 271 371 770
48 146 392 426
333 442 619 768
246 396 437 513
45 416 444 661
178 265 368 531
239 477 689 709
225 452 512 714
7 297 317 458
343 422 474 641
106 213 522 730
16 20 415 679
61 346 495 694
295 522 615 763
58 161 203 234
179 280 654 689
101 380 683 703
115 271 545 680
4 235 407 465
430 483 665 750
41 59 103 580
520 545 573 695
127 240 608 611
283 316 610 711
96 137 526 594
35 149 423 526
305 492 557 630
107 392 631 654
228 274 643 752
262 420 431 728
222 475 559 575
36 132 227 479
334 507 542 708
28 106 407 650
34 141 188 729
188 299 436 738
612 653 706 772
12 130 275 665
128 199 615 732
466 489 526 724
52 74 117 371
155 243 607 720
201 582 626 715
325 439 450 535
224 251 504 709
311 394 550 743
90 113 237 249
87 519 708 760
72 113 321 650
120 285 438 527
358 504 626 642
65 108 284 333
253 269 404 687
329 466 525 651
263 317 454 662
195 528 573 761
37 187 293 645
48 267 277 722
51 55 78 217
138 522 531 577
229 423 483 692
159 344 449 737
85 188 547 578
439 489 507 541
243 494 696 759
214 245 511 622
57 275 377 423
141 321 407 663
44 46 134 145
49 379 677 714
262 408 445 612
95 183 209 732
108 372 413 741
48 478 717 729
161 216 456 512
392 452 659 750
279 586 650 665
118 313 561 570
54 331 395 518
193 270 479 747
450 496 574 659
542 647 694 734
181 186 265 277
45 317 379 432
124 265 566 656
230 571 575 580
187 309 542 555
100 145 300 304
84 328 361 729
193 225 447 705
112 242 393 558
282 312 534 580
104 199 269 720
258 386 541 710
69 316 519 730
181 282 366 650
83 109 369 497
94 181 361 721
85 521 603 737
132 234 259 571
70 77 694 722
74 345 642 772
359 371 618 664
308 438 651 733
153 451 665 769
317 439 477 678
73 105 530 613
15 64 587 700
203 238 371 587
48 328 514 751
37 502 582 706
407 657 759 765
23 36 333 594
338 354 377 667
136 398 650 653
105 109 126 228
119 301 370 622
51 135 249 649
51 255 340 431
280 297 345 760
472 611 655 715
103 357 395 601
198 307 367 453
177 183 544 545
43 45 52 573
87 259 545 757
5 61 304 760
124 332 372 612
25 92 155 374
172 553 577 749
135 322 491 768
113 120 409 755
324 585 642 679
619 621 688 714
41 98 200 284
115 122 583 703
373 584 715 740
184 501 574 696
454 689 736 748
85 121 365 703
134 615 696 762
166 222 404 554
120 173 181 540
18 264 393 737
24 143 187 762
264 533 700 712
119 213 266 506
384 429 612 739
240 316 425 585
294 468 578 718
95 315 352 411
71 117 630 695
207 569 615 667
95 115 126 426
116 121 516 637
74 171 368 534
37 177 197 276
35 118 157 392
13 250 437 599
42 63 78 741
153 282 674 722
189 272 360 616
65 341 543 665
100 347 411 754
65 311 480 678
317 370 438 478
28 225 246 646
150 376 393 661
315 358 721 762
35 345 384 747
304 623 725 731
121 277 623 703
226 280 361 467
72 184 216 771
222 385 444 509
233 261 372 726
25 60 382 742
119 122 257 755
186 304 682 760
266 374 494 771
264 401 484 717
41 232 342 482
144 168 171 370
171 245 473 730
256 290 360 433
333 513 526 600
451 616 624 646
215 464 550 754
416 556 588 613
6 120 288 691
109 265 590 616
177 310 376 640
60 194 449 605
132 263 575 587
297 412 562 609
66 182 255 424
158 191 235 766
18 243 365 594
131 238 331 355
285 362 430 479
214 254 279 324
6 68 457 578
338 511 581 680
254 275 499 668
70 657 696 698
5 96 462 467
88 198 448 702
21 68 205 696
262 470 713 736
273 439 652 686
28 199 408 672
202 428 648 692
178 240 440 441
17 478 543 732
189 242 343 547
73 76 88 756
120 392 403 634
251 348 425 742
62 169 504 589
13 184 350 759
263 293 409 483
15 110 251 395
209 284 568 688
116 556 581 758
45 304 529 598
