146 193 195 306 348 376 492
12 336 606 635 726 743 760
72 122 180 202 320 629 732
56 180 230 306 328 584 694
147 270 423 434 448 616 638
34 89 191 231 232 347 709
43 75 214 291 393 430 763
59 235 287 333 437 521 694
201 392 427 540 677 753 769
178 209 261 464 583 643 770
149 224 305 329 410 477 558
206 333 357 411 499 530 670
77 285 440 497 620 702 745
19 147 354 355 552 553 586
92 384 565 591 613 666 710
193 345 380 409 478 686 735
11 273 483 543 551 631 680
13 20 66 174 209 298 764
23 253 262 434 571 644 682
101 443 649 683 701 705 707
228 278 332 354 377 467 673
70 123 160 195 232 332 657
84 116 381 413 457 674 734
124 288 330 386 530 573 642
130 261 371 436 500 610 675
198 452 467 496 660 697 712
90 156 377 430 529 642 679
198 244 365 433 687 716 725
486 514 625 665 675 720 745
20 40 51 500 647 718 771
297 505 518 584 607 698 757
144 164 227 238 508 588 659
13 323 448 512 597 723 750
130 183 228 276 560 619 702
4 85 206 224 381 440 518
13 201 213 503 610 757 770
177 254 448 586 607 617 765
67 203 256 260 418 461 643
297 331 374 482 512 625 687
43 163 204 361 432 569 708
60 132 610 662 673 685 715
22 31 138 231 375 437 668
103 328 339 470 518 761 770
10 106 170 377 422 514 646
11 259 350 428 504 626 705
142 361 376 586 592 689 744
59 93 168 267 381 462 688
92 126 175 247 282 553 732
58 370 376 379 415 579 746
137 139 144 187 200 203 260
40 97 196 221 279 380 708
148 264 400 501 695 725 736
61 62 209 319 346 507 770
39 107 161 197 202 396 722
356 403 443 508 512 513 533
91 222 243 386 506 525 694
9 13 48 145 204 575 724
41 174 300 463 580 661 745
58 114 473 502 616 649 686
6 370 500 602 605 726 766
14 43 412 436 438 530 696
120 212 259 419 571 745 750
416 434 511 524 606 630 654
348 396 413 441 576 610 640
70 179 215 516 556 737 763
167 271 315 545 591 637 640
68 198 297 469 561 625 650
158 196 293 462 512 566 755
61 88 140 336 432 530 645
564 599 661 721 740 768 771
309 314 395 447 592 605 713
46 58 135 434 437 506 575
128 144 196 303 310 527 592
126 261 297 397 620 664 745
40 59 134 304 433 532 563
409 414 436 472 520 584 632
338 421 526 602 613 664 680
3 60 241 269 361 368 442
0 89 192 240 301 355 740
9 83 115 191 296 468 693
166 217 376 385 484 638 673
38 155 281 416 507 557 603
3 43 164 315 447 556 764
14 139 171 249 320 594 711
75 238 415 449 652 683 747
8 50 217 235 241 318 359
4 16 264 377 381 450 503
83 305 396 412 503 616 705
46 214 428 569 655 735 768
35 68 269 439 547 553 654
208 330 332 359 379 634 674
121 146 174 175 207 298 418
124 182 188 205 272 418 659
121 125 203 257 275 408 686
189 263 337 402 436 730 736
61 62 239 280 408 692 756
77 168 203 234 401 413 530
9 27 46 83 283 411 649
141 254 416 477 572 684 705
336 348 400 458 488 541 616
96 155 215 377 542 665 680
64 89 152 177 453 455 750
103 364 375 482 533 613 746
81 137 244 435 490 529 625
84 103 208 305 534 553 739
158 500 537 557 568 606 666
3 113 184 189 611 656 749
32 52 202 204 337 422 678
170 323 345 383 469 695 755
31 175 238 245 263 538 739
25 146 159 403 499 596 682
7 78 346 362 458 532 761
198 244 307 463 469 561 630
1 23 204 401 506 665 707
10 135 150 269 410 470 766
90 140 203 417 464 478 555
85 163 384 403 457 571 627
47 105 146 156 355 538 564
23 75 501 508 580 599 671
59 180 390 397 415 472 725
267 306 363 455 591 629 682
86 188 240 379 419 477 768
192 227 325 459 525 719 755
103 464 466 600 622 678 772
33 47 282 298 340 662 742
9 292 406 411 478 486 664
1 52 94 142 436 524 541
26 179 217 484 501 602 767
9 291 331 361 362 409 552
178 182 196 466 606 627 662
45 111 121 150 597 647 749
264 334 356 389 669 726 734
5 171 202 284 286 622 623
18 323 334 446 519 660 691
80 200 337 568 580 642 755
7 77 85 89 524 557 720
178 286 304 402 571 663 696
18 42 75 106 202 631 666
11 108 137 285 327 456 580
47 324 392 603 660 730 758
38 101 507 601 692 710 737
70 243 447 531 576 626 771
58 221 303 599 603 635 732
88 154 362 485 490 630 690
33 327 365 432 507 534 760
92 182 256 490 617 660 720
58 114 213 227 378 645 655
87 311 389 415 592 726 762
180 232 543 563 590 610 736
78 440 467 577 638 680 711
7 23 50 96 125 403 706
260 324 354 433 518 617 674
57 450 486 518 543 576 737
118 180 280 488 517 656 738
78 293 644 666 675 695 697
135 245 277 449 505 550 712
38 48 112 338 365 445 685
224 242 330 603 662 721 766
28 65 124 382 480 609 674
100 148 334 351 366 452 673
36 47 157 239 650 652 771
47 271 387 449 629 698 717
41 224 355 594 609 643 676
10 152 379 537 585 590 712
66 71 157 162 287 308 341
73 77 146 348 495 535 750
148 174 224 348 489 583 642
68 144 193 361 394 574 619
0 19 100 300 320 437 545
358 438 462 478 492 533 702
46 53 476 578 684 756 762
207 290 397 438 571 620 647
115 204 322 359 458 465 742
38 188 210 305 431 618 683
257 387 461 481 566 606 766
207 447 465 491 517 636 722
111 127 161 173 306 613 732
89 111 170 439 475 488 515
139 166 271 316 343 668 686
87 230 247 463 656 667 701
133 300 307 388 409 648 669
26 68 238 294 460 589 619
38 80 294 325 375 380 518
85 114 151 319 458 474 542
22 315 330 423 541 713 741
101 120 251 330 396 469 666
21 354 373 374 471 543 674
80 180 304 462 546 659 756
95 99 178 353 358 471 702
84 232 233 318 395 571 580
7 136 167 235 582 646 742
154 223 261 406 581 611 761
71 116 239 306 497 566 751
23 183 496 568 699 743 748
105 179 235 516 568 578 580
173 187 211 292 357 399 588
21 23 53 161 179 234 435
15 252 388 563 611 657 753
26 60 85 96 160 591 759
43 48 55 208 383 679 687
4 101 144 158 432 490 686
135 141 349 384 477 518 627
67 85 310 388 455 688 755
104 128 161 291 364 485 682
217 331 332 446 622 633 717
7 117 141 210 326 462 547
18 40 116 194 339 575 624
43 56 249 265 587 622 649
1 128 320 396 470 672 699
89 105 221 301 569 615 729
104 289 486 622 637 640 716
150 233 330 412 466 551 712
12 95 121 240 409 505 524
103 141 293 395 444 530 711
85 477 492 498 650 658 729
31 65 193 212 369 715 759
166 242 305 445 568 626 694
235 401 421 422 473 580 634
78 83 266 395 538 734 752
172 200 270 280 403 557 584
130 133 171 353 504 655 681
31 177 379 454 562 576 671
80 209 467 587 676 741 765
276 318 345 568 626 652 732
136 140 186 234 460 637 698
133 287 400 646 661 664 770
97 259 299 327 577 580 739
198 477 516 527 556 573 626
287 521 531 537 609 677 763
0 156 402 440 546 655 676
98 283 429 448 589 681 728
48 123 372 457 473 523 764
335 341 449 474 541 571 589
185 353 429 588 590 614 663
204 332 334 417 456 553 593
284 349 405 479 562 704 722
37 106 150 473 649 681 750
7 127 206 302 583 619 716
305 435 511 578 622 714 721
24 56 123 316 448 484 624
31 86 153 187 512 615 707
41 97 126 286 291 323 711
282 676 724 732 748 755 757
30 103 122 146 147 467 631
39 82 178 228 469 704 724
301 302 393 574 647 666 696
1 84 223 326 615 734 738
191 225 386 435 462 678 703
30 46 220 223 407 541 700
48 146 159 498 654 705 718
58 168 362 528 549 591 645
25 110 525 601 666 669 759
95 198 366 411 424 539 635
73 86 96 216 285 313 346
57 310 365 375 519 628 721
305 397 423 432 500 605 639
116 307 316 337 442 611 632
8 35 156 212 251 325 397
72 100 111 127 204 267 417
186 314 331 441 557 617 769
226 309 462 547 548 754 758
0 58 180 287 404 429 573
148 278 308 404 555 590 699
207 230 383 419 511 541 708
86 253 346 511 545 655 732
232 256 483 520 607 650 721
23 221 249 338 379 562 761
108 136 350 434 510 582 753
99 132 203 242 310 506 523
171 396 408 447 462 475 515
145 160 377 484 554 632 637
18 232 249 404 530 734 762
4 88 104 225 241 299 669
97 176 409 509 510 531 702
35 41 60 323 425 740 767
20 29 357 544 586 669 739
21 134 198 223 281 345 368
5 208 289 504 543 594 729
101 106 165 324 395 652 757
52 469 505 511 566 658 703
83 98 224 302 387 433 510
26 66 204 391 533 538 650
186 319 338 343 453 618 667
59 234 366 453 529 636 742
44 85 92 148 219 451 729
115 216 244 359 368 613 771
89 113 226 264 426 516 651
56 209 322 369 556 661 714
200 201 287 341 559 657 711
120 184 329 359 363 623 648
133 284 327 393 512 738 744
14 361 666 707 756 762 764
10 362 391 430 491 543 754
84 203 358 509 659 738 756
12 209 242 506 589 667 767
18 44 131 255 407 481 745
302 324 332 483 579 626 668
173 497 616 647 708 765 768
20 84 234 485 531 634 636
244 441 494 573 626 627 729
27 98 287 291 315 650 744
10 138 414 537 614 647 750
11 329 351 486 534 557 679
51 210 214 266 340 362 422
1 98 275 553 592 678 737
35 121 240 304 368 525 698
184 305 341 397 582 702 720
122 167 289 310 335 344 766
32 339 502 546 579 679 686
71 97 108 117 145 597 741
366 402 427 476 478 569 600
74 239 271 494 593 608 677
217 283 395 418 545 683 756
1 104 208 215 231 717 742
317 368 416 480 604 606 608
20 203 245 272 274 336 550
70 83 437 495 545 553 751
260 341 381 411 445 481 547
214 263 300 317 488 505 514
164 264 289 401 644 651 743
43 123 197 461 495 581 655
36 366 450 518 539 597 712
3 224 300 323 554 671 706
32 96 116 132 215 557 589
9 24 229 296 334 516 543
60 159 245 280 452 476 537
41 129 167 184 465 567 634
31 241 286 376 636 674 700
339 432 498 648 709 713 734
88 212 226 312 422 524 577
97 130 270 276 284 486 673
54 56 188 479 568 581 676
8 96 100 120 372 417 465
108 165 313 378 413 517 748
77 96 108 151 540 734 756
16 77 424 441 677 686 753
43 257 278 317 602 608 660
22 79 341 610 678 720 749
35 71 101 123 259 481 760
49 128 194 275 402 443 648
52 129 160 185 199 426 481
250 352 362 425 427 609 716
1 172 199 510 522 629 638
16 96 145 149 387 449 529
90 163 304 351 568 743 765
73 214 349 478 560 643 714
190 347 638 654 667 704 772
35 83 236 286 339 475 589
191 418 550 664 669 710 771
101 254 272 475 506 643 677
1 87 109 396 501 585 737
39 52 193 225 329 534 625
68 179 219 255 397 645 672
282 423 458 464 688 716 745
262 325 432 476 566 715 732
9 320 418 552 594 625 693
35 38 69 168 467 507 586
94 197 202 237 409 524 599
250 306 389 522 558 615 728
127 153 198 227 356 394 725
159 332 494 586 682 751 771
5 422 536 589 646 728 765
173 208 225 295 502 647 718
8 47 197 218 534 582 633
122 258 361 383 439 483 583
139 224 237 268 343 609 713
162 305 462 474 538 642 692
56 60 217 330 459 513 726
26 88 169 250 507 582 670
24 297 322 349 504 619 681
99 183 280 294 427 557 706
9 376 379 392 510 529 612
85 312 323 372 738 756 764
10 71 326 371 546 550 596
244 255 386 431 585 589 681
42 115 125 278 627 639 753
153 199 508 577 667 700 703
117 139 177 300 356 462 708
193 200 356 361 405 469 689
125 128 132 163 212 585 674
313 350 395 492 655 729 746
21 282 295 303 338 384 420
206 259 567 643 666 676 754
84 326 414 509 557 673 714
170 198 332 370 489 569 743
81 94 260 267 481 662 728
61 90 101 150 217 555 656
46 332 349 457 504 519 581
14 60 172 242 414 514 639
16 134 390 394 494 563 678
0 239 420 491 520 541 619
28 117 386 606 724 758 759
347 443 507 603 734 749 755
91 163 298 417 535 738 751
10 84 266 478 487 720 736
51 101 223 296 491 630 639
77 85 235 425 532 590 755
77 259 316 427 515 541 656
137 471 472 482 679 682 766
42 205 211 456 467 535 766
14 28 57 213 541 624 762
151 213 226 490 545 593 651
34 68 109 350 478 560 626
55 175 232 447 512 589 600
21 53 94 142 298 656 745
188 221 451 568 707 715 735
230 233 283 359 446 465 492
118 343 413 414 590 595 710
36 389 466 508 590 710 764
77 102 194 294 314 424 564
69 140 297 387 432 508 721
117 313 360 431 469 479 753
126 449 475 672 686 718 738
51 110 157 397 484 588 633
69 230 448 650 698 720 731
101 414 628 676 686 719 735
355 410 530 539 607 628 678
305 423 512 622 673 708 755
182 244 573 607 612 665 759
17 62 104 198 354 538 741
7 44 423 579 581 698 771
145 159 207 284 340 408 748
94 112 153 292 311 565 581
15 100 112 267 303 453 603
172 415 451 632 636 703 739
21 67 107 246 285 486 674
263 281 476 540 644 673 723
256 402 436 478 482 566 650
148 242 414 621 641 744 749
144 152 156 234 350 479 571
39 137 176 196 471 621 663
94 229 349 369 437 646 705
212 377 392 404 442 598 746
15 47 68 129 130 336 626
45 105 143 238 586 718 756
10 116 121 394 454 617 765
70 131 237 240 704 709 738
94 120 159 194 669 676 703
86 132 135 264 511 539 559
101 110 291 293 378 395 718
186 256 452 467 469 605 744
172 214 316 328 375 406 591
305 309 364 398 546 600 742
101 210 235 252 583 606 663
36 90 154 249 344 555 633
22 24 265 303 521 547 699
86 248 260 283 396 480 622
188 255 364 369 717 723 770
24 29 116 377 603 625 729
232 280 376 440 464 502 679
265 330 351 551 564 715 732
1 71 194 234 335 472 652
187 241 337 513 526 561 627
50 183 245 371 460 461 595
272 298 362 426 519 611 660
201 334 385 442 466 660 727
82 83 94 414 523 606 657
191 204 292 294 399 402 520
106 160 330 348 366 567 619
414 429 463 482 509 543 577
59 139 220 308 399 544 698
2 7 105 299 444 507 524
38 133 252 290 373 493 566
55 252 309 357 432 482 544
255 318 405 637 658 711 756
15 70 260 301 701 708 717
118 276 301 443 601 681 758
48 61 278 431 453 465 770
116 124 187 213 223 307 321
315 321 338 384 400 445 626
59 219 318 418 563 732 769
41 64 294 348 612 637 759
87 127 168 178 254 572 686
191 458 534 565 705 765 771
70 87 118 268 298 303 310
34 54 209 312 332 677 761
5 203 246 320 534 608 627
112 282 405 454 505 562 607
30 247 282 312 325 446 642
96 165 174 267 310 436 706
153 199 229 251 312 313 667
153 206 219 303 504 675 758
52 262 396 419 507 566 590
12 108 160 513 594 611 761
76 150 239 281 407 704 757
217 219 337 393 421 552 734
46 71 343 395 439 452 479
127 245 274 289 565 660 681
60 159 412 421 498 647 767
195 227 253 261 310 493 726
12 56 160 342 360 431 685
318 421 545 548 570 636 748
3 64 187 299 317 511 520
22 56 111 131 236 271 729
5 17 247 462 471 562 619
51 145 369 557 583 591 690
54 245 454 467 480 504 619
9 70 178 188 324 336 501
15 271 385 398 454 681 690
16 117 257 396 475 689 691
173 272 324 442 465 479 692
256 263 267 397 526 565 761
176 256 276 355 393 410 576
40 206 294 501 569 615 742
25 185 191 247 257 404 575
57 77 92 137 222 447 768
6 67 238 344 394 475 515
0 89 115 243 407 588 663
409 429 456 571 587 697 698
64 142 383 597 638 642 757
65 196 349 412 545 588 674
141 144 333 504 553 598 626
94 153 179 438 513 666 752
206 239 243 277 412 491 504
9 361 445 456 460 625 628
10 14 192 212 402 668 687
80 151 220 374 436 537 587
125 134 207 287 458 493 651
219 305 455 501 509 666 745
24 52 55 238 320 585 669
7 97 356 404 494 500 545
284 369 454 605 674 690 730
54 153 402 519 546 596 678
67 152 170 372 405 442 643
208 237 301 550 597 628 652
26 104 377 519 554 604 618
77 80 197 276 381 522 675
156 658 661 722 736 742 769
38 123 148 375 461 631 685
17 223 288 378 511 529 597
111 264 302 380 568 578 628
47 420 437 461 469 480 520
4 91 253 296 378 656 713
160 165 196 301 471 490 588
109 232 323 353 396 687 709
73 132 148 272 655 663 683
277 290 422 479 572 585 746
78 512 557 585 676 691 768
98 463 496 499 502 618 656
66 322 352 364 567 599 693
28 94 171 229 334 635 772
160 255 260 447 480 694 769
232 262 263 357 412 503 747
3 23 228 290 335 425 703
171 209 317 412 546 580 697
0 18 241 290 452 508 760
29 305 467 476 509 647 700
11 55 274 373 480 599 610
112 191 365 416 431 434 516
155 204 209 235 260 588 755
210 308 463 504 538 735 768
49 80 140 303 314 332 450
7 67 442 513 649 656 720
123 124 157 164 373 397 742
142 169 173 274 542 586 608
2 101 311 428 440 679 693
69 380 409 480 703 720 749
203 271 445 452 497 577 754
89 152 271 285 384 567 733
128 232 381 403 445 571 590
17 390 484 653 704 709 767
338 414 419 482 741 757 768
69 156 378 425 547 663 688
43 344 380 485 628 645 702
9 47 177 448 485 513 603
109 221 311 503 594 720 746
45 139 331 368 551 691 728
263 314 330 388 439 582 599
34 45 88 148 443 450 674
193 239 270 292 474 641 684
164 233 323 416 565 715 734
60 76 119 139 194 218 402
32 100 299 300 316 487 726
53 55 176 252 664 707 709
2 44 79 245 447 586 600
61 136 249 281 385 429 601
42 134 279 316 324 423 753
289 382 432 502 659 722 734
55 306 360 497 509 736 753
56 87 371 471 679 687 756
84 245 306 586 674 741 747
381 473 600 613 659 674 769
57 162 279 343 395 660 683
143 286 345 523 540 678 736
167 244 253 289 386 391 487
118 226 292 365 555 565 701
212 239 247 415 459 526 631
11 325 453 528 602 751 768
50 90 261 447 543 651 749
2 187 315 347 542 555 714
14 101 241 512 560 611 679
252 316 434 438 492 630 691
218 263 383 432 532 617 656
124 174 224 424 432 722 762
16 18 61 136 169 182 227
41 50 153 292 301 467 609
67 159 315 359 382 479 589
66 189 190 275 389 471 649
30 104 150 183 340 559 595
4 117 234 449 467 495 744
315 340 410 536 663 664 740
84 108 171 415 649 702 732
19 91 110 220 427 457 615
70 305 419 556 661 669 673
26 362 436 455 634 689 702
397 441 591 633 685 703 763
8 206 288 341 344 408 431
49 142 233 330 476 637 771
73 282 309 340 409 630 645
177 252 262 359 404 622 675
8 168 480 487 620 673 742
130 190 216 236 284 290 539
375 443 452 489 537 712 755
59 61 234 348 411 456 488
37 117 127 138 278 484 701
87 125 162 359 561 664 694
87 321 344 629 721 755 771
107 119 181 189 204 266 412
268 272 360 376 532 600 659
65 98 185 240 272 607 667
318 322 361 453 465 747 771
34 208 285 312 317 336 372
242 300 320 435 627 652 756
0 68 157 172 261 426 630
10 190 198 324 359 564 649
10 113 175 269 358 523 673
247 255 441 481 584 603 611
94 142 365 504 584 673 684
80 102 381 403 416 558 575
58 179 424 441 507 572 651
29 72 248 306 320 419 563
15 220 414 567 577 603 643
54 174 181 189 284 390 546
50 140 379 564 650 660 748
43 202 402 546 553 561 566
59 211 337 345 413 635 652
250 448 531 547 600 629 711
103 226 491 560 610 625 668
67 221 422 431 581 658 748
133 259 325 439 503 613 685
139 201 345 381 606 673 744
2 217 292 473 522 705 767
71 274 459 476 502 701 733
115 208 312 394 573 634 685
3 4 127 188 228 392 444
59 103 175 241 555 606 637
74 124 423 447 632 641 743
112 195 293 388 411 564 648
24 366 380 394 437 513 531
9 15 396 403 629 706 714
50 79 200 204 589 620 694
23 134 246 455 557 663 701
7 41 64 242 405 440 658
216 278 331 348 606 622 749
13 17 39 131 134 236 335
40 337 388 477 594 709 736
28 109 162 197 441 560 690
15 183 279 434 527 717 740
50 90 161 163 184 247 693
154 386 531 579 595 641 676
96 120 151 531 608 653 746
0 7 103 238 411 599 683
16 47 193 220 278 462 501
55 143 322 358 565 699 734
28 57 87 123 129 519 609
119 133 369 385 428 483 591
43 84 293 320 369 663 771
6 69 611 619 717 744 770
93 142 266 271 486 616 719
33 253 286 441 497 765 767
52 353 457 483 518 604 613
31 94 159 326 401 588 589
355 417 490 531 554 639 658
161 326 339 375 480 589 745
63 94 196 322 341 597 636
28 74 232 233 320 348 499
119 239 273 558 677 678 730
45 75 160 248 284 392 556
139 141 257 369 429 470 748
179 291 292 330 334 362 672
19 33 248 304 625 713 730
20 93 184 220 407 462 483
3 149 188 216 361 424 573
217 237 514 522 536 638 744
116 126 127 278 438 663 687
93 251 403 551 602 704 721
24 33 96 243 275 281 466
93 245 249 453 672 673 717
102 192 247 340 366 467 665
59 175 312 340 586 715 759
290 361 450 457 488 510 685
33 225 268 535 599 649 730
234 245 256 366 416 512 771
8 122 336 389 506 552 599
177 321 519 536 608 735 748
25 55 105 175 381 616 628
111 268 290 539 548 619 627
30 180 229 265 270 421 595
27 58 193 508 512 648 680
68 185 188 538 561 628 756
9 92 93 179 216 441 554
150 162 365 541 584 600 685
188 300 363 525 566 686 704
35 370 406 518 532 538 608
210 265 345 398 444 643 718
194 258 296 600 637 638 672
211 255 277 379 405 535 629
85 207 289 325 496 573 755
56 66 224 528 686 722 732
179 232 246 400 404 464 533
117 152 255 258 375 696 733
8 57 121 266 481 647 712
22 91 102 134 303 358 700
250 366 383 618 620 709 754
100 296 425 670 688 712 771
142 187 273 328 494 555 615
115 147 219 391 427 438 454
73 150 184 231 526 642 643
101 119 181 383 499 522 676
37 121 202 330 376 459 589
95 174 456 636 661 716 725
87 112 116 252 322 371 478
324 365 498 611 656 676 680
79 84 398 465 530 536 559
8 151 328 342 381 677 767
1 294 311 319 335 657 740
25 70 160 211 212 458 574
76 206 328 482 581 658 757
196 203 330 578 620 720 751
51 88 107 214 289 691 696
65 349 557 640 694 720 767
33 320 355 523 528 592 745
71 484 546 573 577 689 769
36 163 208 225 384 427 489
114 188 210 391 401 637 644
270 434 544 546 615 662 708
12 64 166 573 649 652 697
27 65 155 516 526 606 717
315 319 345 367 431 500 669
80 85 169 215 374 660 770
78 171 271 575 597 630 755
58 142 371 454 460 504 660
126 180 272 448 573 672 679
112 164 214 256 491 595 703
182 252 281 325 333 553 680
102 141 567 577 608 663 687
39 119 232 313 458 499 593
8 40 71 248 287 337 486
15 84 176 687 690 701 772
97 192 196 347 557 567 575
75 189 235 546 592 622 765
28 47 84 203 228 472 574
175 228 258 279 430 438 624
76 121 401 485 486 595 710
159 204 222 327 356 452 474
73 79 312 320 435 585 611
63 73 105 348 614 722 753
52 90 191 228 321 677 760
100 204 236 391 429 638 657
66 340 421 527 624 660 745
79 128 171 405 612 669 692
71 98 115 175 530 564 686
55 310 452 508 526 650 679
148 158 359 422 436 639 719
58 63 331 332 680 690 741
132 153 199 344 454 490 739
13 144 167 183 437 470 516
49 86 164 276 354 647 704
94 104 229 313 418 508 678
96 294 298 502 540 747 761
27 166 218 376 396 434 565
47 134 304 306 499 735 759
178 179 257 362 671 731 769
220 436 564 604 631 661 674
33 50 233 531 534 698 733
39 113 180 385 431 549 589
257 331 398 404 499 576 710
78 162 230 260 500 525 646
18 33 80 95 164 394 504
126 170 281 503 679 721 751
123 435 451 586 642 667 727
27 172 384 402 490 689 745
36 260 402 526 567 609 666
26 171 203 248 278 413 418
28 120 403 442 605 696 757
13 64 92 167 255 405 512
22 222 223 500 515 520 721
45 181 194 413 444 665 723
62 274 305 310 358 594 760
35 109 203 340 362 495 742
53 305 320 418 474 505 603
12 35 61 387 412 624 770
0 65 118 237 340 387 738
356 465 617 628 718 758 770
142 147 340 553 639 650 664
230 430 568 665 690 706 743
82 108 126 158 193 451 465
164 205 334 379 483 517 555
32 295 299 489 510 649 754
129 212 227 330 396 504 706
86 240 315 348 436 599 739
81 318 468 479 490 567 690
208 227 231 285 300 384 544
73 282 372 390 455 663 737
10 19 210 318 491 633 702
18 106 115 198 269 369 672
222 252 391 447 468 618 740
186 195 202 532 614 630 635
148 283 290 521 527 539 598
42 79 98 225 480 528 741
250 294 401 512 530 624 743
172 186 332 460 550 553 726
105 107 194 290 359 489 763
43 246 249 283 321 593 666
50 233 407 474 497 523 734
87 98 137 159 477 505 709
169 218 319 342 566 617 735
72 292 306 606 646 658 710
134 179 252 384 508 527 685
10 28 49 353 431 525 662
96 138 559 592 640 654 697
141 245 366 626 647 660 734
97 104 265 390 394 401 671
29 164 215 311 422 564 670
67 84 210 249 374 600 634
44 74 89 95 251 362 525
14 42 143 171 211 231 383
48 98 177 354 367 571 732
94 266 302 387 412 418 641
30 101 211 273 333 519 619
35 298 355 484 605 617 737
199 399 497 551 605 630 757
28 215 218 378 629 714 724
154 164 171 240 289 360 675
61 244 330 337 434 529 665
94 102 345 401 421 510 561
116 334 468 472 706 740 769
127 134 255 318 651 655 769
37 45 118 125 261 371 706
100 253 301 529 556 566 584
53 60 291 501 591 648 698
11 250 295 351 500 515 551
18 173 188 317 395 567 571
2 66 96 197 269 512 753
137 152 168 205 252 392 676
20 40 53 276 340 420 589
31 345 385 512 553 568 595
48 116 256 297 329 665 768
328 401 403 557 597 603 767
64 111 135 170 335 484 579
68 109 234 377 405 505 645
239 406 411 488 489 493 614
135 187 205 233 588 678 755
45 157 218 250 440 599 653
102 150 226 261 668 747 749
218 347 531 573 635 709 748
35 221 267 306 367 431 484
30 102 407 431 559 569 643
48 127 145 231 261 456 515
30 166 193 363 376 697 750
67 153 174 254 461 551 735
2 33 57 70 174 621 722
56 84 214 305 399 715 734
25 219 272 344 392 526 611
21 148 208 286 477 612 697
86 256 313 377 485 560 701
167 317 448 487 556 683 759
12 149 385 419 508 581 688
148 313 396 464 468 505 731
94 183 315 327 449 487 721
170 237 299 387 475 584 676
210 406 503 550 621 658 740
195 299 505 516 551 595 752
10 56 288 351 472 525 627
147 153 283 576 626 748 760
41 375 402 424 442 460 722
52 89 130 144 265 618 641
68 364 365 466 508 546 747
252 255 258 295 304 598 600
90 148 250 284 343 481 658
47 93 199 430 463 631 668
9 240 563 641 676 739 757
123 350 579 628 680 684 715
14 135 174 266 355 463 689
32 286 473 536 541 711 742
97 290 356 395 555 593 608
156 309 355 525 578 630 648
2 211 352 373 464 524 626
123 178 214 431 441 700 719
52 184 192 404 675 704 734
93 195 206 243 503 751 762
74 166 427 488 528 559 662
0 209 237 370 673 702 705
27 71 91 147 421 443 544
195 302 379 385 474 573 599
85 159 380 598 639 645 748
64 249 614 692 701 704 759
238 247 251 336 395 467 508
54 144 302 533 538 573 714
122 125 144 153 303 466 566
156 286 458 481 509 536 693
378 400 430 468 491 536 540
280 292 517 563 616 626 757
45 55 63 140 275 451 624
175 257 347 365 519 682 699
22 235 334 435 518 593 667
98 147 150 217 219 246 283
39 173 175 238 290 704 763
76 273 297 311 609 626 694
3 171 227 402 621 676 695
103 261 262 308 357 461 657
88 115 364 456 559 662 686
0 198 285 297 352 587 689
22 59 127 248 327 439 528
116 193 233 266 278 355 483
330 391 448 585 635 719 734
160 254 347 402 555 624 671
74 181 267 300 525 634 697
1 47 110 143 444 568 674
46 165 173 378 521 557 701
28 138 326 429 638 685 711
140 156 170 275 374 611 701
96 125 291 355 382 670 737
68 191 363 375 450 620 704
60 147 308 354 596 704 721
3 82 116 403 591 728 742
72 155 328 353 536 692 720
55 182 296 531 552 674 683
71 106 296 325 404 415 532
1 115 436 472 551 555 710
137 287 340 401 600 627 731
16 72 153 204 217 477 485
131 147 214 470 489 572 723
188 252 315 383 533 576 765
432 621 649 677 712 729 733
68 459 484 599 616 649 698
144 250 275 498 508 529 613
11 96 100 183 197 248 713
73 327 332 398 428 474 681
34 43 208 221 279 592 754
2 166 293 404 704 742 763
121 178 210 233 303 343 548
56 107 150 313 484 585 737
54 82 122 175 283 463 528
72 309 471 534 595 678 695
66 407 480 538 646 699 723
38 201 248 414 554 651 655
95 232 251 269 274 420 563
36 160 432 469 508 580 732
4 11 38 122 326 552 725
89 294 453 457 611 636 655
16 17 87 96 126 189 686
118 174 182 257 624 710 751
156 272 299 307 468 497 754
35 59 66 84 268 331 728
82 199 219 362 424 575 580
87 130 300 524 536 587 636
218 375 561 566 570 596 719
175 331 376 519 540 683 719
74 135 273 291 300 533 561
53 182 249 262 301 447 705
158 303 344 361 369 514 546
80 217 325 613 717 759 769
100 118 252 342 426 514 551
197 219 340 598 670 672 769
32 146 158 164 414 435 605
184 214 316 339 396 558 623
184 235 290 335 359 582 676
79 97 102 142 287 399 721
130 425 479 553 574 627 767
272 332 358 397 518 661 706
136 240 492 493 571 595 633
262 288 439 504 560 710 713
21 90 325 543 609 660 695
109 230 330 500 656 733 734
35 275 366 534 641 687 735
118 193 293 460 531 659 729
74 169 263 431 636 682 702
169 186 233 298 342 607 666
61 207 267 348 689 698 765
63 85 142 282 363 520 758
215 380 511 543 566 686 758
63 70 150 266 423 520 670
89 216 229 264 426 650 760
50 292 380 382 617 633 650
5 147 266 273 401 635 756
92 336 354 368 453 630 772
35 290 487 511 600 645 745
229 308 358 395 408 512 701
6 346 490 557 664 751 759
217 257 379 399 429 487 631
247 343 426 445 456 533 702
8 237 277 415 490 559 653
154 169 190 355 428 490 526
235 238 244 325 441 475 531
47 56 58 137 262 458 713
47 101 184 339 493 510 539
15 101 200 329 408 616 688
14 164 230 317 521 561 625
64 186 245 389 448 566 694
