67 203 423 428 609 638
65 297 335 422 460 645
34 93 102 346 523 527
77 218 302 459 706 720
57 178 293 529 617 668
125 241 407 456 752 760
66 144 213 288 526 734
16 69 355 388 503 760
13 207 366 586 700 751
19 586 625 642 660 696
120 209 215 235 360 605
96 115 125 181 497 620
59 82 150 154 428 572
50 178 207 313 344 543
141 442 618 642 663 741
286 335 364 635 650 706
67 181 265 466 548 696
42 166 269 563 621 669
181 441 541 626 704 715
92 317 490 542 626 747
122 295 475 688 720 747
23 92 263 363 430 461
152 225 246 327 376 633
38 121 149 408 472 681
51 384 396 502 716 772
128 371 394 488 562 621
3 309 529 565 667 725
232 267 273 517 538 549
3 234 497 503 551 723
323 399 468 518 706 770
54 210 493 553 605 745
83 101 175 497 617 687
15 31 89 258 498 503
12 24 367 404 649 770
60 79 260 292 457 655
48 274 303 322 358 572
149 244 376 382 428 603
27 78 154 235 634 656
16 56 230 374 608 613
69 344 462 641 670 676
11 75 332 431 672 677
276 283 402 527 673 731
50 122 218 219 530 557
11 65 161 248 254 524
198 235 381 470 578 598
59 103 116 381 461 587
124 242 254 305 378 745
111 115 134 385 589 712
21 57 296 495 541 617
125 136 230 473 576 637
127 242 243 263 517 764
10 184 194 531 589 714
80 240 438 641 673 736
264 412 495 527 536 668
85 163 312 467 620 646
96 198 200 348 495 547
258 451 492 553 597 713
18 81 165 483 572 670
264 409 468 543 651 655
76 105 333 523 570 574
64 228 266 353 393 482
27 88 287 337 344 734
452 517 558 566 676 707
3 512 585 640 703 763
94 119 387 480 510 522
360 463 538 583 639 771
170 188 343 504 637 684
31 76 104 187 307 735
113 166 417 457 549 728
190 235 323 402 451 618
35 165 316 372 619 676
19 303 538 576 674 689
17 71 137 389 539 615
44 143 567 604 610 732
201 395 401 434 540 628
68 242 338 530 637 733
2 78 139 248 630 723
203 284 413 683 754 764
23 114 322 424 507 650
136 421 558 626 767 771
171 238 374 658 667 739
181 318 364 515 598 638
50 141 409 602 621 724
49 137 201 232 532 690
66 196 217 319 678 768
160 166 392 562 623 729
62 106 133 199 303 705
54 271 299 433 516 572
13 78 93 278 293 612
0 233 376 387 391 683
13 161 244 481 572 635
170 423 444 530 604 751
150 235 268 424 614 687
31 147 154 231 285 606
102 369 390 484 645 735
27 249 271 452 704 761
175 219 228 274 552 721
76 297 300 301 542 679
86 287 557 607 623 737
92 169 280 324 525 742
89 223 422 452 510 555
19 165 448 535 671 697
47 157 363 390 496 508
258 340 432 582 687 761
109 360 400 423 489 702
63 393 486 570 592 689
84 211 299 599 613 689
15 122 242 305 360 494
70 302 582 636 652 712
6 299 394 615 736 766
15 68 179 214 411 531
42 360 475 531 578 734
79 505 550 639 716 729
47 105 108 253 383 473
35 105 236 241 287 628
76 252 257 396 541 625
86 239 263 371 396 681
289 347 628 684 689 697
202 241 442 493 609 670
31 278 372 490 546 561
126 154 375 382 420 612
405 554 605 609 662 714
3 122 138 312 469 561
20 154 167 467 602 630
9 21 24 206 251 599
168 193 240 352 496 572
93 145 158 397 717 745
126 190 305 309 358 754
23 88 208 420 585 699
116 191 198 313 482 650
32 246 305 549 580 629
5 68 361 426 430 644
17 158 215 313 457 561
44 151 593 598 660 676
192 411 606 636 645 680
33 72 221 456 535 624
92 102 201 339 467 533
23 105 158 220 587 677
18 139 433 489 539 667
54 417 461 677 700 761
59 129 136 152 488 664
239 242 297 599 660 668
2 50 77 321 518 589
176 319 352 412 500 634
255 313 418 442 452 746
150 283 335 412 461 595
143 308 546 554 711 761
35 404 439 561 575 594
68 121 175 337 440 555
61 191 605 699 700 721
49 141 283 551 719 756
130 191 484 601 696 744
297 383 425 461 545 629
50 69 269 560 578 602
66 83 206 222 655 750
16 130 144 500 711 750
14 88 123 325 345 467
138 274 461 528 591 657
76 349 380 455 591 731
30 176 345 406 485 641
56 113 135 512 519 603
98 224 468 584 659 674
15 55 158 312 389 668
0 66 137 198 312 515
21 217 528 690 733 735
144 328 510 603 715 719
254 384 595 661 671 705
200 278 366 462 483 726
43 208 270 481 515 729
64 120 428 555 588 646
50 128 297 404 567 614
388 406 570 596 695 739
100 212 271 365 500 537
90 100 197 219 522 555
86 482 489 704 715 772
4 162 172 197 505 618
68 74 136 275 332 765
140 246 298 543 629 707
166 172 173 324 577 665
207 314 425 455 750 771
5 26 336 441 447 507
38 299 371 596 603 625
225 254 323 453 509 555
31 104 378 397 618 647
287 342 463 602 651 749
76 131 219 360 621 712
216 220 270 311 423 538
27 269 362 537 614 740
2 101 280 294 486 499
352 382 607 623 640 745
103 426 486 530 737 747
42 60 164 195 212 276
330 427 549 644 648 713
27 127 446 662 700 712
55 69 156 477 603 673
352 436 529 551 617 655
114 360 614 656 705 726
22 135 241 306 582 759
76 149 182 196 314 471
37 160 206 238 356 362
194 205 243 283 305 726
86 295 346 407 603 622
104 152 267 351 668 765
164 207 208 384 477 594
126 129 231 551 617 746
95 257 304 633 643 767
5 212 227 413 545 583
276 309 374 429 437 748
11 175 313 531 576 672
136 181 301 337 440 653
77 190 413 441 473 707
24 245 274 348 356 498
138 204 226 282 517 639
429 466 591 693 763 772
89 241 435 452 758 771
130 257 400 572 656 732
239 269 306 392 431 517
403 475 504 535 619 698
63 77 123 192 207 674
33 101 439 521 542 683
48 157 163 259 486 514
47 92 115 210 267 590
87 223 259 423 528 696
105 121 275 371 462 676
24 183 347 378 672 747
102 103 239 265 682 766
225 464 492 520 567 772
183 185 203 372 557 591
180 188 260 386 698 768
13 75 153 260 286 663
141 441 534 546 645 648
175 176 368 441 684 763
161 163 490 520 557 742
23 137 242 261 540 640
139 276 301 304 509 702
91 190 427 575 620 696
5 186 318 574 620 649
17 235 277 519 605 665
51 396 490 503 546 736
28 161 239 451 738 741
246 352 374 426 613 728
177 269 301 498 571 741
268 290 451 455 584 620
13 81 111 239 641 717
156 232 242 384 540 704
108 266 436 465 469 607
142 484 519 529 653 726
41 71 355 373 419 456
127 449 502 530 609 693
138 140 157 175 485 500
44 56 89 439 539 767
91 185 247 427 547 692
13 125 165 517 618 688
104 169 555 567 642 651
122 156 393 437 554 593
234 416 460 604 674 767
143 249 271 374 408 522
208 336 400 647 701 753
50 172 306 368 491 763
210 223 290 298 363 436
169 215 284 452 517 689
92 128 160 352 547 766
10 114 194 210 358 695
152 252 294 305 544 609
293 434 555 596 617 624
18 417 425 480 486 611
147 161 221 466 708 740
9 20 135 382 490 657
120 244 286 418 625 720
0 94 220 234 486 692
183 227 408 444 507 537
77 272 394 564 644 645
163 353 366 599 630 662
110 205 276 355 459 639
2 116 261 383 471 719
124 342 412 590 619 748
91 319 350 604 647 723
281 442 607 616 657 677
77 221 346 533 648 727
22 187 475 542 616 713
56 82 263 421 469 571
95 109 174 434 615 737
25 85 315 375 594 608
192 470 605 611 663 687
0 204 267 422 554 683
102 189 247 266 366 507
186 239 444 485 492 695
41 139 294 339 622 734
31 240 315 467 752 765
113 147 579 732 736 756
17 180 183 228 629 711
69 88 121 182 235 642
107 142 431 457 524 682
44 179 336 379 611 696
266 426 524 595 616 664
42 101 183 188 460 757
22 96 294 347 373 723
59 144 160 284 368 721
108 135 138 171 315 396
193 224 321 587 631 738
179 211 289 446 504 755
120 296 371 426 595 682
136 260 296 498 572 588
285 402 405 427 527 570
12 58 106 128 187 470
241 339 448 475 525 602
105 306 442 589 610 731
13 40 96 183 371 670
19 68 429 631 709 717
38 216 255 321 528 547
108 245 496 586 627 728
63 202 205 372 388 751
64 265 325 519 611 665
109 241 281 333 337 642
14 148 391 523 541 726
136 365 374 582 676 713
53 74 77 722 740 771
46 85 326 505 585 644
38 80 127 229 356 522
42 146 228 585 644 757
288 299 331 397 511 605
333 375 470 493 657 698
31 43 184 254 334 388
10 57 64 469 508 657
3 139 312 464 502 558
0 226 307 311 569 607
39 117 198 261 267 568
63 177 288 348 366 449
176 201 302 362 478 579
125 247 282 362 629 653
10 64 116 255 336 572
70 119 471 498 537 727
11 57 248 411 507 663
101 431 547 568 673 755
118 171 268 361 588 599
36 46 369 370 381 641
9 72 120 262 670 729
128 318 334 437 508 750
168 241 341 373 736 759
260 271 338 426 532 752
126 153 310 348 515 733
92 394 456 519 597 693
86 88 151 160 472 681
153 239 289 413 539 605
130 240 340 545 555 640
163 271 312 479 591 734
228 404 458 614 628 754
145 153 437 477 570 755
34 66 114 595 703 756
194 297 629 634 651 691
291 340 421 428 618 661
13 36 313 465 675 751
16 44 235 428 599 686
129 295 514 541 652 672
62 241 261 415 505 514
2 11 52 120 443 765
324 337 348 743 764 766
101 118 512 514 532 720
139 276 558 595 691 707
97 154 176 372 441 455
125 133 168 202 505 609
405 417 428 509 658 672
37 228 382 440 483 561
174 217 273 411 456 494
3 154 187 248 385 577
86 214 406 632 649 723
94 208 215 252 276 345
29 107 230 338 431 459
23 45 90 143 239 272
115 288 291 366 579 599
48 64 68 114 231 516
19 328 417 461 490 652
15 312 414 524 597 758
13 229 341 494 529 663
335 431 585 608 742 765
222 242 387 514 570 662
167 296 410 520 542 638
185 216 280 591 657 747
230 374 386 525 573 670
195 465 466 645 691 736
264 317 356 508 563 712
50 238 240 246 549 705
71 212 348 580 696 698
107 127 300 615 667 702
157 174 190 467 599 729
137 371 568 617 637 767
12 22 348 568 580 649
56 131 312 334 366 488
29 191 202 311 374 704
53 342 367 436 591 656
84 223 235 527 600 717
189 190 208 313 537 728
17 220 465 490 631 636
302 376 552 658 695 753
333 455 474 538 568 665
22 77 120 201 294 438
60 90 387 544 711 756
0 124 302 487 571 772
93 371 521 575 617 643
41 156 182 369 599 754
280 366 399 529 676 747
60 179 246 421 691 749
69 127 159 430 527 615
140 296 334 460 610 744
290 397 403 425 515 719
214 262 265 294 357 639
73 125 157 281 502 749
156 240 245 637 688 710
86 290 386 390 618 723
138 422 457 467 486 728
169 207 249 268 399 689
449 507 524 640 723 725
384 535 617 625 648 729
174 272 633 635 646 745
67 316 512 649 693 746
160 188 242 248 421 471
61 232 245 424 607 771
429 433 563 639 731 765
23 62 70 138 157 377
31 242 448 484 549 591
129 206 511 553 574 616
255 416 543 683 685 758
65 104 121 145 446 644
4 162 315 521 535 661
83 120 232 390 564 693
59 273 343 459 507 727
85 237 278 473 530 616
37 105 201 320 340 490
225 280 374 424 656 703
12 188 208 262 522 630
280 405 516 539 680 755
155 157 419 528 738 748
59 159 181 264 557 564
4 166 194 525 638 650
139 189 262 345 485 724
141 260 520 582 615 735
60 104 111 120 260 590
34 131 173 439 516 754
29 194 320 384 418 762
252 404 581 639 647 731
26 112 325 392 613 628
295 321 592 612 729 743
173 183 333 377 431 597
57 72 286 358 364 569
285 309 586 599 653 675
24 62 168 307 620 675
113 380 477 564 705 739
11 52 86 295 332 540
87 140 239 246 437 621
110 140 206 477 545 676
403 457 507 644 698 720
27 65 221 365 535 753
21 118 292 299 401 531
85 108 237 312 414 531
174 329 600 710 760 762
27 35 288 559 658 758
349 461 474 488 548 694
55 402 547 738 740 754
24 33 284 429 587 762
244 269 363 571 708 764
313 474 594 711 756 762
16 68 318 406 553 673
209 243 285 469 492 524
118 385 438 556 716 751
44 168 349 411 535 551
8 120 242 391 495 692
336 349 555 563 643 751
6 163 170 329 450 699
48 103 113 179 218 679
71 105 383 455 646 761
35 93 172 187 255 728
140 156 185 456 466 632
28 36 56 130 358 657
135 395 438 467 584 698
88 145 275 277 528 696
215 232 272 371 514 561
9 13 118 219 376 459
122 370 456 588 630 669
1 314 387 485 509 595
48 166 329 579 643 701
6 326 403 519 548 716
61 174 181 225 458 587
111 221 465 505 647 667
74 131 301 367 556 756
200 255 436 489 548 701
210 420 484 511 517 640
172 215 443 453 585 646
20 322 659 667 702 743
187 278 559 671 755 759
148 165 261 430 460 553
226 320 330 364 475 719
258 403 405 665 749 751
29 81 97 131 189 693
267 346 387 410 526 716
32 269 460 642 690 727
106 358 378 586 619 770
72 319 392 531 534 755
362 524 579 649 680 752
42 66 69 557 608 676
42 330 616 678 732 770
37 77 106 468 646 662
17 228 237 356 639 742
40 84 233 456 517 667
324 331 418 530 535 541
7 122 350 352 535 607
19 289 507 577 626 716
3 174 201 231 368 737
45 47 131 295 473 708
372 384 386 669 747 764
41 61 316 317 427 477
5 43 236 429 642 704
272 334 336 457 465 698
100 204 243 291 341 398
44 150 192 344 389 559
2 47 130 180 397 748
90 230 325 371 455 629
113 238 241 462 725 750
119 283 389 398 462 620
9 33 301 398 426 719
171 186 332 474 626 737
45 62 191 454 472 508
55 78 102 111 120 675
8 392 409 670 729 734
244 334 460 591 617 661
23 140 214 221 276 605
89 157 174 318 665 716
49 295 346 491 575 615
160 223 247 351 372 712
7 104 566 633 733 762
36 49 123 254 302 769
27 370 445 498 729 763
24 83 276 325 400 549
165 227 468 530 532 673
42 226 307 459 578 744
230 418 563 601 676 737
48 87 249 255 541 558
51 96 149 268 320 340
170 210 307 323 445 761
95 213 496 631 672 693
102 492 564 583 622 625
81 359 645 694 742 755
76 235 445 450 608 751
111 273 456 647 686 769
44 322 347 483 528 761
54 127 161 224 235 538
70 145 252 313 360 450
75 129 460 690 693 747
139 332 474 531 612 640
253 399 447 619 706 715
116 240 355 398 468 646
473 486 503 524 745 762
148 169 213 289 524 666
278 370 387 450 451 752
32 221 487 662 665 715
35 313 339 419 645 649
5 148 149 295 422 674
81 468 524 554 721 727
3 115 202 382 401 769
186 228 251 445 491 683
129 262 394 405 456 730
29 175 422 621 627 761
50 103 131 132 599 618
77 170 379 480 620 713
245 284 316 465 737 746
112 208 234 451 678 770
72 182 339 396 492 632
15 94 144 241 249 648
35 74 75 309 389 498
37 83 126 230 541 671
188 202 249 251 367 712
41 204 255 325 712 770
53 99 322 501 602 720
169 178 229 285 600 753
160 178 274 353 536 657
205 352 458 478 487 557
52 178 254 304 440 450
41 267 324 343 352 421
96 171 172 217 409 757
25 121 177 297 444 542
143 185 340 676 704 714
174 238 422 451 464 666
33 107 416 506 535 654
134 139 197 537 604 626
29 31 98 212 256 763
61 117 322 426 689 752
107 191 438 461 469 593
13 58 82 185 432 724
20 71 181 635 759 772
181 277 378 695 752 758
27 56 240 537 729 766
116 251 293 395 517 739
76 124 300 428 715 737
16 103 334 539 599 750
80 160 224 420 651 764
10 256 280 303 383 647
77 100 247 459 463 761
11 41 139 184 192 738
77 112 254 336 434 527
15 160 253 308 325 683
156 180 450 637 697 700
30 37 87 557 566 688
40 113 115 502 611 637
16 146 440 477 651 668
23 159 166 353 384 593
106 244 357 495 585 745
130 136 180 195 361 404
75 235 250 407 569 733
245 342 526 531 571 594
60 322 461 465 546 588
67 205 269 321 570 653
77 95 404 467 486 713
70 195 478 514 520 694
269 288 538 638 709 743
130 521 697 714 723 750
146 188 207 333 501 762
75 112 171 217 597 713
200 308 357 405 415 540
52 179 183 242 369 425
12 226 389 398 453 490
101 145 252 434 437 616
397 446 470 505 581 615
34 138 156 209 264 668
72 105 139 170 662 719
29 60 255 521 556 633
125 312 354 408 690 739
31 93 306 425 657 749
22 138 233 267 356 706
37 89 165 409 599 624
530 548 566 637 653 733
269 326 411 500 614 757
123 168 242 350 356 486
240 388 428 439 510 657
1 82 123 228 366 410
48 72 123 158 303 491
256 364 403 491 525 758
45 86 146 277 438 712
261 340 378 471 474 523
56 99 535 613 701 740
12 198 333 507 623 738
355 399 630 660 711 741
137 182 403 413 636 694
376 389 543 590 617 688
166 348 432 468 597 738
31 75 482 504 507 538
31 66 107 239 395 575
80 191 229 541 563 647
143 180 206 213 342 486
94 509 512 547 553 727
42 224 317 385 621 748
97 304 325 542 633 703
225 339 378 496 674 762
54 126 402 425 589 629
14 64 111 138 420 688
117 317 393 464 648 769
118 121 146 246 659 749
102 249 402 523 729 771
140 243 347 591 656 724
131 290 356 387 501 577
42 67 265 312 419 643
117 129 194 261 454 767
50 125 226 431 641 685
3 204 292 504 524 756
8 161 163 325 446 661
157 252 329 563 603 659
34 202 234 431 502 649
100 104 243 339 548 736
206 302 467 509 596 694
279 331 419 431 455 477
64 328 474 501 692 709
252 281 362 471 636 747
126 296 348 359 445 477
15 45 379 490 759 766
58 75 341 396 411 750
144 287 359 538 638 655
156 186 237 345 395 760
77 219 397 681 735 756
27 320 379 412 547 678
8 26 134 143 333 534
123 214 373 476 501 757
65 86 175 205 402 714
33 222 227 423 568 600
68 265 291 563 619 649
175 267 286 413 523 541
10 119 259 344 622 763
243 337 515 537 663 746
301 345 508 560 620 641
21 29 117 360 647 749
0 109 171 269 295 392
38 50 98 451 724 746
291 364 398 475 609 758
23 207 237 279 291 612
38 306 458 498 520 526
79 184 302 524 655 689
140 217 222 438 608 739
153 156 265 408 447 671
73 166 334 413 599 606
205 333 456 679 733 766
143 289 419 457 589 601
118 280 292 298 628 742
47 334 350 360 405 524
37 48 213 248 615 626
221 346 378 499 737 749
70 127 160 310 454 609
59 81 411 584 615 678
132 183 195 358 417 524
28 213 267 284 354 438
36 298 670 684 689 703
153 502 595 613 625 726
20 93 116 304 631 653
119 467 476 537 589 701
289 294 301 383 476 717
98 161 484 594 606 651
8 233 323 485 673 729
78 197 204 409 447 734
32 53 143 420 537 715
28 62 171 265 355 657
32 41 58 192 570 756
218 228 341 472 608 727
71 242 244 361 464 465
11 45 449 536 716 722
276 307 544 545 555 700
106 120 233 239 346 453
211 245 281 378 399 473
11 26 476 687 748 764
167 350 499 539 619 694
269 305 324 399 573 631
16 199 403 519 558 596
275 350 357 385 397 600
107 120 170 303 307 409
78 94 341 371 436 741
299 503 593 628 688 696
26 150 245 317 658 769
36 148 352 445 684 743
224 338 351 411 634 735
140 355 470 636 658 700
114 216 327 429 448 615
1 57 313 319 578 590
0 96 177 217 487 495
202 230 516 661 729 735
114 138 246 393 559 745
128 420 501 678 689 754
91 146 266 634 635 732
121 166 231 258 551 574
286 551 612 642 758 766
55 154 173 287 322 499
84 243 581 584 589 745
287 451 506 600 601 666
224 419 512 632 637 711
59 326 392 481 625 732
170 220 522 635 638 732
346 370 409 534 675 763
80 257 431 494 569 651
196 279 317 507 706 728
71 564 610 696 736 771
164 200 348 547 551 561
71 122 155 169 524 677
243 271 299 420 529 556
28 177 234 580 596 746
71 112 125 581 673 771
19 240 277 448 518 672
138 143 172 333 594 725
61 135 235 306 311 652
161 457 605 663 730 734
34 217 232 314 466 749
49 240 501 706 709 760
71 122 169 201 232 541
122 291 321 521 576 759
127 256 330 357 369 754
59 413 560 561 654 708
315 440 455 484 647 739
20 97 434 604 637 738
26 61 258 468 580 717
199 618 691 714 746 752
22 211 295 302 493 661
0 89 178 195 465 604
71 195 454 474 639 725
322 380 397 416 449 584
12 23 55 443 448 534
31 93 445 522 638 682
225 230 270 299 415 555
272 528 531 656 657 669
43 75 269 317 357 662
318 346 383 408 452 571
276 304 458 509 557 722
2 7 225 315 592 707
168 198 281 336 395 438
91 147 382 458 483 574
185 214 352 488 544 560
156 197 307 309 413 718
59 127 156 282 327 513
19 67 323 369 574 736
79 196 291 392 635 753
83 176 365 409 652 670
17 117 421 444 501 660
285 307 310 327 349 701
108 308 369 531 603 629
433 435 466 524 740 762
161 288 316 347 359 626
322 415 421 550 585 716
445 479 493 500 539 593
24 383 425 522 556 760
186 461 481 506 710 712
1 67 74 84 361 435
176 179 233 268 736 761
14 95 96 412 503 754
64 236 332 435 458 757
79 81 109 191 479 692
136 222 497 504 591 600
135 151 359 398 401 526
187 273 276 397 416 617
18 136 256 389 543 558
64 93 371 481 484 543
49 241 303 409 486 512
16 82 93 162 532 604
217 256 310 464 648 704
123 276 304 448 485 591
102 146 164 342 588 623
52 87 218 240 270 632
97 124 240 318 391 455
175 178 209 556 620 688
35 188 256 298 540 667
21 36 56 488 540 575
162 180 222 496 627 688
198 288 308 451 477 765
126 156 374 681 757 766
57 91 92 233 400 463
43 116 196 303 448 738
48 418 424 641 643 680
61 116 454 457 584 741
45 180 224 241 461 618
70 315 398 562 591 608
11 127 295 300 663 726
232 349 446 574 584 721
93 308 396 492 536 585
31 102 198 256 356 421
129 332 434 618 650 732
114 460 512 527 678 744
32 343 363 387 563 636
11 114 214 392 493 597
108 371 627 628 691 703
457 497 550 660 715 760
14 48 165 430 495 689
299 371 385 428 447 509
17 33 71 373 467 611
23 39 64 136 394 665
24 173 673 692 743 744
114 121 163 204 315 610
205 224 301 467 697 700
223 246 301 440 639 648
6 244 371 569 585 768
194 374 476 558 576 641
149 290 484 513 519 659
133 269 286 517 597 661
203 364 378 429 715 742
106 138 170 374 622 709
35 39 173 406 473 548
123 247 350 376 544 604
9 191 250 269 316 585
103 155 214 275 589 716
111 233 333 581 601 709
78 338 424 475 593 603
76 361 391 568 600 676
32 426 463 524 616 707
166 222 255 440 540 613
18 79 155 292 295 482
166 205 370 396 547 682
193 301 443 589 681 764
312 336 527 531 677 728
36 59 228 270 388 460
92 185 273 360 449 568
132 157 271 344 629 646
156 237 264 266 305 752
162 416 546 590 618 640
354 410 487 567 676 758
25 34 89 307 552 746
110 281 450 457 471 555
108 146 336 410 532 610
128 189 236 379 545 621
10 284 306 388 560 561
126 288 381 449 483 671
55 405 513 652 687 690
290 329 396 455 560 718
303 304 401 490 666 699
8 95 154 343 448 556
111 225 456 492 643 769
216 257 406 702 725 727
76 369 374 412 636 710
20 110 127 244 700 724
52 154 239 472 481 518
97 182 405 420 500 633
112 187 314 361 397 611
11 39 209 270 516 616
234 347 486 529 587 757
62 262 409 470 681 719
43 272 288 381 584 624
73 95 306 316 327 368
33 472 531 658 710 734
17 255 384 446 522 670
57 211 324 489 671 772
157 187 333 519 652 751
169 195 240 332 589 724
120 269 489 490 623 715
3 7 85 120 129 476
430 467 516 598 615 719
24 126 310 658 740 744
62 238 273 520 633 658
141 249 327 348 674 683
176 522 531 612 705 768
1 582 632 721 727 750
119 372 436 508 610 756
313 452 455 566 739 756
14 197 243 306 414 556
81 536 599 659 712 767
153 402 423 527 546 767
237 248 268 421 510 562
123 537 610 677 678 764
17 176 236 262 310 746
37 179 261 320 468 518
118 366 373 643 694 706
76 100 364 507 587 647
33 232 263 727 745 753
4 80 557 675 683 713
33 35 121 126 282 750
24 46 272 423 584 718
105 236 311 533 665 741
1 45 50 230 524 557
80 192 371 374 400 435
75 150 157 483 651 728
30 31 108 139 241 766
141 270 451 623 679 765
34 246 330 335 554 685
144 301 339 475 480 488
258 337 506 593 597 656
14 332 393 501 617 688
176 507 545 574 666 702
75 112 151 230 601 656
175 340 462 476 499 524
13 281 514 515 596 655
22 63 116 147 244 677
21 89 113 119 635 708
257 272 376 471 476 686
43 141 276 327 433 634
222 370 451 497 541 721
44 80 292 341 522 525
9 171 209 432 707 769
76 92 213 319 404 707
97 106 144 392 504 706
130 338 385 446 447 469
187 216 222 373 425 447
77 233 324 348 525 538
66 115 118 284 468 626
262 303 529 608 630 695
136 277 290 349 367 607
181 332 363 470 556 761
396 522 605 694 709 727
148 347 420 528 566 644
198 361 371 404 515 633
114 121 302 315 319 568
59 215 279 332 478 739
115 233 259 299 374 549
31 445 512 523 559 768
81 225 283 302 532 688
336 478 552 597 683 712
229 234 454 628 631 762
5 212 492 645 710 713
111 131 285 346 445 572
71 218 223 715 726 737
69 249 337 354 495 702
6 311 334 465 611 658
225 240 242 290 452 755
208 249 382 417 717 751
233 278 403 514 526 577
18 86 132 277 364 605
86 357 444 447 541 738
104 148 210 224 338 448
375 415 502 586 616 766
25 428 456 607 616 618
245 280 603 625 648 722
16 118 382 541 652 694
233 390 447 578 580 704
28 136 458 560 610 733
78 208 299 485 679 694
123 211 268 353 372 600
231 240 319 324 611 644
156 334 393 418 547 718
173 192 223 467 682 701
341 364 440 569 595 648
287 357 566 674 696 701
21 99 134 164 251 726
31 206 247 359 377 404
61 195 336 460 538 683
91 195 237 371 559 671
17 273 401 453 484 662
196 281 329 423 521 715
49 234 241 253 301 471
282 387 462 534 547 726
158 179 182 384 517 687
96 124 148 437 496 558
135 288 345 347 579 707
39 64 428 465 554 644
