457 485 588
366 537 613
216 333 539
311 644 729
362 443 641
267 399 537
82 270 439
43 360 708
241 469 677
123 530 757
179 232 532
137 296 375
255 431 660
454 623 699
2 119 172
93 197 206
564 637 682
173 298 443
110 560 662
273 474 572
208 611 714
145 311 764
45 533 670
254 438 525
246 287 641
96 236 378
339 479 692
43 148 330
51 563 726
433 621 633
128 455 723
123 325 439
143 150 307
118 623 767
284 424 656
115 239 448
38 113 381
330 440 681
222 470 534
266 616 731
124 708 756
326 338 649
290 488 752
269 759 769
144 412 721
45 145 541
131 189 705
213 556 626
0 210 659
187 237 600
24 68 478
181 418 761
126 375 674
55 245 661
167 354 520
75 265 268
120 147 651
138 220 275
225 387 488
61 311 393
108 192 720
56 401 746
394 396 619
353 493 514
33 335 634
60 314 505
95 219 743
386 501 645
136 638 647
196 471 591
52 341 716
96 153 622
376 560 635
20 219 387
446 476 688
8 117 755
117 437 562
45 360 707
193 588 720
103 524 768
338 439 527
2 613 706
98 510 678
430 532 579
218 242 371
44 77 79
118 470 741
12 110 385
86 217 312
316 510 770
83 510 558
59 286 614
52 215 491
19 159 751
267 343 404
15 521 555
282 601 700
60 160 183
148 189 267
543 548 746
69 679 744
365 472 679
314 469 567
179 361 754
364 367 579
349 362 425
525 535 671
138 473 729
362 437 657
451 581 755
85 191 686
247 630 716
139 485 634
40 617 767
84 575 635
117 218 668
619 644 647
60 260 447
44 51 397
358 541 694
246 334 450
186 189 591
160 600 700
248 369 387
156 406 505
19 545 738
375 700 712
25 124 350
109 268 567
470 636 749
175 464 488
493 707 718
555 570 680
34 179 352
317 359 475
126 326 414
195 320 664
112 413 415
307 452 471
103 627 689
337 425 485
164 362 402
18 678 752
36 485 763
208 237 759
354 509 545
134 168 712
79 115 372
34 48 405
192 283 557
423 447 638
158 159 728
19 93 705
173 368 555
57 136 318
205 492 654
100 280 435
7 276 600
220 322 504
136 155 725
253 675 710
170 585 631
140 383 737
55 267 514
289 409 479
148 368 526
223 344 407
73 342 601
90 121 369
207 311 353
164 261 425
154 698 757
322 472 724
105 294 316
48 204 687
108 376 453
71 274 733
376 746 763
290 632 694
114 442 769
43 473 705
75 237 690
604 626 682
57 501 590
235 284 326
69 108 674
234 433 487
217 408 679
403 484 499
262 425 710
322 380 764
73 570 652
68 636 640
360 537 629
81 108 118
146 254 582
163 602 709
24 149 591
333 484 624
6 35 425
142 400 759
214 231 708
396 486 703
63 153 353
85 320 587
185 256 585
90 283 465
139 414 455
21 272 317
340 384 458
265 309 450
78 528 649
145 280 359
207 410 459
340 346 669
163 372 392
127 338 689
489 651 669
131 721 735
2 201 720
480 564 635
106 329 424
170 340 512
166 277 342
177 198 425
149 700 738
154 287 439
140 448 547
188 237 334
75 81 189
175 194 535
258 289 333
226 474 655
434 525 674
256 429 603
165 198 409
142 250 319
147 386 719
24 491 733
134 654 753
462 692 740
55 260 611
462 482 514
137 513 518
73 401 677
204 385 559
13 48 62
80 112 142
111 416 583
120 378 434
173 405 497
259 618 737
29 669 681
225 735 750
307 317 675
47 449 513
531 569 661
240 616 710
36 407 533
61 335 542
41 289 417
100 433 477
87 350 615
156 304 615
68 603 703
136 718 756
154 215 675
0 157 430
173 317 444
24 146 368
106 437 699
68 567 759
483 603 645
11 300 417
104 516 598
619 703 706
121 527 595
357 372 624
208 712 735
94 479 719
337 559 741
192 199 763
215 551 590
252 355 479
42 115 136
26 409 620
140 302 375
125 258 596
82 457 576
528 551 625
97 113 718
14 209 432
33 78 160
589 683 761
305 609 768
117 134 246
80 212 681
297 546 651
385 543 687
536 676 712
41 529 656
469 479 709
81 380 674
658 729 769
174 598 615
222 516 769
121 245 378
33 237 485
248 566 728
196 412 593
15 511 558
73 314 557
104 165 760
157 244 681
34 146 646
510 556 753
477 547 616
147 328 719
49 144 586
81 255 404
128 229 408
119 236 733
85 414 679
223 297 720
36 282 461
263 376 394
45 351 436
190 358 531
116 245 395
298 724 772
49 429 759
357 532 666
9 114 497
149 495 735
4 279 467
198 387 709
148 261 469
78 287 651
187 278 631
161 553 673
592 603 656
119 271 429
247 533 756
347 526 671
227 452 771
135 612 683
173 203 709
210 213 527
144 485 666
319 628 708
297 347 707
1 540 770
153 570 612
175 236 343
482 515 678
174 423 694
85 206 622
207 653 688
263 404 547
103 239 563
140 384 568
245 464 574
389 433 646
101 739 768
317 597 772
124 305 710
154 643 721
7 326 430
386 495 686
510 702 770
399 440 648
234 558 675
46 424 627
60 488 701
341 364 733
436 694 728
187 400 591
14 86 443
533 553 715
43 203 363
47 94 171
78 115 708
335 506 521
19 34 434
2 499 541
144 197 520
21 101 685
515 618 703
110 374 404
96 196 667
9 149 728
198 309 634
368 490 492
46 148 551
30 84 382
73 270 768
3 112 732
38 122 484
23 169 768
51 423 617
126 534 650
125 150 479
51 82 727
268 393 607
10 97 379
5 49 446
83 488 675
300 474 739
126 584 725
19 503 509
493 573 677
391 469 653
120 254 712
14 107 765
58 156 622
301 531 651
59 385 501
85 368 384
56 127 394
16 359 655
82 161 644
605 701 747
82 178 232
141 519 627
458 683 756
106 587 599
338 375 427
288 526 611
426 552 630
21 303 750
21 249 372
199 208 598
282 669 678
473 560 760
227 376 601
25 135 199
379 402 676
198 465 637
121 247 638
195 387 760
373 663 666
50 120 386
172 276 325
336 562 638
116 233 347
443 677 723
109 113 326
301 411 644
365 570 670
54 108 681
225 370 478
101 179 758
587 614 702
104 411 726
182 208 703
39 110 491
579 727 746
230 384 475
128 257 748
139 497 553
156 404 762
245 367 438
381 431 481
595 608 678
531 581 668
65 457 473
273 286 596
125 437 673
201 363 740
276 301 532
130 239 652
33 284 753
236 427 495
70 243 441
193 456 573
22 115 442
331 406 508
329 347 564
258 324 343
208 655 699
106 603 653
165 484 755
125 222 402
198 222 223
2 212 285
202 664 748
182 381 454
132 162 669
44 507 565
106 324 615
161 172 509
33 317 703
148 347 537
427 659 679
590 696 720
65 536 724
230 245 483
118 163 674
96 157 394
24 323 352
125 264 486
106 152 341
653 694 730
5 192 696
37 374 444
3 125 690
240 461 585
142 411 444
287 527 645
65 381 410
150 403 629
113 403 579
81 262 725
462 576 632
627 681 704
399 464 634
4 98 527
145 473 595
70 273 642
136 203 299
309 456 624
332 641 657
218 327 604
579 734 770
0 159 411
139 522 727
262 270 491
59 328 407
479 733 758
463 632 752
309 553 577
331 480 598
35 353 428
294 494 651
427 475 755
65 456 565
34 58 482
44 489 545
79 689 768
34 136 316
342 654 765
98 470 666
92 535 550
91 106 411
55 141 667
454 503 704
51 308 753
122 440 703
512 575 742
40 368 517
50 223 278
277 531 602
165 352 530
155 483 517
18 144 361
61 288 707
135 284 482
145 165 378
401 514 671
289 416 433
424 520 545
289 428 772
93 459 625
31 282 553
20 181 423
144 160 576
65 339 360
24 47 717
281 465 474
71 487 562
367 456 497
111 115 422
191 299 378
412 436 758
325 553 599
412 481 551
92 309 337
342 350 725
247 255 316
293 316 748
70 431 433
267 273 315
148 433 436
45 559 608
181 506 627
598 624 680
227 543 592
460 586 761
297 554 612
72 590 622
288 424 557
229 479 656
201 306 488
191 197 740
75 429 579
202 266 569
214 266 591
276 410 650
253 280 358
307 490 607
406 533 772
251 595 716
27 42 450
31 286 466
3 100 133
183 493 516
39 154 432
364 414 590
38 62 495
144 232 513
453 513 633
185 191 745
26 152 194
182 444 754
314 447 507
411 535 727
27 292 537
64 174 467
156 206 325
82 443 739
62 640 737
307 316 586
298 468 509
152 589 629
16 492 544
50 52 293
154 659 727
66 555 770
606 659 761
77 709 738
112 282 313
319 619 680
197 202 327
4 150 402
91 628 695
345 491 733
114 328 538
150 251 356
129 301 468
92 233 321
303 523 669
62 360 748
216 426 450
141 222 304
44 215 737
98 330 364
59 429 652
7 215 531
1 173 352
42 267 654
104 109 347
380 383 604
299 307 627
151 155 610
99 363 618
23 287 654
79 84 599
182 304 572
109 137 563
226 312 516
682 704 739
584 624 695
134 204 525
426 485 597
254 268 552
65 165 629
69 435 742
122 204 713
101 108 629
150 161 506
534 604 712
177 613 640
32 500 745
10 202 718
3 176 645
246 346 562
10 26 259
310 609 701
624 658 735
446 526 658
47 480 767
106 152 393
278 366 572
32 157 502
11 37 342
425 553 730
183 218 726
60 272 525
212 612 769
157 219 401
85 446 546
365 679 737
72 581 644
298 402 686
443 518 562
307 484 558
462 543 595
76 235 297
514 622 663
397 491 755
635 638 639
341 454 478
74 334 371
477 752 761
432 545 636
325 341 427
77 226 388
525 533 687
53 167 255
41 84 528
46 143 339
273 504 671
297 365 620
164 613 651
401 405 622
360 427 565
334 414 457
157 163 363
416 642 663
100 386 503
297 565 604
102 303 694
13 282 589
13 414 511
255 429 576
26 156 450
116 196 739
237 632 666
469 674 763
209 312 588
236 385 556
97 142 639
138 197 701
169 485 555
451 543 561
29 218 486
184 437 561
151 321 687
23 218 483
210 397 753
250 306 756
42 603 733
49 742 756
46 509 532
179 381 752
287 329 755
15 694 696
196 495 592
187 696 718
127 446 661
224 431 687
128 594 711
67 402 450
64 397 663
317 631 759
81 148 249
327 335 701
481 559 662
57 342 656
385 714 743
317 573 737
230 338 351
109 121 490
53 133 698
135 506 741
339 553 679
346 563 708
142 189 620
109 131 630
109 276 518
31 155 161
247 307 521
106 140 558
326 570 670
87 117 376
82 340 487
227 291 725
119 322 632
124 146 207
36 192 228
364 478 582
113 375 529
332 360 742
287 535 660
41 156 730
199 452 598
417 523 712
217 320 660
227 247 675
249 328 649
28 127 481
42 372 660
39 100 306
204 493 508
176 622 682
2 85 203
188 371 547
175 313 697
238 384 412
10 404 502
531 566 723
38 190 457
127 491 594
238 302 434
242 632 658
504 524 566
181 216 702
70 274 337
114 264 490
335 698 713
32 491 583
233 555 621
227 415 758
79 672 747
62 372 479
244 473 632
390 489 574
217 240 247
169 359 754
58 287 677
195 506 607
250 538 580
276 358 449
492 578 660
159 277 600
225 376 592
85 437 606
323 720 742
317 378 772
113 479 531
434 499 522
92 619 701
71 255 691
307 395 532
411 420 440
184 464 555
140 500 740
26 144 347
110 310 767
114 335 567
51 165 714
365 533 579
81 232 276
469 611 705
89 607 713
48 316 396
318 369 751
3 36 415
492 519 643
89 96 342
37 486 554
589 599 611
392 538 712
80 268 533
244 315 431
92 230 601
165 191 434
650 708 726
42 245 435
70 89 711
326 661 746
89 179 600
168 315 581
475 626 638
163 275 501
25 289 644
230 350 512
429 458 587
628 748 761
166 359 372
175 403 434
115 257 488
179 372 688
55 254 610
157 170 672
182 402 478
271 345 590
324 533 607
361 589 612
163 180 569
341 677 692
18 449 606
277 512 722
1 608 662
138 569 738
236 565 583
194 472 744
323 456 503
120 406 532
96 340 506
323 458 668
437 455 456
102 445 448
107 301 391
424 426 431
163 302 517
56 217 771
135 435 523
354 412 719
1 48 108
71 445 567
345 621 751
2 486 717
212 388 400
321 432 678
33 530 636
260 762 764
359 411 682
181 397 733
282 494 523
61 219 646
212 346 483
56 492 647
428 651 652
517 545 616
125 195 580
177 305 585
97 175 319
184 186 397
351 361 385
197 324 677
444 572 644
390 401 429
138 300 620
289 405 658
191 216 593
167 501 695
310 414 585
24 550 654
100 502 543
91 92 463
395 593 690
282 479 566
89 276 638
24 30 336
375 566 696
282 383 525
137 282 758
185 400 438
34 451 459
146 193 741
8 551 652
13 117 269
210 269 720
82 293 515
148 408 760
41 74 371
178 578 719
296 411 692
117 311 746
325 704 769
512 589 734
121 388 406
276 404 542
198 235 593
154 505 625
354 550 621
436 654 692
359 491 741
8 388 435
296 463 713
265 311 553
24 37 694
542 548 633
117 442 720
33 314 677
28 308 457
64 370 544
181 388 584
51 56 404
522 638 688
300 486 551
88 217 674
308 525 603
168 221 593
152 411 642
315 527 616
458 538 670
126 288 633
154 242 575
50 210 313
459 621 650
200 450 530
1 312 621
56 257 565
113 515 746
302 346 352
78 114 723
52 206 325
36 316 704
255 386 464
214 290 577
133 498 508
237 318 387
132 279 621
14 298 513
610 675 752
27 165 435
163 440 664
215 530 557
