0.001 44.754445027559996
0.002 94.92561192065477
0.003 151.97499742731452
0.004 200.45202208682895
0.005 263.99323881417513
0.006 326.3668529614806
0.007 382.5035196132958
0.008 447.5616193152964
0.009 505.38980488851666
0.01 569.9946547709405
0.011 635.181437626481
0.012 695.8009729161859
0.013 766.0520888902247
0.014 824.7082765437663
0.015 887.2271466888487
0.016 947.590655002743
0.017 1008.057875931263
0.018 1084.1506078131497
0.019 1143.693293262273
0.02 1206.7818899154663
0.021 1277.6502412110567
0.022 1351.4054524190724
0.023 1419.6726582758129
0.024 1482.1945977918804
0.025 1547.9267387911677
0.026 1615.8593790456653
0.027 1686.184430859983
0.028 1755.17220653221
0.029 1815.624164864421
0.03 1884.41533678025
0.031 1952.4886646606028
0.032 2017.0417703315616
0.033 2072.105221569538
0.034 2135.084736522287
0.035 2206.700935408473
0.036 2273.7969972528517
0.037 2341.3581434823573
0.038 2412.4214751794934
0.039 2509.931120477617
0.04 2573.298977840692
0.041 2654.0842529051006
0.042 2744.862172972411
0.043 2814.1469767950475
0.044 2901.838222824037
0.045 2979.231031704694
0.046 3048.2599345706403
0.047 3126.635679669678
0.048 3192.8052961416543
0.049 3265.7867527529597
0.05 3345.512749720365
0.051 3416.3481441922486
0.052 3487.3011511974037
0.053 3545.327292341739
0.054 3625.1962820999324
0.055 3690.445947341621
0.056 3766.678924996406
0.057 3832.5420267358422
0.058 3905.723274603486
0.059 3967.6836891956627
0.06 4043.993826661259
0.061 4106.082106158137
0.062 4182.173649374396
0.063 4251.658716052771
0.064 4321.288142193109
0.065 4387.547947626561
0.066 4452.0993304774165
0.067 4516.76948550716
0.068 4583.115400366485
0.069 4654.973472990096
0.07 4722.9452438130975
0.071 4798.304032091051
0.072 4853.682140700519
0.073 4921.5445824712515
0.074 4991.176654655486
0.075 5065.8586732670665
0.076 5132.054899666458
0.077 5203.101157538593
0.078 5260.074880052358
0.079 5324.7606156766415
0.08 5399.995899986476
0.081 5473.375087231398
0.082 5534.713993869722
0.083 5609.793239172548
0.084 5677.078755393624
0.085 5749.009362589568
0.086 5823.542818635702
0.087 5894.562563419342
0.088 5963.286019690335
0.089 6041.755487151444
0.09 6113.365295719355
0.091 6186.668884307146
0.092 6256.7049393467605
0.093 6330.262341339141
0.094 6400.244657292962
0.095 6471.538452859968
0.096 6546.092847540975
0.097 6628.074550628662
0.098 6702.194929007441
0.099 6764.372412197292
0.1 6831.19020524621
0.101 6903.001851607114
0.102 6969.892448935658
0.103 7040.250395510346
0.104 7114.190644688904
0.105 7183.363235935569
0.106 7256.171812400222
0.107 7323.5968460813165
0.108 7395.000425156206
0.109 7464.65074114874
0.11 7529.714740876108
0.111 7606.024448510259
0.112 7673.939196780324
0.113 7749.104316703975
0.114 7818.176703505218
0.115 7890.2250586897135
0.116 7956.435269575566
0.117 8016.934365510941
0.118 8087.90154812485
0.119 8157.470732189715
0.12 8231.296613123268
0.121 8307.347264986485
0.122 8381.55038875714
0.123 8448.440383773297
0.124 8514.41619604826
0.125 8580.91701324284
0.126 8649.047167740762
0.127 8732.603395052254
0.128 8807.19758476317
0.129 8874.17932152003
0.13 8939.616524107754
0.131 9011.749206207693
0.132 9082.655814025551
0.133 9148.688403327018
0.134 9216.051489349455
0.135 9285.108041059226
0.136 9344.07857998833
0.137 9412.682749912143
0.138 9482.563705388457
0.139 9560.370124872774
0.14 9620.266731224954
0.141 9693.32627569139
0.142 9754.517207469791
0.143 9826.146194200963
0.144 9894.277500901371
0.145 9959.128232598305
0.146 10022.913074210286
0.147 10093.591277688742
0.148 10157.035787723958
0.149 10225.594990104437
0.15 10286.185257561505
0.151 10348.146277211607
0.152 10418.800220765173
0.153 10477.332045231014
0.154 10541.947707083076
0.155 10610.140185762197
0.156 10674.524752411991
0.157 10737.156937953085
0.158 10812.164337195456
0.159 10884.959466386586
0.16 10945.893822938204
0.161 11010.152153339237
0.162 11086.177897140384
0.163 11151.416049346328
0.164 11216.063986364752
0.165 11281.221868112683
0.166 11353.190589036793
0.167 11419.831268638372
0.168 11480.743328172714
0.169 11548.468571085483
0.17 11621.343777123839
0.171 11688.470186382532
0.172 11756.979264721274
0.173 11825.305236376822
0.174 11893.791430581361
0.175 11972.010985419154
0.176 12041.202825002372
0.177 12111.749928530306
0.178 12176.118071492761
0.179 12243.628837946802
0.18 12307.27464594692
0.181 12378.3454131186
0.182 12441.71453410387
0.183 12508.359731659293
0.184 12573.347543634474
0.185 12644.711732514203
0.186 12705.801103014499
0.187 12763.829565253109
0.188 12830.110839080065
0.189 12897.866755150259
0.19 12966.302806708962
0.191 13016.476897329092
0.192 13082.45529864356
0.193 13144.231603104621
0.194 13215.985225055367
0.195 13276.767567887902
0.196 13337.343969464302
0.197 13404.949248615652
0.198 13476.006938584149
0.199 13542.002712629735
0.2 13611.845543693751
0.201 13671.682285029441
0.202 13726.406600620598
0.203 13802.520253293216
0.204 13865.841181036085
0.205 13930.175520833582
0.206 13992.190627075732
0.207 14059.935546688735
0.208 14119.13050308451
0.209 14189.257551852614
0.21 14253.682403538376
0.211 14314.524913389236
0.212 14368.692342374474
0.213 14433.419670354575
0.214 14500.24388699606
0.215 14571.219748090953
0.216 14629.638048965484
0.217 14684.04227168858
0.218 14757.231717634946
0.219 14828.504091873765
0.22 14897.37966678664
0.221 14956.00379807502
0.222 15029.775114204735
0.223 15086.620644316077
0.224 15154.843705076724
0.225 15217.699189323932
0.226 15282.643139157444
0.227 15351.087659165263
0.228 15416.324755847454
0.229 15473.18544176966
0.23 15537.239456374198
0.231 15611.951772402972
0.232 15671.626608364284
0.233 15728.550504814833
0.234 15796.523552563041
0.235 15854.154887907207
0.236 15917.198062755167
0.237 15979.96217481047
0.238 16050.941521666944
0.239 16119.073164626956
0.24 16176.060523688793
0.241 16243.33559691161
0.242 16299.336680997163
0.243 16363.233532529324
0.244 16443.932011909783
0.245 16506.610769338906
0.246 16568.830265842378
0.247 16631.76087485999
0.248 16699.288280554116
0.249 16756.24948000908
0.25 16811.58077905327
0.251 16877.18622341752
0.252 16950.3245568946
0.253 17014.027329340577
0.254 17089.629955984652
0.255 17144.534927226603
0.256 17201.746539313346
0.257 17267.22401796654
0.258 17327.513027075678
0.259 17393.0048151128
0.26 17454.259625870734
0.261 17509.209638513625
0.262 17570.61105115339
0.263 17636.191940575838
0.264 17700.158912301064
0.265 17761.105743214488
0.266 17821.324193727225
0.267 17897.486735738814
0.268 17956.681742522866
0.269 18015.374441031367
0.27 18068.047032844275
0.271 18123.020246714354
0.272 18176.63264266774
0.273 18246.391148269176
0.274 18300.188676644117
0.275 18362.56743761152
0.276 18420.269177533686
0.277 18478.805122908205
0.278 18544.91418414563
0.279 18609.82422203198
0.28 18663.812685947865
0.281 18722.134940199554
0.282 18787.77721630782
0.283 18857.358642168343
0.284 18914.057078976184
0.285 18970.434461381286
0.286 19022.859669256955
0.287 19092.777963850647
0.288 19150.48615236208
0.289 19207.51200637594
0.29 19272.923245649785
0.291 19338.583525307477
0.292 19398.830987710506
0.293 19460.08806246519
0.294 19524.446569491178
0.295 19582.547589547932
0.296 19646.4485594891
0.297 19702.899235211313
0.298 19757.014404773712
0.299 19823.016950309277
0.3 19891.265378683805
0.301 19943.497648019344
0.302 19999.91203655675
0.303 20054.56559028104
0.304 20111.108674209565
0.305 20163.91729953885
0.306 20223.793235346675
0.307 20283.343911506236
0.308 20340.84496498108
0.309 20401.89362894371
0.31 20459.875045344234
0.311 20524.997961815447
0.312 20576.985706306994
0.313 20638.791840732098
0.314 20689.41702499613
0.315 20752.3761142157
0.316 20808.531946267933
0.317 20878.87797756493
0.318 20940.271109566092
0.319 20997.690345823765
0.32 21065.56492254883
0.321 21111.56172271818
0.322 21174.792241048068
0.323 21236.165207389742
0.324 21300.265568740666
0.325 21353.475426722318
0.326 21419.844429329038
0.327 21479.470476392657
0.328 21539.91991141066
0.329 21599.43411116302
0.33 21654.470910139382
0.331 21715.977328322828
0.332 21773.637325186282
0.333 21826.864894770086
0.334 21874.355274297297
0.335 21934.095103468746
0.336 21993.161296851933
0.337 22069.798596017063
0.338 22127.10666431114
0.339 22192.253284074366
0.34 22248.32394181937
0.341 22305.49192930758
0.342 22356.41206001863
0.343 22419.202348142862
0.344 22479.663567446172
0.345 22542.742577996105
0.346 22605.456956345588
0.347 22665.8078196235
0.348 22720.1981915012
0.349 22782.27396448329
0.35 22834.517903499305
0.351 22885.349617391825
0.352 22948.27458845079
0.353 23003.94205646217
0.354 23064.660110827535
0.355 23123.299184497446
0.356 23179.200068444014
0.357 23237.327371735126
0.358 23310.97643662244
0.359 23384.51686130464
0.36 23439.33998067677
0.361 23496.423089955002
0.362 23560.077466607094
0.363 23620.775443274528
0.364 23669.95223929733
0.365 23727.6860945113
0.366 23789.376046206802
0.367 23850.934873506427
0.368 23907.26227418706
0.369 23973.642443988472
0.37 24033.28786562383
0.371 24092.523975126445
0.372 24154.072704348713
0.373 24216.544808421284
0.374 24272.032952029258
0.375 24338.88882180676
0.376 24403.707311861217
0.377 24462.66235854104
0.378 24519.581550557166
0.379 24584.012102626264
0.38 24637.711678732187
0.381 24693.519327823073
0.382 24752.22947461158
0.383 24815.474599000067
0.384 24884.894857935607
0.385 24941.870984338224
0.386 25001.078274127096
0.387 25051.474133618176
0.388 25099.910757105798
0.389 25162.201008658856
0.39 25221.079201683402
0.391 25279.309867076576
0.392 25343.02783736214
0.393 25399.091342452914
0.394 25454.112911619246
0.395 25512.7170769535
0.396 25563.754450712353
0.397 25612.816833827645
0.398 25683.743004653603
0.399 25739.994348324835
0.4 25802.418443519622
0.401 25866.261037882417
0.402 25927.44357010722
0.403 25982.59994218871
0.404 26041.395503845066
0.405 26099.901476420462
0.406 26161.662817712873
0.407 26221.967794869095
0.408 26275.321106635034
0.409 26332.39189825952
0.41 26393.96360455081
0.411 26452.991587117314
0.412 26515.453995108604
0.413 26578.097531650215
0.414 26633.888420507312
0.415 26691.369999580085
0.416 26749.209774363786
0.417 26801.133764073253
0.418 26859.326936133206
0.419 26907.48962400481
0.42 26963.635350812227
0.421 27023.224109746516
0.422 27079.741191476583
0.423 27137.523384761065
0.424 27190.29070335999
0.425 27245.579246349633
0.426 27306.20495633036
0.427 27358.763055466115
0.428 27414.836326550692
0.429 27475.289591621608
0.43 27536.10781026259
0.431 27597.57356160134
0.432 27659.854908052832
0.433 27717.371106147766
0.434 27778.623792998493
0.435 27839.75683392957
0.436 27889.727925863117
0.437 27947.528553981334
0.438 27996.23750448227
0.439 28058.008284926414
0.44 28113.53248553723
0.441 28179.740060988814
0.442 28232.977312535048
0.443 28288.739469047636
0.444 28351.413568109274
0.445 28423.311937376857
0.446 28475.97007819265
0.447 28534.89351010695
0.448 28587.254120010883
0.449 28642.550768379122
0.45 28684.04447487369
0.451 28743.83574955538
0.452 28802.538502588868
0.453 28854.13038533181
0.454 28919.40379429236
0.455 28976.235857635736
0.456 29041.923789948225
0.457 29103.1023709327
0.458 29156.48097427562
0.459 29224.65797773376
0.46 29291.74237183109
0.461 29344.597324810922
0.462 29405.612432796508
0.463 29468.534505568445
0.464 29537.43287356943
0.465 29596.503755699843
0.466 29652.297611694783
0.467 29724.487943179905
0.468 29785.625356476754
0.469 29841.658450149
0.47 29892.059816058725
0.471 29956.016013786197
0.472 30012.288480125368
0.473 30066.876050245017
0.474 30122.524312715977
0.475 30183.51762876287
0.476 30234.760903004557
0.477 30294.804925177246
0.478 30344.478343859315
0.479 30409.341674365103
0.48 30469.563298515975
0.481 30531.525974698365
0.482 30587.72877555713
0.483 30640.844249859452
0.484 30693.10399224609
0.485 30742.017826877534
0.486 30790.586553860456
0.487 30834.619409173727
0.488 30890.197086051106
0.489 30944.110843148082
0.49 31008.23804393038
0.491 31061.331946674734
0.492 31121.619615122676
0.493 31189.284787964076
0.494 31253.693350110203
0.495 31308.682913526893
0.496 31368.049154400826
0.497 31432.588186565787
0.498 31489.922442834824
0.499 31550.123607810587
0.5 31605.571046296507
0.501 31666.125754211098
0.502 31732.96667791903
0.503 31799.06147095561
0.504 31855.53059834242
0.505 31907.70807314664
0.506 31965.92967093736
0.507 32026.316350392997
0.508 32085.628092955798
0.509 32141.649389617145
0.51 32196.560556590557
0.511 32257.547371439636
0.512 32320.581407856196
0.513 32377.443861424923
0.514 32433.556998122483
0.515 32490.32441715151
0.516 32540.51179541275
0.517 32601.098812837154
0.518 32672.628541603684
0.519 32720.176952619106
0.52 32769.08181145042
0.521 32821.58935337886
0.522 32875.88660976291
0.523 32940.479171883315
0.524 33007.276197478175
0.525 33055.86100671813
0.526 33111.91705181822
0.527 33163.93911299482
0.528 33221.04330548644
0.529 33282.19999522343
0.53 33328.194290436804
0.531 33382.974833179265
0.532 33444.81286374852
0.533 33493.032052889466
0.534 33554.93498147279
0.535 33615.02262368053
0.536 33666.54521281272
0.537 33730.29323894158
0.538 33789.93693144247
0.539 33842.83531415835
0.54 33897.830959986895
0.541 33961.2799490504
0.542 34020.4880139716
0.543 34072.6130069755
0.544 34124.74406146258
0.545 34189.25736013055
0.546 34241.47379689291
0.547 34301.687715712935
0.548 34367.58185009286
0.549 34416.421568885446
0.55 34472.05832536891
0.551 34527.19889935106
0.552 34593.05129861459
0.553 34647.0430078581
0.554 34703.406151715666
0.555 34760.8294066973
0.556 34820.172698069364
0.557 34883.28836244717
0.558 34938.91585148126
0.559 34985.453627508134
0.56 35046.122337106615
0.561 35092.97540155053
0.562 35151.814784210175
0.563 35206.21593976021
0.564 35261.804970320314
0.565 35315.85405873135
0.566 35375.201060492545
0.567 35441.33701907098
0.568 35499.5877687484
0.569 35553.02463654801
0.57 35605.98853728175
0.571 35654.65710707009
0.572 35720.34454295039
0.573 35778.374969836324
0.574 35832.80704246834
0.575 35886.92542709038
0.576 35946.516510438174
0.577 36000.83098222688
0.578 36055.706890996546
0.579 36110.00084629282
0.58 36154.44403750822
0.581 36216.56840825826
0.582 36264.76377648488
0.583 36320.46941337362
0.584 36378.19685064256
0.585 36435.47874606773
0.586 36492.10323957726
0.587 36555.97801243514
0.588 36612.430914476514
0.589 36674.20766817033
0.59 36729.41412605718
0.591 36785.339198518544
0.592 36850.55852249265
0.593 36909.0073633492
0.594 36967.690048754215
0.595 37033.05109662935
0.596 37088.894053556025
0.597 37148.5019553788
0.598 37211.8140289709
0.599 37275.21723294631
0.6 37334.23605778813
0.601 37390.79319786653
0.602 37457.52205548063
0.603 37512.50701418519
0.604 37564.99293292314
0.605 37632.55560884625
0.606 37688.598860461265
0.607 37747.63214600831
0.608 37804.488474063575
0.609 37862.10362452641
0.61 37918.42023685202
0.611 37981.518613461405
0.612 38043.445443261415
0.613 38108.101022761315
0.614 38167.131451483816
0.615 38221.05182330683
0.616 38276.05022216961
0.617 38326.84330545366
0.618 38379.42394245416
0.619 38444.07412598282
0.62 38508.62306149304
0.621 38558.80722543597
0.622 38615.72214114666
0.623 38672.633531697094
0.624 38731.90053922683
0.625 38790.47838126868
0.626 38847.598770707846
0.627 38902.271145522594
0.628 38962.972353704274
0.629 39014.668375484645
0.63 39064.35350301117
0.631 39112.01626312733
0.632 39178.35989416763
0.633 39238.18065830693
0.634 39292.837206192315
0.635 39347.36274284497
0.636 39405.12716817856
0.637 39463.20099047944
0.638 39525.307753928006
0.639 39590.655873108655
0.64 39631.02009991929
0.641 39686.942881025374
0.642 39741.91187810525
0.643 39801.19332919642
0.644 39856.79564604908
0.645 39912.11387455091
0.646 39966.2588837333
0.647 40025.67394449189
0.648 40087.578702017665
0.649 40148.58822454885
0.65 40204.58913594857
0.651 40265.430677030236
0.652 40325.52582161501
0.653 40404.033909887075
0.654 40467.47403234616
0.655 40530.986313898116
0.656 40583.72047788277
0.657 40637.614865258336
0.658 40699.860403336585
0.659 40756.60956392437
0.66 40819.43790597096
0.661 40882.11809432134
0.662 40948.50122658163
0.663 41014.52779625729
0.664 41074.64768045023
0.665 41131.497230965644
0.666 41202.617202375084
0.667 41268.86825095117
0.668 41328.45479109883
0.669 41383.35354255512
0.67 41442.53281027451
0.671 41500.535575363785
0.672 41545.81383686885
0.673 41610.470629338175
0.674 41675.38361166045
0.675 41734.200673021376
0.676 41791.46063506231
0.677 41849.63998706266
0.678 41908.51586886123
0.679 41967.17543795705
0.68 42017.94757591188
0.681 42074.867067843676
0.682 42127.292347595096
0.683 42187.453518580645
0.684 42241.15705066547
0.685 42303.274442050606
0.686 42357.6955707185
0.687 42416.43074896559
0.688 42470.963444806635
0.689 42532.72449578345
0.69 42588.888321109116
0.691 42646.84633272886
0.692 42704.40269169584
0.693 42759.56612332538
0.694 42818.961944479495
0.695 42882.33899246901
0.696 42942.823063414544
0.697 42995.60857737064
0.698 43053.83376427367
0.699 43115.5267862156
0.7 43183.35208186135
0.701 43239.02615029365
0.702 43291.97544898465
0.703 43354.49658168852
0.704 43412.36238256097
0.705 43467.84322466701
0.706 43511.5012441352
0.707 43576.291401691735
0.708 43636.55203635618
0.709 43692.32678388432
0.71 43753.7956854403
0.711 43809.08305224776
0.712 43863.1646749489
0.713 43923.13249266893
0.714 43979.25469962135
0.715 44036.34161989018
0.716 44092.184009891
0.717 44144.70778199285
0.718 44218.01772974059
0.719 44276.71634799987
0.72 44343.25351527706
0.721 44400.92606282979
0.722 44459.70253017545
0.723 44530.97181544453
0.724 44597.67683058977
0.725 44656.07124558091
0.726 44716.70383642241
0.727 44773.92794950679
0.728 44829.15042017028
0.729 44887.653873655945
0.73 44953.03813472018
0.731 45008.759464565665
0.732 45065.9914528057
0.733 45127.85907538608
0.734 45194.34994402155
0.735 45252.54063414782
0.736 45314.416647624224
0.737 45373.105424031615
0.738 45431.23177852109
0.739 45487.22579960525
0.74 45550.295384828
0.741 45603.26327678561
0.742 45658.24618200958
0.743 45713.67239361256
0.744 45766.29437316209
0.745 45829.21420877054
0.746 45881.75640351325
0.747 45940.66966242343
0.748 45999.63414048776
0.749 46055.50549960509
0.75 46115.710564002395
0.751 46165.59606042504
0.752 46224.78579227626
0.753 46281.02154823765
0.754 46341.63496242836
0.755 46398.7195844315
0.756 46462.75641790405
0.757 46516.19571916014
0.758 46576.258652091026
0.759 46631.30757747218
0.76 46691.19229849428
0.761 46748.39958209917
0.762 46810.72561571747
0.763 46870.96131781861
0.764 46933.07399943471
0.765 46988.56176824495
0.766 47048.97181815654
0.767 47101.46568265185
0.768 47158.052047766745
0.769 47215.53899715468
0.77 47278.00905397907
0.771 47337.728717986494
0.772 47401.266315467656
0.773 47459.860532488674
0.774 47523.05471929163
0.775 47584.690325099975
0.776 47642.546867046505
0.777 47712.620364990085
0.778 47767.3210366033
0.779 47821.58839278668
0.78 47878.366535093635
0.781 47944.284011758864
0.782 48000.60578338802
0.783 48051.366569682956
0.784 48105.82246639207
0.785 48166.34639112279
0.786 48224.84301972389
0.787 48281.054429881275
0.788 48327.31516000256
0.789 48383.4571265541
0.79 48445.29400413856
0.791 48495.70045267418
0.792 48555.37324909866
0.793 48619.66194338724
0.794 48679.037635073066
0.795 48730.536562524736
0.796 48789.19725153595
0.797 48846.894888699055
0.798 48911.01041069999
0.799 48961.267564065754
0.8 49021.465866565704
0.801 49087.62689007074
0.802 49161.91693362966
0.803 49221.97630858794
0.804 49273.72263524309
0.805 49332.231704663485
0.806 49400.821790050715
0.807 49463.882121328264
0.808 49515.394596952945
0.809 49577.7706146203
0.81 49634.56774700433
0.811 49692.55986116454
0.812 49746.68791459501
0.813 49802.25157041848
0.814 49865.59364445135
0.815 49921.02885105088
0.816 49977.81661814451
0.817 50026.46488535777
0.818 50099.18777168915
0.819 50166.45036762953
0.82 50227.612132083625
0.821 50289.606583405286
0.822 50350.53730593249
0.823 50410.20867933333
0.824 50474.367531668395
0.825 50532.26278818771
0.826 50591.87425612286
0.827 50653.444339461625
0.828 50704.58082289994
0.829 50756.61488708854
0.83 50821.70623641834
0.831 50880.06304258108
0.832 50934.588961198926
0.833 50996.048422876745
0.834 51049.152069315314
0.835 51108.06530899182
0.836 51163.28229244426
0.837 51217.53169229254
0.838 51274.60153704882
0.839 51330.33359006047
0.84 51394.90427865088
0.841 51455.10544279963
0.842 51507.84283493087
0.843 51565.92849741131
0.844 51619.2626253888
0.845 51683.97709689662
0.846 51736.032514721155
0.847 51797.28880595416
0.848 51854.19587299228
0.849 51905.69014329463
0.85 51967.113060269505
0.851 52025.183263707906
0.852 52091.09979334101
0.853 52153.852237511426
0.854 52209.759942911565
0.855 52263.61277788505
0.856 52321.75365405157
0.857 52381.28122077137
0.858 52438.04846686125
0.859 52496.50208084658
0.86 52556.20737242699
0.861 52615.48077504337
0.862 52679.259062327445
0.863 52735.666950918734
0.864 52791.59836527333
0.865 52845.85874566436
0.866 52912.61297863349
0.867 52976.043039143085
0.868 53028.82152368501
0.869 53089.48700410873
0.87 53146.45209136233
0.871 53199.351733997464
0.872 53261.427052244544
0.873 53318.2944470346
0.874 53378.70681208745
0.875 53441.30782843754
0.876 53494.21380537376
0.877 53559.37817389518
0.878 53621.06511371583
0.879 53683.67473716289
0.88 53744.32770159468
0.881 53814.17833515629
0.882 53866.19241550937
0.883 53923.48313478753
0.884 53980.745352160186
0.885 54032.811408013105
0.886 54090.93609838933
0.887 54145.19536995515
0.888 54203.22905583307
0.889 54252.80840809271
0.89 54317.95513720438
0.891 54379.98168342933
0.892 54443.952064003795
0.893 54494.351165026426
0.894 54550.77840668708
0.895 54606.242071490735
0.896 54663.10235239938
0.897 54722.80657559633
0.898 54781.074162300676
0.899 54837.17828087509
0.9 54903.133055042475
0.901 54969.8248684071
0.902 55040.805560708046
0.903 55099.376095894724
0.904 55157.88560176268
0.905 55213.359546378255
0.906 55283.7235333249
0.907 55344.999740585685
0.908 55402.435071498156
0.909 55455.447276324034
0.91 55512.73584001139
0.911 55569.1567462869
0.912 55634.14751283452
0.913 55691.376504309475
0.914 55751.38220790401
0.915 55808.372313290834
0.916 55871.02319952473
0.917 55925.59690571949
0.918 55981.79572562128
0.919 56035.89870869741
0.92 56097.94551449269
0.921 56156.455961212516
0.922 56212.84533889964
0.923 56261.053546432406
0.924 56325.15875009075
0.925 56395.894567251205
0.926 56456.98170439154
0.927 56511.19075214863
0.928 56564.71027093008
0.929 56631.95580320805
0.93 56692.61347898841
0.931 56740.6040914692
0.932 56802.16815098375
0.933 56858.97152977064
0.934 56911.61510908231
0.935 56973.50714818761
0.936 57026.313856348395
0.937 57078.58718851209
0.938 57135.061427075416
0.939 57187.21539151296
0.94 57245.81313084066
0.941 57299.71531166881
0.942 57360.588335737586
0.943 57417.23048085347
0.944 57470.52541089058
0.945 57523.38891597837
0.946 57574.922042738646
0.947 57633.83065606281
0.948 57687.583725783974
0.949 57743.611993100494
0.95 57804.3855327256
0.951 57864.782499503344
0.952 57921.52481583133
0.953 57979.532362330705
0.954 58050.505029868335
0.955 58107.029146395624
0.956 58168.937704537064
0.957 58227.04776688665
0.958 58297.9295187965
0.959 58355.22318807617
0.96 58407.278020676225
0.961 58461.693655364215
0.962 58522.91800106317
0.963 58571.67804219574
0.964 58631.32778282836
0.965 58694.14316558093
0.966 58763.30039893836
0.967 58817.432764258236
0.968 58872.801214538515
0.969 58930.31481880322
0.97 58992.36583148688
0.971 59044.35392121971
0.972 59112.60859205946
0.973 59173.63442091644
0.974 59230.02450573072
0.975 59285.2683455497
0.976 59344.26791413501
0.977 59410.71137197688
0.978 59462.840950060636
0.979 59529.03563436866
0.98 59583.23954561725
0.981 59644.763556886464
0.982 59700.09885456413
0.983 59766.94520259276
0.984 59836.26328186691
0.985 59886.470466025174
0.986 59948.15917601809
0.987 60008.539795119315
0.988 60065.75463820249
0.989 60133.73604419455
0.99 60200.64616692811
0.991 60251.69829579815
0.992 60307.59992501885
0.993 60377.46871849522
0.994 60435.38599810377
0.995 60484.17645537108
0.996 60543.36059803888
0.997 60599.98317448422
0.998 60660.82295949012
0.999 60710.18187262863
1 60767.98570893705
