0.001 0.22821044921875
0.002 0.2641029357910156
0.003 0.3013801574707031
0.004 0.33678436279296875
0.005 0.3735313415527344
0.006 0.4085693359375
0.007 0.44553375244140625
0.008 0.4809608459472656
0.009 0.5176506042480469
0.01 0.5527191162109375
0.011 0.5891532897949219
0.012 0.6241111755371094
0.013 0.660858154296875
0.014 0.6958694458007812
0.015 0.732666015625
0.016 0.7683525085449219
0.017 0.8035697937011719
0.018 0.8399848937988281
0.019 0.87445068359375
0.02 0.9106254577636719
0.021 0.9456977844238281
0.022 0.9821891784667969
0.023 1.01708984375
0.024 1.0531730651855469
0.025 1.0873184204101562
0.026 1.1231803894042969
0.027 1.1579093933105469
0.028 1.1936531066894531
0.029 1.2278480529785156
0.03 1.2639389038085938
0.031 1.2988471984863281
0.032 1.3355979919433594
0.033 1.3703460693359375
0.034 1.4046516418457031
0.035 1.4413032531738281
0.036 1.4761238098144531
0.037 1.5119781494140625
0.038 1.5465354919433594
0.039 1.5834617614746094
0.04 1.6182785034179688
0.041 1.6549301147460938
0.042 1.6901321411132812
0.043 1.7262611389160156
0.044 1.7618942260742188
0.045 1.7993431091308594
0.046 1.8337631225585938
0.047 1.8714523315429688
0.048 1.9069786071777344
0.049 1.9435234069824219
0.05 1.97821044921875
0.051 2.0127296447753906
0.052 2.0496482849121094
0.053 2.084331512451172
0.054 2.1214523315429688
0.055 2.156482696533203
0.056 2.19281005859375
0.057 2.2280044555664062
0.058 2.2647666931152344
0.059 2.2997398376464844
0.06 2.336933135986328
0.061 2.3715248107910156
0.062 2.4074630737304688
0.063 2.44158935546875
0.064 2.47784423828125
0.065 2.5132980346679688
0.066 2.5496253967285156
0.067 2.584148406982422
0.068 2.6192665100097656
0.069 2.656024932861328
0.07 2.6911849975585938
0.071 2.7275733947753906
0.072 2.7624549865722656
0.073 2.798908233642578
0.074 2.833324432373047
0.075 2.8700904846191406
0.076 2.9053878784179688
0.077 2.9420547485351562
0.078 2.9767608642578125
0.079 3.013469696044922
0.08 3.0488662719726562
0.081 3.0855331420898438
0.082 3.1200904846191406
0.083 3.1566810607910156
0.084 3.1914520263671875
0.085 3.226665496826172
0.086 3.2628440856933594
0.087 3.2977676391601562
0.088 3.3348159790039062
0.089 3.370269775390625
0.09 3.4067001342773438
0.091 3.4416732788085938
0.092 3.4771728515625
0.093 3.5126953125
0.094 3.549274444580078
0.095 3.5846481323242188
0.096 3.6213111877441406
0.097 3.656383514404297
0.098 3.693805694580078
0.099 3.7284278869628906
0.1 3.7658157348632812
0.101 3.8011093139648438
0.102 3.83612060546875
0.103 3.8724708557128906
0.104 3.907440185546875
0.105 3.9441146850585938
0.106 3.979633331298828
0.107 4.0165252685546875
0.108 4.0520172119140625
0.109 4.089508056640625
0.11 4.124378204345703
0.111 4.161022186279297
0.112 4.196483612060547
0.113 4.233833312988281
0.114 4.268726348876953
0.115 4.304740905761719
0.116 4.339412689208984
0.117 4.3743896484375
0.118 4.410987854003906
0.119 4.446590423583984
0.12 4.483154296875
0.121 4.518463134765625
0.122 4.555965423583984
0.123 4.591552734375
0.124 4.628246307373047
0.125 4.663425445556641
0.126 4.699657440185547
0.127 4.7347259521484375
0.128 4.772449493408203
0.129 4.807746887207031
0.13 4.84442138671875
0.131 4.879447937011719
0.132 4.915348052978516
0.133 4.950801849365234
0.134 4.986213684082031
0.135 5.022804260253906
0.136 5.057682037353516
0.137 5.094036102294922
0.138 5.128326416015625
0.139 5.165294647216797
0.14 5.200801849365234
0.141 5.237567901611328
0.142 5.271720886230469
0.143 5.308624267578125
0.144 5.343219757080078
0.145 5.380260467529297
0.146 5.415767669677734
0.147 5.452144622802734
0.148 5.487056732177734
0.149 5.523746490478516
0.15 5.558719635009766
0.151 5.593318939208984
0.152 5.630184173583984
0.153 5.665657043457031
0.154 5.701602935791016
0.155 5.736854553222656
0.156 5.774196624755859
0.157 5.809131622314453
0.158 5.845947265625
0.159 5.881660461425781
0.16 5.918605804443359
0.161 5.953777313232422
0.162 5.991363525390625
0.163 6.027057647705078
0.164 6.063541412353516
0.165 6.098377227783203
0.166 6.134361267089844
0.167 6.169342041015625
0.168 6.204380035400391
0.169 6.240978240966797
0.17 6.27581787109375
0.171 6.312870025634766
0.172 6.348228454589844
0.173 6.384979248046875
0.174 6.4200592041015625
0.175 6.456539154052734
0.176 6.491748809814453
0.177 6.5285797119140625
0.178 6.564056396484375
0.179 6.6008453369140625
0.18 6.636573791503906
0.181 6.673938751220703
0.182 6.709312438964844
0.183 6.7462615966796875
0.184 6.780799865722656
0.185 6.815803527832031
0.186 6.8527984619140625
0.187 6.887805938720703
0.188 6.924156188964844
0.189 6.958240509033203
0.19 6.995609283447266
0.191 7.031074523925781
0.192 7.067699432373047
0.193 7.102836608886719
0.194 7.139839172363281
0.195 7.1748199462890625
0.196 7.211772918701172
0.197 7.2468414306640625
0.198 7.283378601074219
0.199 7.318389892578125
0.2 7.355247497558594
0.201 7.3902435302734375
0.202 7.424533843994141
0.203 7.460445404052734
0.204 7.495334625244141
0.205 7.5320892333984375
0.206 7.567237854003906
0.207 7.603660583496094
0.208 7.639522552490234
0.209 7.676948547363281
0.21 7.711708068847656
0.211 7.749103546142578
0.212 7.783512115478516
0.213 7.8199615478515625
0.214 7.855201721191406
0.215 7.891532897949219
0.216 7.9272918701171875
0.217 7.962696075439453
0.218 8.000591278076172
0.219 8.035499572753906
0.22 8.072330474853516
0.221 8.107067108154297
0.222 8.143951416015625
0.223 8.17874526977539
0.224 8.215572357177734
0.225 8.250202178955078
0.226 8.287681579589844
0.227 8.32284164428711
0.228 8.361324310302734
0.229 8.395896911621094
0.23 8.432205200195312
0.231 8.467723846435547
0.232 8.50484848022461
0.233 8.539634704589844
0.234 8.574729919433594
0.235 8.611682891845703
0.236 8.64663314819336
0.237 8.682697296142578
0.238 8.717208862304688
0.239 8.754375457763672
0.24 8.7900390625
0.241 8.827964782714844
0.242 8.861946105957031
0.243 8.899341583251953
0.244 8.934333801269531
0.245 8.97024154663086
0.246 9.004920959472656
0.247 9.042423248291016
0.248 9.077320098876953
0.249 9.114070892333984
0.25 9.148582458496094
0.251 9.18313980102539
0.252 9.219768524169922
0.253 9.254684448242188
0.254 9.294624328613281
0.255 9.329292297363281
0.256 9.365802764892578
0.257 9.401557922363281
0.258 9.438331604003906
0.259 9.4736328125
0.26 9.510452270507812
0.261 9.54574966430664
0.262 9.583274841308594
0.263 9.618728637695312
0.264 9.656543731689453
0.265 9.69131088256836
0.266 9.726959228515625
0.267 9.761985778808594
0.268 9.79705810546875
0.269 9.834144592285156
0.27 9.868995666503906
0.271 9.905025482177734
0.272 9.940425872802734
0.273 9.977298736572266
0.274 10.012710571289062
0.275 10.049171447753906
0.276 10.084671020507812
0.277 10.121112823486328
0.278 10.156753540039062
0.279 10.193744659423828
0.28 10.229328155517578
0.281 10.26568603515625
0.282 10.30093002319336
0.283 10.337425231933594
0.284 10.372295379638672
0.285 10.406768798828125
0.286 10.442466735839844
0.287 10.477989196777344
0.288 10.51529312133789
0.289 10.5501708984375
0.29 10.586959838867188
0.291 10.622047424316406
0.292 10.658233642578125
0.293 10.693557739257812
0.294 10.730628967285156
0.295 10.766033172607422
0.296 10.802665710449219
0.297 10.837818145751953
0.298 10.87368392944336
0.299 10.90822982788086
0.3 10.944808959960938
0.301 10.97930908203125
0.302 11.014507293701172
0.303 11.05072021484375
0.304 11.085433959960938
0.305 11.122013092041016
0.306 11.157058715820312
0.307 11.19424819946289
0.308 11.229454040527344
0.309 11.266716003417969
0.31 11.3018798828125
0.311 11.339229583740234
0.312 11.374370574951172
0.313 11.411312103271484
0.314 11.44613265991211
0.315 11.48305892944336
0.316 11.517593383789062
0.317 11.552848815917969
0.318 11.589134216308594
0.319 11.624523162841797
0.32 11.66208267211914
0.321 11.695873260498047
0.322 11.733055114746094
0.323 11.767562866210938
0.324 11.80386734008789
0.325 11.839244842529297
0.326 11.875423431396484
0.327 11.91043472290039
0.328 11.947769165039062
0.329 11.98355484008789
0.33 12.02059555053711
0.331 12.055641174316406
0.332 12.09286117553711
0.333 12.128585815429688
0.334 12.163021087646484
0.335 12.199234008789062
0.336 12.233222961425781
0.337 12.270061492919922
0.338 12.304309844970703
0.339 12.341232299804688
0.34 12.376480102539062
0.341 12.412670135498047
0.342 12.446609497070312
0.343 12.483402252197266
0.344 12.517845153808594
0.345 12.554191589355469
0.346 12.589519500732422
0.347 12.626686096191406
0.348 12.662315368652344
0.349 12.699405670166016
0.35 12.734718322753906
0.351 12.770198822021484
0.352 12.80715560913086
0.353 12.842628479003906
0.354 12.879302978515625
0.355 12.91524887084961
0.356 12.95168685913086
0.357 12.987125396728516
0.358 13.023239135742188
0.359 13.058345794677734
0.36 13.094226837158203
0.361 13.129524230957031
0.362 13.165821075439453
0.363 13.200721740722656
0.364 13.235496520996094
0.365 13.270816802978516
0.366 13.307903289794922
0.367 13.342914581298828
0.368 13.377876281738281
0.369 13.41457748413086
0.37 13.449737548828125
0.371 13.486099243164062
0.372 13.521610260009766
0.373 13.55880355834961
0.374 13.593852996826172
0.375 13.630916595458984
0.376 13.666908264160156
0.377 13.702991485595703
0.378 13.739212036132812
0.379 13.776447296142578
0.38 13.810577392578125
0.381 13.846935272216797
0.382 13.88161849975586
0.383 13.918254852294922
0.384 13.952808380126953
0.385 13.986705780029297
0.386 14.023468017578125
0.387 14.058971405029297
0.388 14.094627380371094
0.389 14.130081176757812
0.39 14.166481018066406
0.391 14.201824188232422
0.392 14.23837661743164
0.393 14.273151397705078
0.394 14.310436248779297
0.395 14.345394134521484
0.396 14.382347106933594
0.397 14.417434692382812
0.398 14.454635620117188
0.399 14.489555358886719
0.4 14.526050567626953
0.401 14.560966491699219
0.402 14.596710205078125
0.403 14.633567810058594
0.404 14.66842269897461
0.405 14.704296112060547
0.406 14.738937377929688
0.407 14.775283813476562
0.408 14.810020446777344
0.409 14.846900939941406
0.41 14.880535125732422
0.411 14.918037414550781
0.412 14.952770233154297
0.413 14.988372802734375
0.414 15.023365020751953
0.415 15.059982299804688
0.416 15.09552001953125
0.417 15.129814147949219
0.418 15.165870666503906
0.419 15.199817657470703
0.42 15.236557006835938
0.421 15.271625518798828
0.422 15.307418823242188
0.423 15.342506408691406
0.424 15.380176544189453
0.425 15.41518783569336
0.426 15.451717376708984
0.427 15.486862182617188
0.428 15.523029327392578
0.429 15.558879852294922
0.43 15.594650268554688
0.431 15.629417419433594
0.432 15.666038513183594
0.433 15.701251983642578
0.434 15.736862182617188
0.435 15.773990631103516
0.436 15.809017181396484
0.437 15.845645904541016
0.438 15.880451202392578
0.439 15.918033599853516
0.44 15.952617645263672
0.441 15.989246368408203
0.442 16.024837493896484
0.443 16.060768127441406
0.444 16.096073150634766
0.445 16.133468627929688
0.446 16.16720962524414
0.447 16.203388214111328
0.448 16.23821258544922
0.449 16.27423095703125
0.45 16.307369232177734
0.451 16.342235565185547
0.452 16.378936767578125
0.453 16.41333770751953
0.454 16.44852066040039
0.455 16.48413848876953
0.456 16.521404266357422
0.457 16.555992126464844
0.458 16.59286880493164
0.459 16.627132415771484
0.46 16.663227081298828
0.461 16.69964599609375
0.462 16.736454010009766
0.463 16.772174835205078
0.464 16.80846405029297
0.465 16.84469223022461
0.466 16.881732940673828
0.467 16.916244506835938
0.468 16.95172119140625
0.469 16.987773895263672
0.47 17.023212432861328
0.471 17.0589599609375
0.472 17.09414291381836
0.473 17.131248474121094
0.474 17.166576385498047
0.475 17.203834533691406
0.476 17.238121032714844
0.477 17.27444839477539
0.478 17.309104919433594
0.479 17.345409393310547
0.48 17.380558013916016
0.481 17.41675567626953
0.482 17.45128631591797
0.483 17.487117767333984
0.484 17.52210235595703
0.485 17.556644439697266
0.486 17.59313201904297
0.487 17.62697982788086
0.488 17.663387298583984
0.489 17.697425842285156
0.49 17.734756469726562
0.491 17.769973754882812
0.492 17.806961059570312
0.493 17.842639923095703
0.494 17.878631591796875
0.495 17.912944793701172
0.496 17.94953155517578
0.497 17.98505401611328
0.498 18.022266387939453
0.499 18.05754852294922
0.5 18.093647003173828
0.501 18.12954330444336
0.502 18.164234161376953
0.503 18.200599670410156
0.504 18.235252380371094
0.505 18.271331787109375
0.506 18.30609130859375
0.507 18.342727661132812
0.508 18.377544403076172
0.509 18.413536071777344
0.51 18.448997497558594
0.511 18.486244201660156
0.512 18.521591186523438
0.513 18.55777359008789
0.514 18.592479705810547
0.515 18.629043579101562
0.516 18.66363525390625
0.517 18.69812774658203
0.518 18.735118865966797
0.519 18.769718170166016
0.52 18.80510711669922
0.521 18.839794158935547
0.522 18.875587463378906
0.523 18.910133361816406
0.524 18.94634246826172
0.525 18.980350494384766
0.526 19.016796112060547
0.527 19.051742553710938
0.528 19.087703704833984
0.529 19.122493743896484
0.53 19.156558990478516
0.531 19.191062927246094
0.532 19.227561950683594
0.533 19.26123809814453
0.534 19.296478271484375
0.535 19.333221435546875
0.536 19.36905288696289
0.537 19.405838012695312
0.538 19.440685272216797
0.539 19.477149963378906
0.54 19.512004852294922
0.541 19.548038482666016
0.542 19.582435607910156
0.543 19.619232177734375
0.544 19.65380096435547
0.545 19.69017791748047
0.546 19.725116729736328
0.547 19.76085662841797
0.548 19.79470443725586
0.549 19.831459045410156
0.55 19.86663055419922
0.551 19.901737213134766
0.552 19.938648223876953
0.553 19.97344207763672
0.554 20.01009750366211
0.555 20.04564666748047
0.556 20.08209228515625
0.557 20.118099212646484
0.558 20.15475845336914
0.559 20.189655303955078
0.56 20.226696014404297
0.561 20.261463165283203
0.562 20.298603057861328
0.563 20.333641052246094
0.564 20.37057876586914
0.565 20.40579605102539
0.566 20.442180633544922
0.567 20.47760772705078
0.568 20.512348175048828
0.569 20.54873275756836
0.57 20.58298110961914
0.571 20.619556427001953
0.572 20.65346908569336
0.573 20.68966293334961
0.574 20.724063873291016
0.575 20.759544372558594
0.576 20.795120239257812
0.577 20.83221435546875
0.578 20.86661148071289
0.579 20.902454376220703
0.58 20.93579864501953
0.581 20.972332000732422
0.582 21.006942749023438
0.583 21.04314422607422
0.584 21.077739715576172
0.585 21.112564086914062
0.586 21.149066925048828
0.587 21.184673309326172
0.588 21.221538543701172
0.589 21.256389617919922
0.59 21.293060302734375
0.591 21.327861785888672
0.592 21.364185333251953
0.593 21.400375366210938
0.594 21.436641693115234
0.595 21.472110748291016
0.596 21.508960723876953
0.597 21.543487548828125
0.598 21.58102035522461
0.599 21.61520767211914
0.6 21.65109634399414
0.601 21.685302734375
0.602 21.72049331665039
0.603 21.756786346435547
0.604 21.791587829589844
0.605 21.82916259765625
0.606 21.864261627197266
0.607 21.901729583740234
0.608 21.936996459960938
0.609 21.973308563232422
0.61 22.007823944091797
0.611 22.045013427734375
0.612 22.080238342285156
0.613 22.116806030273438
0.614 22.151351928710938
0.615 22.187725067138672
0.616 22.22323989868164
0.617 22.257816314697266
0.618 22.29473876953125
0.619 22.330398559570312
0.62 22.366390228271484
0.621 22.40048599243164
0.622 22.437362670898438
0.623 22.47268295288086
0.624 22.50943374633789
0.625 22.544071197509766
0.626 22.58041000366211
0.627 22.614742279052734
0.628 22.65264129638672
0.629 22.686668395996094
0.63 22.72283935546875
0.631 22.756683349609375
0.632 22.79344940185547
0.633 22.828540802001953
0.634 22.86302947998047
0.635 22.898944854736328
0.636 22.93386459350586
0.637 22.969482421875
0.638 23.004196166992188
0.639 23.04126739501953
0.64 23.073802947998047
0.641 23.110034942626953
0.642 23.147499084472656
0.643 23.183517456054688
0.644 23.218730926513672
0.645 23.25550079345703
0.646 23.290328979492188
0.647 23.327335357666016
0.648 23.36286163330078
0.649 23.398548126220703
0.65 23.433502197265625
0.651 23.468765258789062
0.652 23.505001068115234
0.653 23.539154052734375
0.654 23.577247619628906
0.655 23.61205291748047
0.656 23.648616790771484
0.657 23.683834075927734
0.658 23.72036361694336
0.659 23.755496978759766
0.66 23.79201889038086
0.661 23.826622009277344
0.662 23.864097595214844
0.663 23.899635314941406
0.664 23.936412811279297
0.665 23.971256256103516
0.666 24.007946014404297
0.667 24.04391098022461
0.668 24.079273223876953
0.669 24.11621856689453
0.67 24.151599884033203
0.671 24.187767028808594
0.672 24.222537994384766
0.673 24.259353637695312
0.674 24.295825958251953
0.675 24.332324981689453
0.676 24.36730194091797
0.677 24.404037475585938
0.678 24.43923568725586
0.679 24.47555923461914
0.68 24.51041030883789
0.681 24.54653549194336
0.682 24.58163070678711
0.683 24.61835479736328
0.684 24.653060913085938
0.685 24.68830108642578
0.686 24.724075317382812
0.687 24.760269165039062
0.688 24.79709243774414
0.689 24.8330078125
0.69 24.870399475097656
0.691 24.90508270263672
0.692 24.941871643066406
0.693 24.976722717285156
0.694 25.013961791992188
0.695 25.048744201660156
0.696 25.084388732910156
0.697 25.117874145507812
0.698 25.155174255371094
0.699 25.189037322998047
0.7 25.224102020263672
0.701 25.260604858398438
0.702 25.29399871826172
0.703 25.33013153076172
0.704 25.364459991455078
0.705 25.401412963867188
0.706 25.434093475341797
0.707 25.470016479492188
0.708 25.505516052246094
0.709 25.541351318359375
0.71 25.57605743408203
0.711 25.612239837646484
0.712 25.646831512451172
0.713 25.68337631225586
0.714 25.717674255371094
0.715 25.754196166992188
0.716 25.789066314697266
0.717 25.823623657226562
0.718 25.859375
0.719 25.89425277709961
0.72 25.931346893310547
0.721 25.966323852539062
0.722 26.002426147460938
0.723 26.03784942626953
0.724 26.074935913085938
0.725 26.109745025634766
0.726 26.146068572998047
0.727 26.18109893798828
0.728 26.217979431152344
0.729 26.252822875976562
0.73 26.289764404296875
0.731 26.324798583984375
0.732 26.361595153808594
0.733 26.396739959716797
0.734 26.432140350341797
0.735 26.46833038330078
0.736 26.50448226928711
0.737 26.540485382080078
0.738 26.57610321044922
0.739 26.61233901977539
0.74 26.647354125976562
0.741 26.68303680419922
0.742 26.718544006347656
0.743 26.75525665283203
0.744 26.78976058959961
0.745 26.827152252197266
0.746 26.862239837646484
0.747 26.899005889892578
0.748 26.93459701538086
0.749 26.971160888671875
0.75 27.00643539428711
0.751 27.041893005371094
0.752 27.07910919189453
0.753 27.115238189697266
0.754 27.15146255493164
0.755 27.186569213867188
0.756 27.22344207763672
0.757 27.2586669921875
0.758 27.294673919677734
0.759 27.330188751220703
0.76 27.366981506347656
0.761 27.402759552001953
0.762 27.439537048339844
0.763 27.474769592285156
0.764 27.51132583618164
0.765 27.54666519165039
0.766 27.583580017089844
0.767 27.619564056396484
0.768 27.654373168945312
0.769 27.690505981445312
0.77 27.725414276123047
0.771 27.7628173828125
0.772 27.79828643798828
0.773 27.83507537841797
0.774 27.869979858398438
0.775 27.906780242919922
0.776 27.941608428955078
0.777 27.9781494140625
0.778 28.011791229248047
0.779 28.048171997070312
0.78 28.08245849609375
0.781 28.119308471679688
0.782 28.15454864501953
0.783 28.187240600585938
0.784 28.221847534179688
0.785 28.256656646728516
0.786 28.293121337890625
0.787 28.328407287597656
0.788 28.362808227539062
0.789 28.39776611328125
0.79 28.433971405029297
0.791 28.46853256225586
0.792 28.50619125366211
0.793 28.541011810302734
0.794 28.578166961669922
0.795 28.612823486328125
0.796 28.650253295898438
0.797 28.684741973876953
0.798 28.721893310546875
0.799 28.756336212158203
0.8 28.792964935302734
0.801 28.82767105102539
0.802 28.86184310913086
0.803 28.898136138916016
0.804 28.93393325805664
0.805 28.970966339111328
0.806 29.00649642944336
0.807 29.043426513671875
0.808 29.078609466552734
0.809 29.11499786376953
0.81 29.150585174560547
0.811 29.187179565429688
0.812 29.22177505493164
0.813 29.257709503173828
0.814 29.292945861816406
0.815 29.329059600830078
0.816 29.364036560058594
0.817 29.39881134033203
0.818 29.435543060302734
0.819 29.47003173828125
0.82 29.50650405883789
0.821 29.54241180419922
0.822 29.579235076904297
0.823 29.61429214477539
0.824 29.651058197021484
0.825 29.68669891357422
0.826 29.723316192626953
0.827 29.758056640625
0.828 29.793590545654297
0.829 29.82880401611328
0.83 29.86536407470703
0.831 29.9007568359375
0.832 29.936702728271484
0.833 29.971424102783203
0.834 30.005840301513672
0.835 30.04275131225586
0.836 30.078048706054688
0.837 30.114391326904297
0.838 30.14944839477539
0.839 30.185855865478516
0.84 30.22093963623047
0.841 30.257553100585938
0.842 30.292877197265625
0.843 30.33026123046875
0.844 30.364856719970703
0.845 30.401309967041016
0.846 30.43674087524414
0.847 30.47388458251953
0.848 30.509273529052734
0.849 30.54604721069336
0.85 30.580646514892578
0.851 30.615802764892578
0.852 30.652904510498047
0.853 30.687847137451172
0.854 30.724506378173828
0.855 30.75909423828125
0.856 30.795597076416016
0.857 30.830490112304688
0.858 30.86701202392578
0.859 30.902786254882812
0.86 30.938732147216797
0.861 30.97412109375
0.862 31.01058578491211
0.863 31.045398712158203
0.864 31.082969665527344
0.865 31.118412017822266
0.866 31.15561294555664
0.867 31.190258026123047
0.868 31.22502899169922
0.869 31.262184143066406
0.87 31.297637939453125
0.871 31.33456039428711
0.872 31.371055603027344
0.873 31.407020568847656
0.874 31.441909790039062
0.875 31.478271484375
0.876 31.512916564941406
0.877 31.549556732177734
0.878 31.58431625366211
0.879 31.621158599853516
0.88 31.655784606933594
0.881 31.693641662597656
0.882 31.728038787841797
0.883 31.764225006103516
0.884 31.79936981201172
0.885 31.832157135009766
0.886 31.869247436523438
0.887 31.903987884521484
0.888 31.941146850585938
0.889 31.976280212402344
0.89 32.013389587402344
0.891 32.048500061035156
0.892 32.08513641357422
0.893 32.12089157104492
0.894 32.15696334838867
0.895 32.192325592041016
0.896 32.22926712036133
0.897 32.26411819458008
0.898 32.30078887939453
0.899 32.33597946166992
0.9 32.374061584472656
0.901 32.409751892089844
0.902 32.443912506103516
0.903 32.48086166381836
0.904 32.516273498535156
0.905 32.55330276489258
0.906 32.58852005004883
0.907 32.625732421875
0.908 32.66106414794922
0.909 32.69758224487305
0.91 32.73258972167969
0.911 32.76955795288086
0.912 32.80503463745117
0.913 32.84242630004883
0.914 32.8777961730957
0.915 32.91468811035156
0.916 32.94988250732422
0.917 32.98580551147461
0.918 33.02301788330078
0.919 33.05855941772461
0.92 33.0951042175293
0.921 33.129947662353516
0.922 33.16788864135742
0.923 33.20265579223633
0.924 33.238861083984375
0.925 33.273040771484375
0.926 33.3103141784668
0.927 33.34538269042969
0.928 33.38214111328125
0.929 33.41725158691406
0.93 33.45355224609375
0.931 33.488712310791016
0.932 33.525447845458984
0.933 33.56065368652344
0.934 33.596466064453125
0.935 33.63409423828125
0.936 33.66862106323242
0.937 33.70583724975586
0.938 33.74102783203125
0.939 33.777732849121094
0.94 33.81346893310547
0.941 33.85015106201172
0.942 33.885250091552734
0.943 33.92179489135742
0.944 33.957332611083984
0.945 33.99433898925781
0.946 34.03025436401367
0.947 34.06743240356445
0.948 34.10211944580078
0.949 34.13872528076172
0.95 34.17365646362305
0.951 34.20847702026367
0.952 34.24416732788086
0.953 34.27946472167969
0.954 34.315673828125
0.955 34.35013961791992
0.956 34.38650894165039
0.957 34.421321868896484
0.958 34.45810317993164
0.959 34.49335479736328
0.96 34.53019332885742
0.961 34.56586837768555
0.962 34.60228729248047
0.963 34.63801956176758
0.964 34.67524719238281
0.965 34.71133804321289
0.966 34.748924255371094
0.967 34.783870697021484
0.968 34.81943893432617
0.969 34.856685638427734
0.97 34.8917121887207
0.971 34.928070068359375
0.972 34.96339797973633
0.973 35.00039291381836
0.974 35.035552978515625
0.975 35.07329177856445
0.976 35.10873794555664
0.977 35.14582824707031
0.978 35.18101119995117
0.979 35.217525482177734
0.98 35.25227737426758
0.981 35.28929901123047
0.982 35.3249397277832
0.983 35.36177062988281
0.984 35.396888732910156
0.985 35.43157958984375
0.986 35.46792984008789
0.987 35.50324249267578
0.988 35.540924072265625
0.989 35.57636642456055
0.99 35.613826751708984
0.991 35.64876937866211
0.992 35.68562698364258
0.993 35.719825744628906
0.994 35.75675582885742
0.995 35.792686462402344
0.996 35.8297233581543
0.997 35.86574935913086
0.998 35.903167724609375
0.999 35.93850326538086
1 35.975181579589844
