0 14.602
1 14.866
2 15.328
3 14.813
4 13.919
5 13.41
6 13.606
7 13.703
8 13.572
9 13.54
10 13.475
11 13.346
12 13.396
13 13.386
14 13.465
15 13.324
16 13.228
17 13.332
18 13.237
19 13.36
20 13.463
21 13.367
22 13.512
23 13.54
24 13.538
25 13.538
26 13.461
27 13.49
28 13.566
29 13.604
30 13.656
31 13.574
32 13.603
33 13.749
34 13.768
35 13.736
36 13.623
37 13.666
38 13.591
39 13.49
40 13.404
41 13.322
42 13.344
43 13.342
44 13.492
45 13.734
46 13.582
47 13.634
48 13.518
49 13.609
50 13.559
51 13.479
52 13.524
53 13.558
54 13.579
55 13.527
56 13.392
57 13.52
58 13.552
59 13.494
60 13.531
61 13.407
62 13.536
63 13.619
64 13.659
65 13.526
66 13.444
67 13.451
68 13.502
69 13.553
70 13.396
71 13.358
72 13.421
73 13.526
74 13.387
75 13.508
76 13.417
77 13.402
78 13.383
79 13.374
80 13.33
81 13.375
82 13.325
83 13.324
84 13.345
85 13.328
86 13.301
87 13.288
88 13.283
89 13.374
90 13.481
91 13.436
92 13.248
93 13.4
94 13.389
95 13.386
96 13.443
97 13.415
98 13.461
99 13.323
100 13.379
101 13.46
102 13.378
103 13.315
104 13.204
105 13.314
106 13.504
107 13.518
108 13.441
109 13.522
110 13.442
111 13.38
112 13.488
113 13.395
114 13.357
115 13.468
116 13.35
117 13.417
118 13.437
119 13.341
120 13.354
121 13.321
122 13.38
123 13.332
124 13.323
125 13.456
126 13.345
127 13.412
128 13.49
129 13.391
130 13.499
131 13.468
132 13.572
133 13.51
134 13.473
135 13.503
136 13.534
137 13.467
138 13.464
139 13.469
140 13.514
141 13.479
142 13.498
143 13.409
144 13.41
145 13.478
146 13.427
147 13.487
148 13.521
149 13.508
150 13.617
151 13.597
152 13.632
153 13.547
154 13.603
155 13.689
156 13.743
157 13.671
158 13.633
159 13.744
160 13.778
161 13.748
162 13.702
163 13.761
164 13.696
165 13.776
166 13.711
167 13.754
168 13.656
169 13.848
170 13.779
171 13.822
172 13.751
173 13.819
174 13.829
175 13.833
176 13.902
177 13.752
178 13.825
179 13.829
180 13.758
181 13.729
182 13.812
183 13.833
184 13.782
185 13.749
186 13.863
187 13.848
188 13.717
189 13.819
190 13.813
191 13.756
192 13.878
193 13.909
194 13.78
195 13.794
196 13.959
197 13.864
198 13.896
199 13.816
200 13.727
201 13.713
202 13.724
203 13.697
204 13.815
205 13.878
206 13.866
207 13.883
208 13.85
209 13.849
210 13.865
211 13.965
212 13.835
213 13.919
214 13.907
215 13.937
216 13.79
217 13.908
218 13.808
219 13.898
220 13.88
221 13.879
222 13.969
223 13.912
224 13.819
225 13.764
