0 1
1 0.905149
2 0.825061
3 0.815665
4 0.764231
5 0.735232
6 0.726405
7 0.721202
8 0.717658
9 0.708347
10 0.69167
11 0.688799
12 0.67057
13 0.666981
14 0.657653
15 0.648361
16 0.642492
17 0.637434
18 0.636826
19 0.631454
20 0.628495
21 0.627874
22 0.622541
23 0.610026
24 0.609047
25 0.606834
26 0.60533
27 0.601976
28 0.590016
29 0.587914
30 0.585992
31 0.582062
32 0.581302
33 0.576067
34 0.572281
35 0.571439
36 0.568099
37 0.565953
38 0.561022
39 0.557962
40 0.555194
41 0.551162
42 0.549105
43 0.547642
44 0.546093
45 0.543225
46 0.541498
47 0.540771
48 0.537308
49 0.535495
50 0.534149
51 0.533901
52 0.532168
53 0.529677
54 0.527956
55 0.514618
56 0.513656
57 0.510799
58 0.504081
59 0.503859
60 0.50323
61 0.499781
62 0.499239
63 0.497329
64 0.496657
65 0.493374
66 0.490941
67 0.490174
68 0.489313
69 0.486787
70 0.487141
71 0.484233
72 0.483422
73 0.483999
74 0.478225
75 0.47768
76 0.476257
77 0.475516
78 0.474734
79 0.473981
80 0.470747
81 0.469604
82 0.469302
83 0.469362
84 0.46902
85 0.468388
86 0.467753
87 0.467486
88 0.467016
89 0.466507
90 0.464732
91 0.462245
92 0.46183
93 0.459963
94 0.458476
95 0.457895
96 0.458075
97 0.449757
98 0.446611
99 0.446856
100 0.445704
101 0.444721
102 0.444298
103 0.442838
104 0.442333
105 0.441343
106 0.439679
107 0.434467
108 0.423636
109 0.423113
110 0.422199
111 0.421743
112 0.420644
113 0.420133
114 0.420007
115 0.420013
116 0.41865
117 0.417918
118 0.41666
119 0.416119
120 0.415296
121 0.415296
122 0.41489
123 0.414473
124 0.413892
125 0.413238
126 0.412621
127 0.411278
128 0.41078
129 0.410389
130 0.408338
131 0.40805
132 0.408205
133 0.407618
134 0.407318
135 0.406928
136 0.406676
137 0.406554
138 0.404921
139 0.405363
140 0.404325
141 0.403894
142 0.403326
143 0.402463
144 0.4018
145 0.399239
146 0.399145
147 0.398823
148 0.398808
149 0.398536
150 0.397288
151 0.396553
152 0.395742
153 0.394807
154 0.393689
155 0.393526
156 0.39307
157 0.392584
158 0.391922
159 0.390394
160 0.389915
161 0.389714
162 0.388423
163 0.3879
164 0.387069
165 0.386291
166 0.386133
167 0.384297
168 0.3841
169 0.382408
170 0.381528
171 0.380799
172 0.380799
173 0.380742
174 0.380909
175 0.380979
176 0.380841
177 0.380556
178 0.380241
179 0.380412
180 0.380459
181 0.380406
182 0.380386
183 0.380661
184 0.380268
185 0.377754
186 0.377437
187 0.376716
188 0.376514
189 0.376514
190 0.376122
191 0.374273
192 0.374297
193 0.37321
194 0.372719
195 0.372181
196 0.372187
197 0.372414
198 0.370639
199 0.36949
200 0.369231
201 0.368885
202 0.369172
203 0.368872
204 0.365743
205 0.365616
206 0.365474
207 0.365474
208 0.365001
209 0.3642
210 0.364197
211 0.363692
212 0.362606
213 0.362143
214 0.361579
215 0.361579
216 0.361659
217 0.361397
218 0.360791
219 0.360634
220 0.360516
221 0.36027
222 0.36107
223 0.360732
224 0.361229
225 0.361162
