0 22.205
1 22.671
2 23.141
3 23.11
4 23.464
5 23.514
6 23.618
7 23.651
8 23.667
9 23.707
10 23.839
11 23.882
12 24
13 24.014
14 24.087
15 24.147
16 24.242
17 24.312
18 24.319
19 24.374
20 24.381
21 24.389
22 24.448
23 24.481
24 24.525
25 24.511
26 24.516
27 24.542
28 24.606
29 24.67
30 24.673
31 24.663
32 24.679
33 24.753
34 24.795
35 24.809
36 24.865
37 24.903
38 24.984
39 24.999
40 25
41 25.023
42 25.039
43 25.042
44 25.073
45 25.12
46 25.132
47 25.143
48 25.177
49 25.205
50 25.21
51 25.208
52 25.221
53 25.246
54 25.249
55 25.335
56 25.353
57 25.377
58 25.397
59 25.399
60 25.409
61 25.398
62 25.434
63 25.466
64 25.479
65 25.534
66 25.551
67 25.565
68 25.569
69 25.592
70 25.6
71 25.612
72 25.637
73 25.641
74 25.732
75 25.742
76 25.754
77 25.758
78 25.757
79 25.767
80 25.778
81 25.784
82 25.788
83 25.791
84 25.807
85 25.82
86 25.818
87 25.835
88 25.851
89 25.883
90 25.882
91 25.904
92 25.915
93 25.952
94 25.975
95 25.987
96 25.979
97 26.056
98 26.089
99 26.093
100 26.115
101 26.15
102 26.155
103 26.14
104 26.157
105 26.163
106 26.189
107 26.152
108 26.254
109 26.29
110 26.316
111 26.318
112 26.321
113 26.32
114 26.403
115 26.415
116 26.437
117 26.465
118 26.48
119 26.489
120 26.493
121 26.493
122 26.494
123 26.527
124 26.523
125 26.542
126 26.555
127 26.578
128 26.583
129 26.594
130 26.616
131 26.651
132 26.661
133 26.683
134 26.694
135 26.694
136 26.689
137 26.693
138 26.688
139 26.693
140 26.676
141 26.706
142 26.728
143 26.742
144 26.745
145 26.775
146 26.797
147 26.794
148 26.781
149 26.794
150 26.809
151 26.824
152 26.818
153 26.828
154 26.832
155 26.845
156 26.853
157 26.865
158 26.878
159 26.919
160 26.915
161 26.92
162 26.946
163 26.972
164 26.979
165 26.993
166 26.998
167 27.017
168 27.036
169 27.076
170 27.109
171 27.122
172 27.121
173 27.124
174 27.127
175 27.127
176 27.121
177 27.116
178 27.105
179 27.123
180 27.121
181 27.122
182 27.128
183 27.139
184 27.133
185 27.118
186 27.116
187 27.129
188 27.133
189 27.133
190 27.143
191 27.169
192 27.174
193 27.182
194 27.177
195 27.164
196 27.165
197 27.185
198 27.212
199 27.227
200 27.242
201 27.238
202 27.247
203 27.244
204 27.33
205 27.343
206 27.341
207 27.341
208 27.351
209 27.361
210 27.36
211 27.385
212 27.391
213 27.422
214 27.425
215 27.425
216 27.423
217 27.429
218 27.439
219 27.434
220 27.434
221 27.435
222 27.444
223 27.453
224 27.455
225 27.504
