0 1
1 1.01834
2 1.03968
3 1.03973
4 1.05162
5 1.06152
6 1.07003
7 1.07367
8 1.07508
9 1.07764
10 1.08358
11 1.0846
12 1.08746
13 1.08733
14 1.09021
15 1.09418
16 1.09807
17 1.10144
18 1.10214
19 1.10443
20 1.10765
21 1.1079
22 1.10919
23 1.11081
24 1.1116
25 1.11178
26 1.11181
27 1.11263
28 1.11488
29 1.11648
30 1.11683
31 1.11833
32 1.11889
33 1.12318
34 1.12583
35 1.12702
36 1.12805
37 1.12804
38 1.1324
39 1.13333
40 1.13348
41 1.13525
42 1.13633
43 1.13729
44 1.13886
45 1.14053
46 1.14116
47 1.14206
48 1.14377
49 1.14439
50 1.14478
51 1.14536
52 1.14545
53 1.14689
54 1.14682
55 1.14792
56 1.14893
57 1.1495
58 1.15069
59 1.15083
60 1.15161
61 1.15301
62 1.15369
63 1.15578
64 1.15533
65 1.15625
66 1.15668
67 1.15726
68 1.15773
69 1.15957
70 1.15888
71 1.15893
72 1.15944
73 1.15949
74 1.1611
75 1.16302
76 1.1641
77 1.16465
78 1.16534
79 1.16587
80 1.16646
81 1.16671
82 1.16659
83 1.16658
84 1.16733
85 1.1681
86 1.16811
87 1.16814
88 1.16912
89 1.17033
90 1.17078
91 1.17132
92 1.17322
93 1.17443
94 1.17615
95 1.17721
96 1.17771
97 1.18068
98 1.18201
99 1.18177
100 1.18267
101 1.18318
102 1.18287
103 1.18336
104 1.18387
105 1.18383
106 1.18562
107 1.18431
108 1.18529
109 1.18641
110 1.18656
111 1.18693
112 1.18764
113 1.18756
114 1.18947
115 1.1891
116 1.18991
117 1.19159
118 1.19259
119 1.19361
120 1.19356
121 1.19356
122 1.1944
123 1.19488
124 1.19544
125 1.19621
126 1.19676
127 1.19751
128 1.19748
129 1.19792
130 1.19888
131 1.20039
132 1.20042
133 1.20052
134 1.20055
135 1.2006
136 1.20114
137 1.20176
138 1.20174
139 1.20202
140 1.20259
141 1.20366
142 1.20455
143 1.20667
144 1.2069
145 1.20659
146 1.20744
147 1.2071
148 1.20797
149 1.2081
150 1.20946
151 1.21027
152 1.21042
153 1.21097
154 1.21113
155 1.2116
156 1.21174
157 1.21206
158 1.21167
159 1.21226
160 1.21288
161 1.21339
162 1.21397
163 1.21436
164 1.21396
165 1.21532
166 1.21553
167 1.21978
168 1.22033
169 1.22301
170 1.22333
171 1.22423
172 1.22454
173 1.2246
174 1.22478
175 1.22567
176 1.22609
177 1.22615
178 1.22643
179 1.22755
180 1.22755
181 1.22769
182 1.22795
183 1.22885
184 1.22869
185 1.22918
186 1.22923
187 1.23064
188 1.23052
189 1.23046
190 1.23031
191 1.23082
192 1.23078
193 1.23124
194 1.23061
195 1.22929
196 1.22959
197 1.2302
198 1.23062
199 1.23344
200 1.23396
201 1.23429
202 1.23425
203 1.23425
204 1.23613
205 1.23664
206 1.23683
207 1.23683
208 1.23752
209 1.23825
210 1.23856
211 1.23921
212 1.23973
213 1.24029
214 1.24039
215 1.24026
216 1.2407
217 1.24158
218 1.24152
219 1.24135
220 1.24102
221 1.24166
222 1.2422
223 1.24317
224 1.24322
225 1.24511
