0 1
1 0.989704
2 1.01662
3 1.01125
4 0.92932
5 0.903107
6 0.916519
7 0.912438
8 0.909117
9 0.903093
10 0.880647
11 0.867335
12 0.861895
13 0.860686
14 0.857623
15 0.844725
16 0.832584
17 0.835239
18 0.834622
19 0.837633
20 0.839174
21 0.839123
22 0.841146
23 0.841847
24 0.842582
25 0.841442
26 0.830497
27 0.830737
28 0.827768
29 0.826724
30 0.825975
31 0.826275
32 0.82673
33 0.837316
34 0.829145
35 0.823319
36 0.824936
37 0.821698
38 0.800947
39 0.795651
40 0.795724
41 0.796801
42 0.797368
43 0.797768
44 0.798561
45 0.799506
46 0.798765
47 0.796991
48 0.796515
49 0.793222
50 0.792741
51 0.792513
52 0.792625
53 0.793101
54 0.792717
55 0.78737
56 0.785133
57 0.78535
58 0.783639
59 0.783543
60 0.783696
61 0.780458
62 0.780583
63 0.781778
64 0.78212
65 0.780461
66 0.769758
67 0.771126
68 0.771717
69 0.765682
70 0.768188
71 0.767179
72 0.76821
73 0.767952
74 0.763567
75 0.77225
76 0.772688
77 0.772792
78 0.773129
79 0.771378
80 0.770863
81 0.770841
82 0.770411
83 0.767849
84 0.768245
85 0.767514
86 0.767619
87 0.766337
88 0.766372
89 0.765947
90 0.766504
91 0.767646
92 0.760315
93 0.761657
94 0.75828
95 0.758684
96 0.760394
97 0.754327
98 0.754684
99 0.754304
100 0.755181
101 0.75594
102 0.755732
103 0.754895
104 0.755944
105 0.755028
106 0.752948
107 0.754609
108 0.754254
109 0.752545
110 0.752585
111 0.75274
112 0.753259
113 0.753891
114 0.745427
115 0.744516
116 0.743098
117 0.743604
118 0.742483
119 0.735237
120 0.735376
121 0.735376
122 0.735706
123 0.735703
124 0.73494
125 0.736991
126 0.734702
127 0.73618
128 0.736014
129 0.735286
130 0.734929
131 0.734238
132 0.734518
133 0.734743
134 0.734216
135 0.733406
136 0.733526
137 0.73402
138 0.733946
139 0.734446
140 0.734593
141 0.734826
142 0.734827
143 0.726718
144 0.727131
145 0.726531
146 0.7268
147 0.726405
148 0.725882
149 0.726021
150 0.729803
151 0.730373
152 0.730414
153 0.730016
154 0.730083
155 0.730137
156 0.730812
157 0.730718
158 0.730315
159 0.730428
160 0.730588
161 0.730956
162 0.731437
163 0.729874
164 0.728026
165 0.728626
166 0.728466
167 0.726583
168 0.726968
169 0.722102
170 0.722235
171 0.7235
172 0.724075
173 0.724313
174 0.724504
175 0.725188
176 0.7253
177 0.725279
178 0.72635
179 0.720556
180 0.720546
181 0.720444
182 0.72011
183 0.720864
184 0.721276
185 0.71558
186 0.715657
187 0.715946
188 0.715979
189 0.71611
190 0.715937
191 0.715181
192 0.715287
193 0.71502
194 0.715567
195 0.713732
196 0.713218
197 0.713917
198 0.714515
199 0.713232
200 0.711264
201 0.710863
202 0.710753
203 0.70825
204 0.703923
205 0.705034
206 0.704122
207 0.704122
208 0.703737
209 0.704158
210 0.704314
211 0.702749
212 0.704014
213 0.701298
214 0.70107
215 0.700746
216 0.702713
217 0.703377
218 0.703492
219 0.70358
220 0.703891
221 0.703353
222 0.703721
223 0.699727
224 0.69925
225 0.696204
