0 0.1525
1 0.114261
2 0.0811033
3 0.0793031
4 0.0667017
5 0.0616422
6 0.0600071
7 0.0587046
8 0.0582062
9 0.0570042
10 0.0554475
11 0.0546924
12 0.0524979
13 0.0520678
14 0.050728
15 0.0494034
16 0.0482305
17 0.0474734
18 0.0473598
19 0.0465848
20 0.0463669
21 0.0463378
22 0.045165
23 0.0445122
24 0.0442116
25 0.0438608
26 0.0436843
27 0.0433281
28 0.042101
29 0.0414715
30 0.041334
31 0.0410226
32 0.0409301
33 0.0401825
34 0.0397356
35 0.0394474
36 0.0389848
37 0.0386788
38 0.0378709
39 0.0376436
40 0.0373061
41 0.0370416
42 0.0368082
43 0.0365928
44 0.0363457
45 0.0360109
46 0.0358579
47 0.0357702
48 0.0355459
49 0.0354024
50 0.0352945
51 0.0352231
52 0.0349391
53 0.0347727
54 0.0346199
55 0.0337354
56 0.0333937
57 0.033273
58 0.0330215
59 0.0329922
60 0.0328533
61 0.0326554
62 0.0325777
63 0.0324615
64 0.0323732
65 0.0322522
66 0.0320022
67 0.0319322
68 0.0319077
69 0.0317173
70 0.0316724
71 0.0314506
72 0.0313792
73 0.0313298
74 0.031002
75 0.0308657
76 0.0307496
77 0.0307004
78 0.0306781
79 0.0305846
80 0.0304043
81 0.0303313
82 0.0303172
83 0.0302879
84 0.0302464
85 0.0302135
86 0.0301609
87 0.0300651
88 0.0298731
89 0.0298462
90 0.029756
91 0.0295932
92 0.0295478
93 0.0294658
94 0.0293057
95 0.0292874
96 0.029215
97 0.0288427
98 0.0286475
99 0.0286486
100 0.0286369
101 0.0286291
102 0.0286168
103 0.0284866
104 0.028434
105 0.0283689
106 0.0281435
107 0.0277366
108 0.0275692
109 0.0275315
110 0.0273997
111 0.0273585
112 0.0273594
113 0.0272851
114 0.0268943
115 0.0267453
116 0.0266499
117 0.0265871
118 0.0265264
119 0.0264602
120 0.0263115
121 0.0263115
122 0.0263081
123 0.0262361
124 0.0261948
125 0.0260496
126 0.0260035
127 0.0259459
128 0.0259335
129 0.0259084
130 0.0258863
131 0.0258408
132 0.0257669
133 0.0257614
134 0.0256415
135 0.0256325
136 0.0256162
137 0.0255766
138 0.0254696
139 0.0254271
140 0.0252841
141 0.0252236
142 0.0252103
143 0.0251637
144 0.0251194
145 0.0249974
146 0.0249416
147 0.0249277
148 0.0248912
149 0.0248823
150 0.0248653
151 0.024807
152 0.0247664
153 0.0247249
154 0.0245812
155 0.0245625
156 0.0245037
157 0.0244935
158 0.024421
159 0.0243568
160 0.0242814
161 0.0242631
162 0.0242256
163 0.0241682
164 0.0241242
165 0.0240881
166 0.0240873
167 0.0240502
168 0.0240059
169 0.0238564
170 0.0237851
171 0.0238162
172 0.0238195
173 0.0238374
174 0.0238473
175 0.0238597
176 0.0238428
177 0.0238327
178 0.0238476
179 0.0238208
180 0.0238193
181 0.0238199
182 0.0237247
183 0.0237338
184 0.0237121
185 0.0236005
186 0.0235932
187 0.023582
188 0.023581
189 0.023581
190 0.0235205
191 0.0234607
192 0.0234549
193 0.0233985
194 0.0233841
195 0.0233529
196 0.023316
197 0.0232801
198 0.0232741
199 0.0232484
200 0.0232135
201 0.0231849
202 0.0231937
203 0.0231675
204 0.0230849
205 0.0231
206 0.0230765
207 0.0230765
208 0.0229595
209 0.0229377
210 0.0229264
211 0.0229043
212 0.0228183
213 0.0227755
214 0.0227595
215 0.0227595
216 0.022761
217 0.0227365
218 0.0227252
219 0.0227184
220 0.0225738
221 0.0225387
222 0.0225577
223 0.0225288
224 0.022495
225 0.0223563
