0 4.0993
1 4.19099
2 4.2862
3 4.27558
4 4.34297
5 4.34918
6 4.36951
7 4.3755
8 4.37846
9 4.38466
10 4.41305
11 4.4222
12 4.44599
13 4.44875
14 4.46231
15 4.47535
16 4.49531
17 4.50924
18 4.51101
19 4.52308
20 4.52471
21 4.52637
22 4.53754
23 4.54551
24 4.55525
25 4.55097
26 4.55193
27 4.5564
28 4.57008
29 4.58354
30 4.58373
31 4.58209
32 4.58525
33 4.601
34 4.61149
35 4.61331
36 4.62465
37 4.6328
38 4.65056
39 4.65373
40 4.65351
41 4.6584
42 4.6617
43 4.66159
44 4.66769
45 4.68006
46 4.68251
47 4.68417
48 4.69075
49 4.69609
50 4.69706
51 4.69634
52 4.69841
53 4.70338
54 4.70296
55 4.72033
56 4.72139
57 4.7262
58 4.73079
59 4.73091
60 4.73182
61 4.7291
62 4.73697
63 4.74392
64 4.74698
65 4.76014
66 4.76431
67 4.76727
68 4.76793
69 4.7716
70 4.77346
71 4.77538
72 4.78098
73 4.78211
74 4.80002
75 4.80266
76 4.80483
77 4.80552
78 4.80467
79 4.80645
80 4.80691
81 4.80747
82 4.80848
83 4.80953
84 4.81325
85 4.8158
86 4.81482
87 4.81743
88 4.82043
89 4.82787
90 4.82674
91 4.83047
92 4.83274
93 4.84058
94 4.84523
95 4.84764
96 4.84568
97 4.85437
98 4.86033
99 4.86132
100 4.86674
101 4.87478
102 4.87553
103 4.87262
104 4.8759
105 4.87646
106 4.88204
107 4.875
108 4.89745
109 4.90586
110 4.91166
111 4.91165
112 4.91227
113 4.91229
114 4.92898
115 4.93052
116 4.93359
117 4.9397
118 4.94552
119 4.94677
120 4.94637
121 4.94637
122 4.94643
123 4.9536
124 4.95251
125 4.95562
126 4.95866
127 4.9643
128 4.96566
129 4.96783
130 4.97329
131 4.98015
132 4.98251
133 4.98741
134 4.98933
135 4.98898
136 4.9876
137 4.98847
138 4.98742
139 4.98794
140 4.98297
141 4.98977
142 4.99383
143 4.99728
144 4.99788
145 5.00529
146 5.01005
147 5.0089
148 5.00458
149 5.00735
150 5.01003
151 5.01238
152 5.01126
153 5.01287
154 5.01258
155 5.01532
156 5.01662
157 5.01892
158 5.02199
159 5.03043
160 5.03055
161 5.03142
162 5.03711
163 5.04214
164 5.04357
165 5.04648
166 5.04713
167 5.05003
168 5.05464
169 5.0625
170 5.0684
171 5.07075
172 5.07054
173 5.07134
174 5.07171
175 5.07159
176 5.06991
177 5.06879
178 5.06698
179 5.07076
180 5.07023
181 5.07052
182 5.07085
183 5.07329
184 5.07157
185 5.06757
186 5.06679
187 5.06949
188 5.07035
189 5.07035
190 5.07253
191 5.07693
192 5.07814
193 5.08012
194 5.07825
195 5.07524
196 5.07503
197 5.07941
198 5.08411
199 5.08678
200 5.08954
201 5.08843
202 5.09142
203 5.09051
204 5.1111
205 5.11402
206 5.11362
207 5.11362
208 5.11587
209 5.11696
210 5.1165
211 5.12211
212 5.12371
213 5.1303
214 5.13068
215 5.13068
216 5.13011
217 5.13083
218 5.13305
219 5.13174
220 5.13078
221 5.13082
222 5.13342
223 5.1356
224 5.13622
225 5.14414
