0 1
1 0.811923
2 0.630731
3 0.620021
4 0.53706
5 0.499642
6 0.486051
7 0.475321
8 0.471863
9 0.46219
10 0.450075
11 0.444064
12 0.426518
13 0.422537
14 0.412862
15 0.401512
16 0.391977
17 0.385996
18 0.385284
19 0.378956
20 0.37709
21 0.376864
22 0.368406
23 0.363606
24 0.361702
25 0.358677
26 0.35754
27 0.355194
28 0.345201
29 0.340307
30 0.33935
31 0.336986
32 0.336313
33 0.331429
34 0.327296
35 0.325088
36 0.320931
37 0.318369
38 0.312076
39 0.31047
40 0.308131
41 0.305475
42 0.303893
43 0.302397
44 0.300578
45 0.29775
46 0.296391
47 0.295701
48 0.293644
49 0.292444
50 0.291846
51 0.29132
52 0.289078
53 0.288041
54 0.286914
55 0.279383
56 0.276884
57 0.275617
58 0.274327
59 0.274121
60 0.273328
61 0.271058
62 0.270273
63 0.269623
64 0.26885
65 0.267793
66 0.265753
67 0.265226
68 0.264997
69 0.263575
70 0.263291
71 0.26156
72 0.260881
73 0.260197
74 0.257693
75 0.256474
76 0.255629
77 0.255125
78 0.254964
79 0.254225
80 0.252813
81 0.252326
82 0.25203
83 0.251609
84 0.251346
85 0.251083
86 0.250744
87 0.250041
88 0.24878
89 0.248358
90 0.247359
91 0.245842
92 0.245557
93 0.244784
94 0.243328
95 0.243245
96 0.242416
97 0.238654
98 0.237258
99 0.237269
100 0.237153
101 0.236961
102 0.23682
103 0.235678
104 0.235019
105 0.234664
106 0.232692
107 0.229942
108 0.228557
109 0.228332
110 0.227161
111 0.226897
112 0.2268
113 0.226237
114 0.222946
115 0.221715
116 0.221023
117 0.220419
118 0.21974
119 0.219358
120 0.217978
121 0.217978
122 0.217918
123 0.217126
124 0.216986
125 0.215475
126 0.215168
127 0.214629
128 0.214544
129 0.214351
130 0.214455
131 0.214181
132 0.213473
133 0.213464
134 0.212544
135 0.212493
136 0.212404
137 0.212201
138 0.211506
139 0.211165
140 0.20993
141 0.209468
142 0.209497
143 0.209254
144 0.208994
145 0.208155
146 0.20767
147 0.207599
148 0.207266
149 0.20722
150 0.207199
151 0.206491
152 0.206037
153 0.205742
154 0.204937
155 0.204781
156 0.204306
157 0.204269
158 0.203613
159 0.202934
160 0.202237
161 0.202042
162 0.201768
163 0.201188
164 0.200649
165 0.200392
166 0.200364
167 0.200122
168 0.199423
169 0.198284
170 0.197687
171 0.197821
172 0.197834
173 0.198297
174 0.198339
175 0.198552
176 0.198445
177 0.198394
178 0.198476
179 0.198258
180 0.198252
181 0.198253
182 0.197948
183 0.197987
184 0.197865
185 0.196916
186 0.196791
187 0.196725
188 0.196724
189 0.196724
190 0.196204
191 0.195688
192 0.19559
193 0.19496
194 0.194806
195 0.194624
196 0.194383
197 0.194041
198 0.194037
199 0.193791
200 0.193581
201 0.193285
202 0.193416
203 0.193155
204 0.192643
205 0.192804
206 0.192658
207 0.192658
208 0.191648
209 0.19148
210 0.191424
211 0.191319
212 0.190493
213 0.190108
214 0.189899
215 0.189899
216 0.189853
217 0.189615
218 0.189494
219 0.18942
220 0.188421
221 0.187983
222 0.188238
223 0.188004
224 0.187476
225 0.186218
