0 0.0857519
1 0.0843126
2 0.085658
3 0.0850414
4 0.0778037
5 0.075403
6 0.0762718
7 0.0759605
8 0.0756444
9 0.075116
10 0.0731549
11 0.0719615
12 0.071527
13 0.0714486
14 0.0711845
15 0.0700929
16 0.0690235
17 0.0692598
18 0.0692223
19 0.0693922
20 0.0695736
21 0.0695358
22 0.0696609
23 0.0697854
24 0.0698286
25 0.0697502
26 0.0686277
27 0.0686493
28 0.0683275
29 0.0682624
30 0.0682195
31 0.0682634
32 0.0683014
33 0.0690952
34 0.0684219
35 0.0679016
36 0.068033
37 0.0677439
38 0.0659512
39 0.0654668
40 0.0654561
41 0.0655683
42 0.0656139
43 0.0656596
44 0.0656981
45 0.0657681
46 0.0656966
47 0.0655577
48 0.0654797
49 0.0652646
50 0.0652283
51 0.0652103
52 0.0652201
53 0.0652543
54 0.0652268
55 0.0647785
56 0.0646214
57 0.0646387
58 0.0645126
59 0.0645067
60 0.0645144
61 0.0642469
62 0.0642592
63 0.0643288
64 0.0643475
65 0.0642063
66 0.063269
67 0.0633008
68 0.0633593
69 0.0628967
70 0.0630926
71 0.0630224
72 0.0630805
73 0.0630884
74 0.0627366
75 0.0633194
76 0.0633542
77 0.0633729
78 0.0634032
79 0.0632595
80 0.0632345
81 0.06319
82 0.0631596
83 0.0629651
84 0.0629947
85 0.0629453
86 0.0629542
87 0.062851
88 0.0628282
89 0.0627884
90 0.0628476
91 0.0629132
92 0.0623195
93 0.0624554
94 0.062228
95 0.0622408
96 0.0623537
97 0.0618818
98 0.0618907
99 0.0618612
100 0.0619218
101 0.0620174
102 0.0619932
103 0.0619172
104 0.0619939
105 0.0619271
106 0.0618002
107 0.0619429
108 0.0619358
109 0.0617859
110 0.0617719
111 0.061779
112 0.0618388
113 0.0618781
114 0.061152
115 0.0610536
116 0.0609357
117 0.0609759
118 0.0608778
119 0.0602513
120 0.0602737
121 0.0602737
122 0.0603084
123 0.060316
124 0.0602131
125 0.0604
126 0.0601887
127 0.0602856
128 0.0602686
129 0.0602103
130 0.0601743
131 0.0601104
132 0.0601305
133 0.0601427
134 0.0600984
135 0.0600563
136 0.0600722
137 0.0601249
138 0.0601186
139 0.0601548
140 0.0601465
141 0.0601478
142 0.0601554
143 0.0594579
144 0.0594871
145 0.0594242
146 0.0594481
147 0.0594199
148 0.0593895
149 0.0593922
150 0.0596555
151 0.0597057
152 0.0597255
153 0.0597047
154 0.0596901
155 0.0596947
156 0.0597326
157 0.0597206
158 0.0596941
159 0.059709
160 0.0597258
161 0.0597403
162 0.0597916
163 0.0596616
164 0.0594897
165 0.0595287
166 0.0595111
167 0.0593222
168 0.0593556
169 0.0589206
170 0.0589359
171 0.0589878
172 0.0590151
173 0.0590293
174 0.0590421
175 0.0591009
176 0.0591063
177 0.0591044
178 0.0591631
179 0.0586442
180 0.0586432
181 0.0586378
182 0.0586219
183 0.0586845
184 0.0586992
185 0.0583274
186 0.0583368
187 0.058408
188 0.0584064
189 0.0584166
190 0.0584204
191 0.0583561
192 0.0583677
193 0.0583385
194 0.058374
195 0.0582092
196 0.0581575
197 0.058217
198 0.0582785
199 0.0581649
200 0.0580348
201 0.0580133
202 0.058004
203 0.0577657
204 0.0574248
205 0.0575055
206 0.0574207
207 0.0574207
208 0.0573894
209 0.0574247
210 0.0574355
211 0.0573514
212 0.0574167
213 0.0572358
214 0.0572188
215 0.0571922
216 0.0573473
217 0.0574066
218 0.0574211
219 0.0574303
220 0.0574657
221 0.0574167
222 0.0574338
223 0.0571313
224 0.057097
225 0.0568179
