0 1
1 1.02667
2 1.05341
3 1.05091
4 1.06867
5 1.07111
6 1.07658
7 1.07839
8 1.07911
9 1.08092
10 1.08908
11 1.09094
12 1.09736
13 1.09808
14 1.10177
15 1.1054
16 1.11059
17 1.11421
18 1.11467
19 1.11784
20 1.11827
21 1.11872
22 1.12134
23 1.12315
24 1.12558
25 1.12468
26 1.12501
27 1.12608
28 1.12967
29 1.13294
30 1.13308
31 1.13277
32 1.13355
33 1.13732
34 1.14013
35 1.14077
36 1.14384
37 1.14612
38 1.15075
39 1.15164
40 1.15151
41 1.15255
42 1.15329
43 1.15334
44 1.15487
45 1.15791
46 1.15843
47 1.15882
48 1.1606
49 1.16192
50 1.16228
51 1.16206
52 1.16259
53 1.16376
54 1.16351
55 1.16849
56 1.16886
57 1.17008
58 1.17215
59 1.17217
60 1.17252
61 1.17205
62 1.174
63 1.17566
64 1.17642
65 1.1796
66 1.18066
67 1.1816
68 1.18181
69 1.18301
70 1.18357
71 1.18396
72 1.18532
73 1.18556
74 1.1904
75 1.19097
76 1.1917
77 1.19183
78 1.19168
79 1.1921
80 1.19232
81 1.19248
82 1.19276
83 1.19304
84 1.194
85 1.1946
86 1.19445
87 1.19497
88 1.19546
89 1.19734
90 1.19706
91 1.19797
92 1.19858
93 1.20056
94 1.20177
95 1.20243
96 1.20191
97 1.20374
98 1.20507
99 1.20532
100 1.20672
101 1.2088
102 1.20894
103 1.2084
104 1.20913
105 1.2093
106 1.21082
107 1.20878
108 1.21416
109 1.21627
110 1.21775
111 1.2177
112 1.21811
113 1.21818
114 1.22229
115 1.22254
116 1.22335
117 1.22473
118 1.22594
119 1.22613
120 1.22604
121 1.22604
122 1.22613
123 1.22793
124 1.22779
125 1.22871
126 1.22942
127 1.23083
128 1.23118
129 1.23168
130 1.23317
131 1.23486
132 1.23554
133 1.23677
134 1.23723
135 1.23713
136 1.23683
137 1.23696
138 1.23668
139 1.23682
140 1.23553
141 1.23707
142 1.2383
143 1.2391
144 1.23931
145 1.24123
146 1.24247
147 1.24219
148 1.2412
149 1.24191
150 1.24249
151 1.24306
152 1.24289
153 1.24324
154 1.24325
155 1.24386
156 1.2442
157 1.24473
158 1.2456
159 1.2476
160 1.24746
161 1.24766
162 1.24915
163 1.25042
164 1.25086
165 1.25161
166 1.25169
167 1.25271
168 1.25374
169 1.2558
170 1.25722
171 1.25793
172 1.25787
173 1.25807
174 1.25818
175 1.25819
176 1.25773
177 1.25753
178 1.25716
179 1.25809
180 1.25789
181 1.25796
182 1.25798
183 1.25857
184 1.25812
185 1.2569
186 1.25672
187 1.25745
188 1.25767
189 1.25767
190 1.2581
191 1.25927
192 1.25956
193 1.26009
194 1.25956
195 1.25883
196 1.25878
197 1.25973
198 1.26075
199 1.26159
200 1.26236
201 1.26207
202 1.26288
203 1.26264
204 1.26748
205 1.26819
206 1.26808
207 1.26808
208 1.2688
209 1.26899
210 1.26879
211 1.27026
212 1.27054
213 1.27226
214 1.27233
215 1.27233
216 1.27228
217 1.27255
218 1.27312
219 1.27284
220 1.27277
221 1.2728
222 1.27333
223 1.27387
224 1.27407
225 1.27642
