trial 1 : [22040, 10189, 12978, 10478, 21822]
trial 2 : [11330, 7372, 16199, 789, 13064]
trial 3 : [6691, 12994, 13815, 20283, 20385]
trial 4 : [16037, 1254, 10208, 1838, 13422]
trial 5 : [856, 17844, 2847, 15032, 17848]
trial 6 : [15205, 11197, 1773, 16262, 10695]
trial 7 : [8787, 8451, 1721, 14064, 5621]
trial 8 : [8601, 3706, 6541, 5176, 21332]
trial 9 : [18995, 8799, 12315, 11487, 7414]
trial 10 : [2704, 642, 9416, 6099, 13947]
trial 11 : [3546, 14771, 19465, 17952, 1144]
trial 12 : [21516, 16668, 12429, 16002, 19733]
trial 13 : [19122, 13807, 779, 7524, 3688]
trial 14 : [12465, 17939, 8739, 1658, 21192]
trial 15 : [2735, 15802, 9656, 12528, 4913]
trial 16 : [7560, 13807, 18587, 12898, 17665]
trial 17 : [9552, 18604, 20143, 2868, 15131]
trial 18 : [16171, 9886, 1099, 837, 15138]
trial 19 : [12574, 16128, 18998, 3193, 10033]
trial 20 : [15087, 6095, 12217, 3413, 9020]
trial 21 : [9244, 6653, 3868, 11510, 997]
trial 22 : [402, 12618, 309, 16086, 17938]
trial 23 : [22124, 9367, 10169, 4034, 1344]
trial 24 : [11205, 9182, 1068, 18987, 14065]
trial 25 : [1672, 11434, 20703, 2324, 1088]
trial 26 : [4218, 1329, 1543, 19801, 490]
trial 27 : [16909, 11865, 3745, 12993, 20158]
trial 28 : [3579, 6583, 15536, 737, 21423]
trial 29 : [19177, 10351, 2394, 20973, 12226]
trial 30 : [4665, 1978, 16117, 14545, 20128]
trial 31 : [3229, 11605, 22407, 12924, 13597]
trial 32 : [3872, 12572, 16366, 9206, 18245]
trial 33 : [17913, 12196, 3722, 18542, 10495]
trial 34 : [7769, 14594, 20775, 337, 16493]
trial 35 : [20917, 4148, 9594, 7118, 6022]
trial 36 : [5959, 6311, 17012, 19188, 18009]
trial 37 : [14155, 14789, 8042, 12599, 4710]
trial 38 : [6414, 21033, 20166, 21134, 7710]
trial 39 : [1460, 8688, 11087, 18325, 13947]
trial 40 : [13679, 16193, 3113, 10672, 17460]
trial 41 : [11888, 14123, 14462, 121, 12718]
trial 42 : [20355, 21633, 11014, 3500, 18051]
trial 43 : [7551, 16483, 9317, 18200, 660]
trial 44 : [21183, 13249, 11191, 16428, 861]
trial 45 : [15477, 15968, 19858, 2698, 3039]
trial 46 : [10732, 8475, 15800, 3017, 20728]
trial 47 : [2684, 16226, 16467, 6511, 14784]
trial 48 : [5641, 20391, 12852, 2716, 21893]
trial 49 : [4685, 9004, 2959, 20333, 7820]
trial 50 : [753, 20257, 14309, 14820, 4885]
trial 51 : [1633, 10567, 10336, 17207, 12272]
trial 52 : [1352, 1761, 19759, 17810, 15526]
trial 53 : [14565, 703, 5497, 12958, 3474]
trial 54 : [8702, 17340, 15045, 14504, 21440]
trial 55 : [5950, 8679, 20675, 19586, 731]
trial 56 : [2558, 19556, 9467, 10796, 20023]
trial 57 : [5418, 6079, 284, 18412, 19331]
trial 58 : [8017, 7695, 12815, 13059, 19147]
trial 59 : [7640, 11242, 8502, 17063, 4615]
trial 60 : [11414, 13288, 14806, 3776, 10232]
trial 61 : [11149, 19511, 19153, 17030, 13848]
trial 62 : [10629, 18757, 14277, 6492, 10403]
trial 63 : [8295, 5980, 17208, 4592, 16627]
trial 64 : [9893, 7238, 20271, 16963, 7614]
trial 65 : [17165, 4042, 4725, 3906, 11311]
trial 66 : [18393, 17898, 18433, 20399, 4161]
trial 67 : [6173, 12979, 12248, 18763, 987]
trial 68 : [19770, 14250, 7568, 15365, 17939]
trial 69 : [80, 838, 6597, 4238, 12765]
trial 70 : [8738, 19648, 12561, 4996, 21350]
trial 71 : [19093, 3050, 667, 9759, 16633]
trial 72 : [7342, 17944, 17092, 157, 1193]
trial 73 : [8885, 13306, 21669, 16606, 7492]
trial 74 : [11265, 474, 8865, 3314, 6501]
trial 75 : [458, 7994, 15351, 19536, 14962]
trial 76 : [840, 11533, 9113, 16206, 8098]
trial 77 : [8230, 21748, 1524, 18480, 9335]
trial 78 : [4436, 13322, 15175, 22405, 1355]
trial 79 : [4548, 1157, 19542, 467, 13963]
trial 80 : [2586, 15823, 21530, 9800, 17619]
trial 81 : [15123, 13327, 4606, 4473, 10716]
trial 82 : [13922, 9638, 6089, 6821, 12137]
trial 83 : [1465, 362, 11503, 15284, 6227]
trial 84 : [5074, 9266, 17153, 1979, 1955]
trial 85 : [2897, 10, 21407, 7675, 11478]
trial 86 : [7830, 8584, 1935, 2033, 2372]
trial 87 : [3258, 20591, 22045, 9464, 4169]
trial 88 : [15836, 826, 19756, 16763, 22051]
trial 89 : [18072, 20306, 15076, 3172, 8392]
trial 90 : [16982, 13121, 1127, 21657, 6236]
trial 91 : [17115, 6362, 8290, 578, 839]
trial 92 : [2758, 2747, 14397, 2176, 15606]
trial 93 : [19818, 2948, 14483, 20110, 21343]
trial 94 : [20688, 14823, 4311, 7561, 1451]
trial 95 : [15446, 14122, 5091, 1524, 3875]
trial 96 : [14693, 4204, 18828, 3768, 15568]
trial 97 : [10377, 2500, 20783, 1622, 10516]
trial 98 : [6371, 12732, 13108, 19350, 17612]
trial 99 : [4182, 17054, 6566, 15124, 20510]
trial 100 : [10575, 9174, 13182, 11146, 6902]
trial 101 : [6290, 878, 6356, 3454, 17332]
trial 102 : [16500, 10871, 21829, 1618, 11613]
trial 103 : [7737, 2478, 22255, 18088, 2761]
trial 104 : [3620, 16414, 21888, 14023, 4019]
trial 105 : [20853, 1250, 8107, 13553, 17237]
trial 106 : [13028, 3195, 8849, 6929, 12937]
trial 107 : [19843, 8342, 21035, 7921, 13785]
trial 108 : [10458, 9321, 16505, 2593, 20753]
trial 109 : [3876, 20809, 7193, 9034, 17461]
trial 110 : [22145, 19299, 16359, 7115, 18887]
trial 111 : [10178, 19385, 7201, 12139, 22373]
trial 112 : [16300, 14093, 6804, 12711, 15246]
trial 113 : [21965, 11242, 10070, 10467, 14993]
trial 114 : [12722, 12924, 94, 17315, 13632]
trial 115 : [8788, 21200, 684, 12255, 13643]
trial 116 : [17742, 2852, 16492, 10408, 1149]
trial 117 : [4912, 4534, 15607, 14191, 21907]
trial 118 : [11294, 3519, 7425, 11108, 13920]
trial 119 : [3290, 4236, 14059, 9176, 10246]
trial 120 : [10467, 8479, 5890, 3218, 20403]
trial 121 : [3759, 17827, 12501, 19490, 19356]
trial 122 : [14499, 5931, 7761, 1277, 16625]
trial 123 : [17953, 20808, 10904, 13979, 22170]
trial 124 : [21858, 15217, 16849, 1844, 3601]
trial 125 : [10159, 16974, 18595, 5558, 9345]
trial 126 : [1195, 15512, 5010, 2787, 12622]
trial 127 : [11539, 13451, 20740, 16703, 15215]
trial 128 : [20045, 319, 815, 2583, 1707]
trial 129 : [10520, 10957, 13119, 3369, 17741]
trial 130 : [13544, 20444, 7251, 17381, 6647]
trial 131 : [352, 12458, 9166, 2535, 12061]
trial 132 : [16493, 8197, 15351, 13256, 5701]
trial 133 : [21335, 20366, 7456, 12423, 20531]
trial 134 : [13225, 14659, 17297, 12276, 9016]
trial 135 : [8797, 16130, 8293, 3971, 14454]
trial 136 : [16205, 3719, 8219, 7061, 14333]
trial 137 : [15694, 16912, 6769, 10995, 13924]
trial 138 : [6250, 15607, 16068, 2593, 999]
trial 139 : [9237, 4503, 5443, 9960, 13759]
trial 140 : [11361, 16497, 10688, 20637, 2000]
trial 141 : [17049, 18933, 22333, 5867, 21365]
trial 142 : [21690, 2974, 2694, 15541, 3597]
trial 143 : [18041, 22074, 19295, 7483, 20763]
trial 144 : [4351, 16885, 12950, 8334, 6948]
trial 145 : [20937, 15976, 19440, 3437, 10385]
trial 146 : [21838, 7423, 14721, 6475, 17685]
trial 147 : [16117, 18979, 2835, 16355, 7974]
trial 148 : [14987, 11842, 9594, 9178, 11924]
trial 149 : [15988, 3258, 5230, 21242, 2618]
trial 150 : [5670, 7721, 12058, 5331, 10672]
trial 151 : [7534, 11356, 5461, 14465, 7200]
trial 152 : [8762, 8292, 18489, 17942, 9347]
trial 153 : [13036, 15809, 16722, 11460, 19400]
trial 154 : [7440, 21516, 19638, 8422, 21913]
trial 155 : [8816, 13484, 4172, 9228, 20530]
trial 156 : [136, 12974, 5348, 12812, 16860]
trial 157 : [13084, 10920, 4457, 8183, 913]
trial 158 : [7471, 15260, 9352, 18552, 2287]
trial 159 : [2541, 6404, 14252, 4565, 1912]
trial 160 : [5431, 18310, 21302, 1174, 9543]
trial 161 : [10530, 18912, 12415, 19313, 17997]
trial 162 : [13773, 14223, 6259, 11982, 16416]
trial 163 : [2643, 7591, 20282, 90, 16785]
trial 164 : [3275, 12472, 17737, 10432, 10913]
trial 165 : [8236, 4309, 10572, 13860, 17891]
trial 166 : [22347, 10996, 12461, 7202, 20860]
trial 167 : [12979, 16249, 3123, 15919, 19866]
trial 168 : [4653, 11301, 12596, 5915, 3945]
trial 169 : [16338, 22179, 3286, 7701, 248]
trial 170 : [8202, 14709, 12291, 16723, 10772]
trial 171 : [3021, 1032, 7216, 21716, 7461]
trial 172 : [18097, 11838, 14619, 13690, 11175]
trial 173 : [21143, 21764, 2102, 21147, 17744]
trial 174 : [353, 2840, 8268, 13710, 19442]
trial 175 : [20573, 3532, 10721, 17017, 7244]
trial 176 : [14473, 14167, 8252, 3166, 5388]
trial 177 : [5511, 12656, 16786, 1670, 1458]
trial 178 : [3682, 877, 16021, 3372, 4805]
trial 179 : [10317, 22457, 6521, 19803, 19173]
trial 180 : [5890, 19352, 15272, 4897, 16760]
trial 181 : [6736, 13977, 5026, 9862, 14717]
trial 182 : [12317, 12275, 18001, 11500, 1383]
trial 183 : [22447, 3414, 1160, 21653, 14014]
trial 184 : [20124, 12069, 6107, 13966, 19479]
trial 185 : [1892, 17824, 7010, 4823, 21496]
trial 186 : [22438, 10995, 11327, 18552, 20933]
trial 187 : [21667, 19070, 15174, 5987, 11651]
trial 188 : [8864, 22265, 2826, 193, 15256]
trial 189 : [8484, 11232, 6130, 13537, 13316]
trial 190 : [17342, 7248, 1485, 1286, 17529]
trial 191 : [2289, 22134, 11707, 12182, 4405]
trial 192 : [12569, 6016, 20850, 2795, 20700]
trial 193 : [4571, 19119, 10336, 10118, 14089]
trial 194 : [10754, 21134, 19285, 2311, 21159]
trial 195 : [19444, 21845, 16750, 12170, 7860]
trial 196 : [4737, 14000, 18474, 1080, 12073]
trial 197 : [9753, 21067, 12722, 8833, 20857]
trial 198 : [435, 2327, 15409, 11561, 9830]
trial 199 : [10789, 12003, 4313, 18385, 14736]
trial 200 : [7606, 2302, 22081, 2685, 3379]
trial 201 : [2327, 4081, 7538, 21640, 11912]
trial 202 : [15097, 2683, 19424, 1643, 4419]
trial 203 : [1577, 10537, 10445, 4646, 4295]
trial 204 : [16385, 11885, 14717, 20252, 2654]
trial 205 : [8164, 11439, 12405, 4344, 616]
trial 206 : [2343, 20896, 22019, 15487, 10337]
trial 207 : [10945, 16267, 21906, 4627, 22087]
trial 208 : [14453, 558, 14194, 17808, 18578]
trial 209 : [116, 3428, 10434, 5626, 7904]
trial 210 : [12357, 11243, 9074, 2867, 18801]
trial 211 : [19522, 15203, 15025, 22024, 6323]
trial 212 : [9781, 814, 4005, 21266, 17354]
trial 213 : [5479, 5024, 14669, 14364, 12951]
trial 214 : [20646, 7747, 6721, 455, 18362]
trial 215 : [9054, 782, 10135, 22373, 3719]
trial 216 : [15019, 17502, 4428, 986, 19349]
trial 217 : [17507, 17585, 10140, 20917, 20807]
trial 218 : [17720, 12931, 11198, 116, 2286]
trial 219 : [20635, 17172, 19343, 1565, 5024]
trial 220 : [2978, 794, 11707, 9360, 14135]
trial 221 : [10611, 987, 10980, 13382, 16941]
trial 222 : [19909, 4892, 18142, 15405, 13833]
trial 223 : [10191, 22332, 9021, 19654, 20712]
trial 224 : [7210, 9807, 5618, 3536, 14528]
trial 225 : [1036, 15431, 16832, 12116, 20446]
trial 226 : [5662, 7869, 8608, 12738, 6968]
trial 227 : [6924, 17774, 18735, 6162, 12995]
trial 228 : [8310, 5494, 14162, 1293, 8271]
trial 229 : [2245, 12430, 16552, 4256, 20078]
trial 230 : [21191, 5315, 17442, 16381, 704]
trial 231 : [9558, 14826, 1345, 1671, 10487]
trial 232 : [20241, 16767, 15618, 10965, 18665]
trial 233 : [14475, 11886, 9219, 13233, 10433]
trial 234 : [16638, 9861, 3771, 4338, 9981]
trial 235 : [533, 20601, 21608, 17049, 3350]
trial 236 : [2059, 151, 14840, 598, 7775]
trial 237 : [12374, 6726, 7042, 1193, 19887]
trial 238 : [20196, 14476, 17451, 5034, 1296]
trial 239 : [17339, 7373, 11489, 18027, 2381]
trial 240 : [16610, 16852, 13055, 5128, 5325]
trial 241 : [12970, 8671, 2980, 20218, 4581]
trial 242 : [18802, 3582, 11654, 20296, 10030]
trial 243 : [4758, 7631, 1934, 2151, 20615]
trial 244 : [8345, 14606, 18127, 12653, 8147]
trial 245 : [545, 5798, 1534, 15377, 2143]
trial 246 : [17507, 13317, 3035, 18469, 2014]
trial 247 : [10716, 7328, 15364, 16684, 18156]
trial 248 : [18808, 19108, 12541, 19431, 5506]
trial 249 : [8495, 14961, 4002, 17247, 11769]
trial 250 : [21832, 659, 9792, 8673, 5044]
trial 251 : [5664, 10575, 9575, 8368, 18861]
trial 252 : [17678, 15043, 21331, 8784, 690]
trial 253 : [4212, 3356, 8543, 10282, 12166]
trial 254 : [18624, 6314, 15516, 13670, 2295]
trial 255 : [559, 9484, 7607, 6100, 6436]
trial 256 : [9521, 4880, 15200, 13798, 5487]
trial 257 : [10485, 21283, 15442, 5031, 11918]
trial 258 : [4944, 9902, 10156, 19606, 12897]
trial 259 : [22389, 20753, 20103, 10111, 21669]
trial 260 : [1729, 19443, 3573, 15299, 2806]
trial 261 : [6662, 20197, 4346, 12202, 20656]
trial 262 : [13546, 16111, 17535, 7828, 2378]
trial 263 : [15166, 8264, 12808, 8511, 9980]
trial 264 : [20843, 1630, 5402, 6628, 10425]
trial 265 : [1155, 20409, 5225, 5294, 21548]
trial 266 : [6777, 13008, 19691, 15793, 12313]
trial 267 : [10836, 11676, 70, 8365, 21561]
trial 268 : [7384, 17066, 15878, 20733, 10215]
trial 269 : [15283, 14598, 229, 6072, 22006]
trial 270 : [19420, 10468, 18435, 5095, 20361]
trial 271 : [942, 3717, 2880, 18616, 13637]
trial 272 : [4223, 11736, 445, 15122, 21468]
trial 273 : [12186, 7171, 16924, 11436, 12538]
trial 274 : [14625, 12870, 1852, 9296, 20120]
trial 275 : [2629, 21585, 15805, 20892, 2228]
trial 276 : [4297, 12534, 4438, 20996, 19858]
trial 277 : [6277, 1320, 12947, 19532, 6202]
trial 278 : [17503, 11507, 19504, 13744, 20772]
trial 279 : [2362, 15969, 13816, 15550, 14104]
trial 280 : [2527, 8376, 8862, 16208, 7591]
trial 281 : [9052, 9786, 322, 5314, 21130]
trial 282 : [14355, 16146, 4777, 18979, 16760]
trial 283 : [9972, 34, 1299, 9359, 2986]
trial 284 : [2042, 12354, 18715, 4437, 9017]
trial 285 : [6535, 16043, 19972, 22227, 17155]
trial 286 : [2092, 21983, 10353, 17171, 358]
trial 287 : [13630, 427, 15030, 2381, 18108]
trial 288 : [10798, 20535, 856, 20852, 19801]
trial 289 : [12721, 4811, 20972, 22357, 20411]
trial 290 : [14124, 6510, 743, 12738, 11798]
trial 291 : [1956, 17064, 5765, 11654, 20784]
trial 292 : [17736, 14411, 3436, 11251, 8305]
trial 293 : [13091, 16879, 9755, 6918, 6471]
trial 294 : [7388, 8440, 8629, 6112, 10477]
trial 295 : [3704, 4672, 16115, 17711, 5888]
trial 296 : [11012, 16640, 13788, 10430, 19975]
trial 297 : [20605, 19706, 6874, 10577, 13736]
trial 298 : [8210, 1307, 19990, 9271, 4018]
trial 299 : [4520, 17004, 14663, 21542, 14429]
trial 300 : [19282, 6651, 20290, 17353, 12928]
trial 301 : [1032, 22298, 4682, 19280, 3902]
trial 302 : [4612, 2070, 9985, 8468, 15782]
trial 303 : [14963, 15558, 17651, 17168, 1603]
trial 304 : [8414, 4180, 4419, 1193, 15811]
trial 305 : [7816, 18845, 13041, 21563, 10086]
trial 306 : [4740, 16338, 9921, 1526, 8700]
trial 307 : [3816, 1251, 18341, 8669, 5572]
trial 308 : [10456, 6893, 13216, 16034, 21145]
trial 309 : [8277, 6328, 4903, 18849, 5636]
trial 310 : [2154, 4545, 19559, 12943, 6101]
trial 311 : [4231, 1047, 2607, 16677, 18373]
trial 312 : [17971, 17009, 382, 6960, 19104]
trial 313 : [10961, 13629, 11901, 12246, 16208]
trial 314 : [20565, 14599, 1821, 6293, 16646]
trial 315 : [1683, 15401, 378, 4201, 19902]
trial 316 : [17076, 10799, 6392, 14106, 16343]
trial 317 : [1336, 15716, 17004, 22048, 15721]
trial 318 : [5415, 20672, 6532, 11563, 11583]
trial 319 : [7928, 15263, 12496, 4465, 10958]
trial 320 : [3382, 8098, 2680, 15976, 10881]
trial 321 : [19289, 18748, 256, 14898, 6797]
trial 322 : [3190, 9133, 15254, 13031, 13054]
trial 323 : [15441, 9781, 15013, 10918, 871]
trial 324 : [22443, 638, 11677, 9630, 5327]
trial 325 : [6030, 16321, 8615, 6853, 19206]
trial 326 : [12357, 8947, 19189, 12118, 13934]
trial 327 : [2255, 14241, 13233, 15558, 12511]
trial 328 : [20355, 14095, 6294, 18671, 12214]
trial 329 : [1439, 21643, 15629, 8121, 16812]
trial 330 : [21890, 17698, 9051, 10914, 9348]
trial 331 : [5390, 17941, 3172, 3983, 5960]
trial 332 : [18892, 22326, 4295, 16406, 3212]
trial 333 : [12732, 1574, 4738, 11820, 2307]
trial 334 : [7379, 2889, 19202, 11865, 21962]
trial 335 : [16509, 7304, 809, 4993, 5863]
trial 336 : [18444, 12389, 6959, 4967, 5428]
trial 337 : [16309, 22100, 3242, 11565, 7824]
trial 338 : [13479, 17988, 9656, 4222, 10205]
trial 339 : [13034, 7710, 4103, 20107, 6697]
trial 340 : [11919, 9773, 2134, 18010, 21954]
trial 341 : [15194, 20346, 21975, 17227, 17151]
trial 342 : [12730, 12750, 10066, 60, 808]
trial 343 : [20094, 18531, 15969, 12747, 15695]
trial 344 : [6595, 16219, 15398, 8698, 8300]
trial 345 : [28, 3186, 6563, 1521, 14722]
trial 346 : [8022, 19278, 11289, 2097, 10921]
trial 347 : [17960, 8482, 13330, 16360, 7518]
trial 348 : [20650, 8460, 18589, 8476, 7046]
trial 349 : [9506, 10671, 20117, 9504, 8757]
trial 350 : [5991, 14135, 19667, 16968, 2062]
trial 351 : [14579, 10927, 15130, 9270, 21443]
trial 352 : [15852, 20731, 7444, 15794, 14042]
trial 353 : [13332, 14842, 2775, 3539, 13519]
trial 354 : [21055, 13286, 2002, 21368, 1370]
trial 355 : [3496, 10120, 22070, 474, 12705]
trial 356 : [11138, 11721, 46, 14537, 17518]
trial 357 : [5786, 15190, 15281, 8672, 14391]
trial 358 : [9167, 17273, 592, 5959, 21077]
trial 359 : [15384, 3206, 18791, 8788, 22460]
trial 360 : [15978, 22289, 14789, 9409, 1233]
trial 361 : [2299, 11932, 17236, 21563, 6198]
trial 362 : [820, 3248, 6247, 13364, 16494]
trial 363 : [16575, 16309, 684, 19763, 11086]
trial 364 : [19911, 17099, 22437, 471, 20349]
trial 365 : [5576, 12717, 10594, 17177, 962]
trial 366 : [21121, 16751, 4722, 13031, 2053]
trial 367 : [15671, 2787, 20053, 6642, 17980]
trial 368 : [15079, 19142, 14596, 8291, 12819]
trial 369 : [18792, 12048, 16715, 10916, 7178]
trial 370 : [16313, 19288, 22177, 5866, 16210]
trial 371 : [8854, 9274, 6533, 20253, 18261]
trial 372 : [17550, 5708, 17720, 11933, 4917]
trial 373 : [1200, 14764, 11723, 1410, 5172]
trial 374 : [5114, 17534, 5056, 20325, 401]
trial 375 : [3506, 21395, 11876, 17056, 20633]
trial 376 : [3342, 2604, 14407, 10829, 3169]
trial 377 : [12529, 8440, 3068, 17127, 7563]
trial 378 : [3902, 12933, 1721, 18357, 11680]
trial 379 : [409, 10157, 2567, 2198, 18912]
trial 380 : [16504, 22039, 22175, 10662, 673]
trial 381 : [4666, 5028, 12002, 17214, 20369]
trial 382 : [14420, 2758, 16523, 22139, 18262]
trial 383 : [3079, 21087, 22016, 13107, 9211]
trial 384 : [198, 3200, 756, 8969, 18694]
trial 385 : [2415, 2548, 22032, 18702, 14520]
trial 386 : [15301, 4657, 9186, 22260, 13280]
trial 387 : [6612, 2158, 1310, 12306, 14514]
trial 388 : [12364, 248, 21385, 16160, 5040]
trial 389 : [18546, 7961, 20227, 10317, 1007]
trial 390 : [17970, 3656, 15688, 20064, 5649]
trial 391 : [12039, 2776, 17945, 19517, 4743]
trial 392 : [2273, 20242, 10166, 17719, 3871]
trial 393 : [12264, 3408, 12891, 19200, 20114]
trial 394 : [10736, 5011, 257, 9449, 2573]
trial 395 : [39, 11715, 3488, 20647, 6660]
trial 396 : [14095, 6958, 5476, 5998, 16605]
trial 397 : [22006, 4937, 8977, 1176, 15169]
trial 398 : [1253, 5704, 7096, 1687, 4719]
trial 399 : [2852, 17776, 7615, 6667, 22419]
trial 400 : [4191, 20957, 18678, 10794, 21674]
trial 401 : [3089, 17546, 2338, 12252, 13187]
trial 402 : [5161, 17882, 20773, 314, 15392]
trial 403 : [10050, 5056, 8674, 12627, 14554]
trial 404 : [11426, 1533, 3048, 3462, 14184]
trial 405 : [18782, 20738, 6089, 8488, 290]
trial 406 : [10435, 1585, 11811, 21792, 1548]
trial 407 : [178, 4801, 15748, 3348, 10155]
trial 408 : [934, 17964, 17061, 17786, 22309]
trial 409 : [10394, 15040, 15156, 3151, 10782]
trial 410 : [6133, 10789, 9388, 18992, 625]
trial 411 : [18696, 3160, 10129, 12595, 7360]
trial 412 : [21226, 3671, 21172, 16333, 14553]
trial 413 : [7262, 14690, 9300, 14238, 21835]
trial 414 : [12656, 18015, 2331, 14481, 244]
trial 415 : [1037, 13234, 20728, 3557, 10533]
trial 416 : [6029, 3218, 15038, 9756, 18794]
trial 417 : [12141, 17517, 19102, 9272, 19418]
trial 418 : [2817, 5069, 4675, 13331, 1242]
trial 419 : [21483, 7111, 3446, 5045, 11558]
trial 420 : [6898, 2962, 2590, 4976, 15047]
trial 421 : [14924, 11342, 6982, 10957, 8390]
trial 422 : [15137, 13683, 1975, 16416, 21301]
trial 423 : [11272, 10533, 13550, 14171, 8132]
trial 424 : [8611, 7748, 1792, 9259, 181]
trial 425 : [18293, 706, 4469, 4738, 359]
trial 426 : [12541, 10820, 9359, 9984, 9114]
trial 427 : [1911, 5608, 5068, 4625, 13256]
trial 428 : [14940, 5743, 18058, 10282, 7371]
trial 429 : [22370, 8463, 5485, 10573, 6729]
trial 430 : [214, 2278, 815, 14090, 6372]
trial 431 : [9315, 12275, 20325, 7510, 5359]
trial 432 : [1900, 4313, 21380, 6536, 7820]
trial 433 : [2824, 20864, 1897, 2104, 19288]
trial 434 : [17803, 2435, 19494, 6691, 15678]
trial 435 : [17568, 16840, 3019, 15195, 4135]
trial 436 : [18905, 12196, 16759, 9608, 3272]
trial 437 : [15090, 712, 20460, 9287, 20505]
trial 438 : [10420, 14310, 2275, 7343, 11645]
trial 439 : [1821, 18070, 3225, 3773, 15377]
trial 440 : [8593, 16827, 810, 3478, 7851]
trial 441 : [19054, 6463, 17426, 16725, 9269]
trial 442 : [8174, 2368, 21096, 5074, 7104]
trial 443 : [17611, 3206, 22060, 11990, 1573]
trial 444 : [1016, 2364, 15107, 3060, 22264]
trial 445 : [11557, 3777, 4925, 11794, 12070]
trial 446 : [3413, 15435, 7765, 175, 834]
trial 447 : [6064, 5594, 22369, 10660, 8361]
trial 448 : [1671, 2981, 10783, 5668, 19871]
trial 449 : [1592, 5229, 4452, 15697, 15675]
trial 450 : [17851, 710, 6717, 11807, 10961]
trial 451 : [11251, 21221, 15009, 20344, 975]
trial 452 : [11152, 2649, 19352, 11703, 7149]
trial 453 : [21211, 10080, 18207, 5550, 15702]
trial 454 : [9357, 12619, 4897, 20458, 11137]
trial 455 : [1809, 10342, 17564, 18047, 8741]
trial 456 : [21668, 21840, 3385, 4729, 4230]
trial 457 : [6246, 1642, 6150, 14381, 12560]
trial 458 : [13702, 5736, 5680, 13822, 8028]
trial 459 : [6746, 8797, 20490, 3566, 14522]
trial 460 : [1016, 21553, 21296, 11042, 4198]
trial 461 : [21232, 19305, 10616, 4393, 2844]
trial 462 : [1353, 14842, 1282, 15868, 2423]
trial 463 : [1695, 16843, 16129, 10827, 11067]
trial 464 : [19205, 21437, 4476, 8273, 1290]
trial 465 : [14261, 411, 2169, 4597, 4737]
trial 466 : [2742, 15745, 3776, 12783, 17154]
trial 467 : [2037, 10762, 22193, 8339, 1888]
trial 468 : [19437, 18566, 3550, 11218, 15529]
trial 469 : [4621, 4278, 19639, 17272, 13426]
trial 470 : [4870, 13195, 4102, 9701, 2372]
trial 471 : [15732, 9654, 12870, 6829, 15792]
trial 472 : [17743, 19907, 12006, 19694, 19456]
trial 473 : [2583, 3744, 11903, 6019, 18409]
trial 474 : [9446, 12484, 17928, 12952, 11645]
trial 475 : [14761, 4737, 1469, 4310, 17158]
trial 476 : [6287, 17358, 1729, 12631, 21605]
trial 477 : [6527, 21539, 19504, 16665, 21813]
trial 478 : [5656, 19095, 17595, 396, 9994]
trial 479 : [945, 1348, 10369, 20060, 56]
trial 480 : [2490, 2701, 9212, 15625, 4270]
trial 481 : [13736, 11126, 4055, 18964, 16750]
trial 482 : [21219, 1294, 17718, 19679, 6560]
trial 483 : [310, 155, 2301, 18390, 3628]
trial 484 : [369, 15558, 3832, 20188, 10706]
trial 485 : [7896, 20225, 14320, 22107, 12311]
trial 486 : [2971, 8487, 16438, 11056, 2398]
trial 487 : [16205, 5049, 5749, 4116, 11831]
trial 488 : [5352, 8697, 12468, 22445, 14630]
trial 489 : [11334, 5242, 1075, 18932, 2373]
trial 490 : [13280, 17049, 20752, 1441, 6296]
trial 491 : [11391, 22240, 16210, 13203, 618]
trial 492 : [10, 18588, 18999, 2667, 540]
trial 493 : [9525, 12702, 16465, 5124, 16429]
trial 494 : [18728, 18875, 17403, 2850, 1762]
trial 495 : [4424, 7709, 20722, 11765, 12709]
trial 496 : [10078, 1757, 21734, 11415, 7204]
trial 497 : [4496, 1014, 1666, 21993, 3886]
trial 498 : [5218, 19966, 15727, 2917, 12734]
trial 499 : [16704, 14957, 795, 4019, 5838]
trial 500 : [14837, 10233, 6690, 5091, 10855]
trial 501 : [9333, 12891, 21016, 1563, 19799]
trial 502 : [6228, 3933, 10347, 11901, 12589]
trial 503 : [10098, 10406, 10524, 4496, 20979]
trial 504 : [2027, 21923, 7514, 16850, 3500]
trial 505 : [7918, 1187, 3696, 17336, 9679]
trial 506 : [21298, 5201, 8487, 10809, 711]
trial 507 : [14572, 20803, 11896, 12867, 15180]
trial 508 : [6673, 16119, 21409, 20193, 13737]
trial 509 : [6513, 6366, 9447, 18307, 11596]
trial 510 : [19410, 18138, 20032, 18071, 14277]
trial 511 : [7991, 7256, 312, 10281, 15151]
trial 512 : [5696, 888, 871, 13442, 17627]
trial 513 : [14149, 11387, 21316, 20397, 9507]
trial 514 : [6101, 17852, 9088, 14310, 7983]
trial 515 : [6080, 12485, 5743, 15569, 10584]
trial 516 : [15691, 9292, 7809, 2152, 21141]
trial 517 : [13021, 15197, 198, 7548, 20962]
trial 518 : [19084, 15395, 15472, 19697, 1881]
trial 519 : [17387, 1595, 9970, 1386, 17185]
trial 520 : [11151, 4428, 18931, 11730, 20067]
trial 521 : [10239, 12689, 18452, 17341, 7955]
trial 522 : [2648, 11997, 3283, 20312, 14733]
trial 523 : [693, 4409, 10762, 16749, 2746]
trial 524 : [5831, 1530, 6815, 16810, 562]
trial 525 : [5833, 21111, 14496, 9485, 15239]
trial 526 : [22396, 20045, 2294, 14450, 17223]
trial 527 : [7709, 14099, 13615, 7398, 12605]
trial 528 : [9179, 11962, 17634, 19607, 21485]
trial 529 : [11941, 6465, 888, 13717, 19026]
trial 530 : [10172, 12497, 18400, 4032, 12209]
trial 531 : [1958, 10306, 18293, 21682, 17928]
trial 532 : [5942, 282, 6748, 5207, 22202]
trial 533 : [12033, 9372, 421, 6920, 3330]
trial 534 : [13614, 6185, 3206, 17481, 7682]
trial 535 : [13065, 19454, 1029, 21547, 10998]
trial 536 : [11624, 3330, 19744, 4393, 6873]
trial 537 : [16475, 142, 19513, 20709, 2218]
trial 538 : [4297, 20243, 14873, 11091, 19781]
trial 539 : [4921, 7218, 13910, 19154, 12636]
trial 540 : [7363, 1361, 16547, 20606, 13339]
trial 541 : [9638, 1384, 227, 20702, 748]
trial 542 : [21309, 13431, 13025, 19541, 11020]
trial 543 : [1013, 11801, 20159, 21940, 20087]
trial 544 : [3307, 2978, 11296, 15857, 20400]
trial 545 : [19062, 3541, 1501, 4182, 4495]
trial 546 : [5976, 18530, 1853, 6744, 12799]
trial 547 : [12176, 16592, 4089, 15752, 9521]
trial 548 : [20421, 20952, 18216, 2724, 21346]
trial 549 : [5436, 18639, 15583, 11727, 2256]
trial 550 : [8710, 6792, 21939, 19523, 5910]
trial 551 : [8128, 18476, 21888, 1909, 9524]
trial 552 : [11561, 14883, 10348, 14999, 4044]
trial 553 : [8410, 6615, 16655, 13772, 16527]
trial 554 : [12759, 10535, 13674, 12860, 1359]
trial 555 : [5296, 2888, 13, 1128, 10732]
trial 556 : [3633, 18619, 8892, 10720, 14721]
trial 557 : [21642, 4161, 8680, 3661, 5837]
trial 558 : [12909, 1664, 12824, 2540, 12998]
trial 559 : [15191, 4492, 20403, 21936, 13818]
trial 560 : [18024, 20314, 19390, 14895, 14760]
trial 561 : [7478, 5865, 22086, 1107, 5569]
trial 562 : [12436, 21935, 11128, 12567, 14241]
trial 563 : [18057, 9394, 18609, 754, 2584]
trial 564 : [12262, 17476, 10829, 16298, 3864]
trial 565 : [10216, 10095, 360, 9458, 3485]
trial 566 : [11787, 877, 12091, 4023, 6919]
trial 567 : [18741, 9086, 16652, 1414, 20087]
trial 568 : [3044, 4809, 18445, 16481, 8287]
trial 569 : [3469, 1794, 14379, 12180, 809]
trial 570 : [9049, 1575, 15024, 4691, 10901]
trial 571 : [3922, 7517, 19744, 4600, 21361]
trial 572 : [17957, 2246, 15819, 124, 17874]
trial 573 : [7496, 10336, 17783, 1266, 18931]
trial 574 : [15923, 15645, 9951, 14222, 21486]
trial 575 : [7926, 6431, 1054, 9439, 2488]
trial 576 : [4594, 4443, 19559, 155, 2427]
trial 577 : [1378, 11356, 22043, 17234, 3484]
trial 578 : [22377, 7814, 13238, 18981, 15986]
trial 579 : [6436, 11703, 1529, 2058, 9957]
trial 580 : [11145, 3538, 14455, 20483, 9657]
trial 581 : [8904, 15422, 7878, 11491, 8287]
trial 582 : [15363, 18645, 15098, 18713, 16404]
trial 583 : [4369, 2408, 14659, 7173, 9525]
trial 584 : [2722, 5189, 8489, 4059, 21801]
trial 585 : [199, 8383, 14302, 19944, 21600]
trial 586 : [5893, 12647, 11063, 8714, 1714]
trial 587 : [5239, 3955, 947, 8483, 15921]
trial 588 : [7980, 10080, 14052, 10565, 5987]
trial 589 : [13485, 7725, 9964, 4420, 17643]
trial 590 : [11859, 18034, 21518, 1741, 264]
trial 591 : [20368, 11314, 17660, 13985, 2751]
trial 592 : [13778, 20870, 17267, 4803, 11930]
trial 593 : [694, 6194, 11228, 9922, 1925]
trial 594 : [7039, 12650, 8925, 11838, 3340]
trial 595 : [10009, 14584, 12192, 7853, 20678]
trial 596 : [3608, 21262, 5727, 7756, 14318]
trial 597 : [1897, 6706, 6060, 19834, 16591]
trial 598 : [12388, 21264, 10720, 14367, 9954]
trial 599 : [9445, 21488, 20933, 11878, 9395]
trial 600 : [12539, 13926, 6466, 20603, 5790]
trial 601 : [21370, 7864, 15595, 11157, 12968]
trial 602 : [21384, 1006, 21857, 22334, 13814]
trial 603 : [12533, 8954, 18043, 7134, 14590]
trial 604 : [21968, 16257, 15493, 6068, 7420]
trial 605 : [8865, 13054, 19215, 367, 19695]
trial 606 : [14997, 18368, 9873, 6630, 8335]
trial 607 : [3654, 984, 10748, 1676, 14582]
trial 608 : [8912, 17003, 9445, 8518, 16303]
trial 609 : [14016, 18094, 20001, 2471, 11121]
trial 610 : [19074, 20363, 6284, 16001, 13208]
trial 611 : [8496, 12788, 3323, 2349, 13748]
trial 612 : [11190, 11757, 6806, 4594, 589]
trial 613 : [21258, 20823, 7758, 9007, 10119]
trial 614 : [5472, 5570, 17293, 10191, 9938]
trial 615 : [9372, 13988, 54, 2077, 6758]
trial 616 : [11391, 6148, 5765, 21442, 9494]
trial 617 : [9464, 15920, 20160, 1358, 8161]
trial 618 : [9229, 13684, 10429, 3705, 9558]
trial 619 : [10652, 13584, 17929, 14529, 22036]
trial 620 : [19772, 12501, 2280, 2200, 3067]
trial 621 : [21545, 2705, 1729, 2899, 20913]
trial 622 : [230, 12136, 2870, 10184, 7153]
trial 623 : [10253, 9015, 11752, 11842, 14328]
trial 624 : [4587, 3631, 335, 22201, 8198]
trial 625 : [4160, 1423, 1036, 12292, 5350]
trial 626 : [9867, 13860, 1357, 6931, 9226]
trial 627 : [15781, 3663, 20572, 3979, 5881]
trial 628 : [17362, 793, 461, 7061, 12188]
trial 629 : [6256, 14884, 12047, 685, 18437]
trial 630 : [12213, 7742, 5635, 2873, 666]
trial 631 : [405, 1886, 17768, 1880, 16861]
trial 632 : [4537, 9818, 5319, 1378, 9712]
trial 633 : [5207, 7568, 20558, 22239, 20160]
trial 634 : [19527, 8260, 6565, 2411, 5825]
trial 635 : [4550, 19320, 9282, 19390, 12266]
trial 636 : [20072, 1790, 16657, 8376, 15954]
trial 637 : [15461, 11446, 2450, 17440, 7935]
trial 638 : [6510, 6794, 15800, 9922, 8511]
trial 639 : [2785, 900, 4731, 13532, 17323]
trial 640 : [19595, 6079, 4459, 4674, 15530]
trial 641 : [1127, 5862, 10274, 17243, 3972]
trial 642 : [10442, 1325, 87, 7562, 17445]
trial 643 : [13798, 20891, 6971, 11264, 11287]
trial 644 : [11254, 10223, 2537, 2123, 15438]
trial 645 : [11061, 21017, 7878, 8763, 17311]
trial 646 : [16312, 8869, 3219, 11523, 15828]
trial 647 : [5830, 14092, 3650, 3950, 19662]
trial 648 : [18894, 8244, 11544, 14342, 10482]
trial 649 : [6903, 16072, 5680, 9775, 8279]
trial 650 : [5066, 2361, 17362, 20397, 7680]
trial 651 : [762, 17082, 11616, 19142, 7107]
trial 652 : [2480, 402, 19154, 19668, 7077]
trial 653 : [12926, 21018, 9390, 17343, 336]
trial 654 : [15835, 13931, 11737, 17339, 8237]
trial 655 : [14274, 12722, 3269, 19126, 16037]
trial 656 : [15285, 6372, 16374, 11159, 13856]
trial 657 : [20850, 14415, 4846, 10781, 15585]
trial 658 : [11736, 14126, 971, 20266, 9474]
trial 659 : [15133, 1184, 21196, 9178, 16046]
trial 660 : [4147, 21667, 15707, 940, 2790]
trial 661 : [16004, 3637, 11549, 109, 16442]
trial 662 : [11927, 6962, 8169, 15660, 6208]
trial 663 : [11604, 18206, 10140, 3515, 19333]
trial 664 : [16717, 15386, 14046, 14363, 11739]
trial 665 : [12138, 14180, 2476, 18066, 19216]
trial 666 : [8972, 11488, 11944, 153, 18274]
trial 667 : [20256, 22454, 2088, 3957, 5531]
trial 668 : [8128, 13917, 16871, 22218, 18665]
trial 669 : [1300, 5061, 14065, 2316, 12206]
trial 670 : [4227, 11442, 14125, 2709, 12745]
trial 671 : [22316, 11005, 14428, 15506, 8602]
trial 672 : [5453, 8118, 235, 1012, 16404]
trial 673 : [21156, 21089, 10626, 400, 19004]
trial 674 : [12129, 2054, 11845, 1707, 15853]
trial 675 : [2104, 1079, 13471, 9250, 2092]
trial 676 : [13289, 21457, 20912, 6635, 8479]
trial 677 : [10567, 16583, 2878, 16979, 15785]
trial 678 : [1637, 17111, 2313, 7794, 6777]
trial 679 : [3617, 9778, 15820, 21088, 19767]
trial 680 : [18672, 20836, 18405, 16632, 11615]
trial 681 : [10761, 13820, 6476, 15865, 20925]
trial 682 : [11879, 2917, 2441, 5586, 22296]
trial 683 : [533, 15467, 2253, 15265, 6143]
trial 684 : [14093, 17092, 3171, 15595, 20499]
trial 685 : [9182, 5730, 19360, 13151, 15487]
trial 686 : [14546, 491, 11015, 12936, 8373]
trial 687 : [12699, 9647, 1081, 21452, 4311]
trial 688 : [204, 21759, 4870, 15357, 1662]
trial 689 : [3914, 18671, 11663, 22119, 7575]
trial 690 : [4397, 2762, 13092, 695, 19177]
trial 691 : [1115, 11618, 10167, 7819, 13348]
trial 692 : [4602, 8887, 19840, 5653, 2748]
trial 693 : [18608, 17751, 6726, 14775, 12895]
trial 694 : [13989, 13098, 18267, 5352, 2195]
trial 695 : [11529, 13101, 5772, 8312, 8129]
trial 696 : [13003, 4315, 13805, 9995, 8505]
trial 697 : [13642, 8937, 5390, 17688, 14276]
trial 698 : [20502, 14833, 4714, 7197, 17273]
trial 699 : [13524, 12274, 1063, 14029, 8314]
trial 700 : [6087, 7943, 18239, 22251, 9638]
trial 701 : [16706, 17520, 1402, 21956, 20659]
trial 702 : [940, 6254, 12341, 2618, 2430]
trial 703 : [17747, 8160, 20684, 15913, 16096]
trial 704 : [20331, 15315, 10170, 2079, 12145]
trial 705 : [20769, 325, 18250, 19558, 7375]
trial 706 : [6269, 11924, 5386, 11792, 5979]
trial 707 : [17005, 874, 16711, 6305, 17054]
trial 708 : [710, 5192, 16190, 11115, 18290]
trial 709 : [7160, 16526, 15382, 14369, 10911]
trial 710 : [10930, 18225, 14797, 13382, 1354]
trial 711 : [6188, 18107, 19780, 18069, 22001]
trial 712 : [5280, 15077, 9970, 16320, 11131]
trial 713 : [15173, 8821, 22461, 19887, 14478]
trial 714 : [14516, 15675, 9800, 16513, 847]
trial 715 : [10467, 5457, 20246, 19277, 5857]
trial 716 : [3512, 8473, 17812, 49, 4177]
trial 717 : [18893, 11206, 12803, 484, 20445]
trial 718 : [9483, 5255, 2229, 13010, 18992]
trial 719 : [11739, 5877, 2949, 8376, 18506]
trial 720 : [21255, 18261, 3383, 17188, 6835]
trial 721 : [6355, 15209, 20751, 1694, 1220]
trial 722 : [16839, 17104, 12060, 2727, 51]
trial 723 : [8299, 19414, 3182, 21806, 7462]
trial 724 : [4525, 5959, 12053, 9074, 14320]
trial 725 : [1986, 4400, 22250, 4401, 847]
trial 726 : [15868, 2929, 14239, 6576, 12912]
trial 727 : [6442, 18476, 18617, 12759, 16257]
trial 728 : [18081, 20907, 18553, 9086, 18765]
trial 729 : [15582, 721, 2726, 2222, 10568]
trial 730 : [6526, 1676, 9308, 5559, 2820]
trial 731 : [13776, 16103, 11766, 14656, 3049]
trial 732 : [10029, 7258, 408, 7200, 4097]
trial 733 : [20380, 21049, 2778, 1291, 11284]
trial 734 : [7323, 7706, 5001, 5580, 14280]
trial 735 : [14739, 21846, 8762, 17962, 7991]
trial 736 : [11800, 6106, 11832, 9128, 4800]
trial 737 : [5628, 21484, 9898, 8309, 18452]
trial 738 : [7416, 12785, 18579, 13942, 1657]
trial 739 : [19118, 15988, 4690, 1002, 11406]
trial 740 : [19036, 22151, 22311, 14679, 13273]
trial 741 : [21089, 16315, 676, 827, 17027]
trial 742 : [18278, 18426, 22357, 6137, 4082]
trial 743 : [22425, 2105, 19606, 15965, 9481]
trial 744 : [13101, 15350, 2614, 7111, 17025]
trial 745 : [8247, 11922, 11082, 10103, 21690]
trial 746 : [9156, 3429, 16940, 16000, 12681]
trial 747 : [1484, 7349, 639, 8289, 11639]
trial 748 : [16470, 4460, 14017, 16427, 11397]
trial 749 : [15204, 15555, 7254, 11844, 14513]
trial 750 : [6764, 4338, 20231, 16313, 21671]
trial 751 : [8577, 21346, 17958, 18869, 15639]
trial 752 : [6847, 12262, 2326, 7956, 19463]
trial 753 : [4071, 1184, 5079, 19283, 5822]
trial 754 : [15128, 16050, 7667, 4635, 18635]
trial 755 : [1037, 17197, 2467, 2785, 12469]
trial 756 : [9845, 13802, 4726, 8659, 9990]
trial 757 : [2873, 10365, 5787, 16739, 13269]
trial 758 : [8637, 21194, 14592, 9274, 18862]
trial 759 : [6154, 6866, 13684, 8383, 9575]
trial 760 : [3875, 16642, 5318, 19396, 418]
trial 761 : [16569, 17490, 9518, 15852, 8981]
trial 762 : [7374, 11770, 5097, 14602, 21812]
trial 763 : [9160, 5072, 14271, 5472, 20790]
trial 764 : [4079, 10928, 10259, 6188, 20139]
trial 765 : [21395, 19667, 18117, 8320, 11248]
trial 766 : [7858, 18517, 7899, 4108, 21867]
trial 767 : [11829, 7286, 7838, 1993, 2661]
trial 768 : [4314, 10050, 10469, 9048, 921]
trial 769 : [6026, 197, 8678, 15298, 3918]
trial 770 : [19350, 4346, 2144, 1016, 6000]
trial 771 : [14945, 19099, 18640, 1077, 12757]
trial 772 : [8234, 15115, 5125, 15232, 8630]
trial 773 : [21309, 9412, 17416, 14942, 8497]
trial 774 : [5068, 2035, 14678, 1621, 19474]
trial 775 : [21404, 20790, 13705, 14545, 18938]
trial 776 : [19683, 19327, 9728, 2592, 4638]
trial 777 : [1347, 18555, 13152, 4159, 8244]
trial 778 : [5148, 9508, 12417, 18232, 2360]
trial 779 : [21337, 1492, 16152, 14326, 20167]
trial 780 : [22224, 13590, 1293, 16278, 13832]
trial 781 : [10575, 4339, 12866, 2627, 18759]
trial 782 : [8097, 12159, 14479, 13075, 118]
trial 783 : [17558, 1196, 15156, 5995, 17870]
trial 784 : [3084, 7418, 12753, 14199, 11648]
trial 785 : [7173, 15861, 4723, 4893, 10067]
trial 786 : [18099, 13245, 6203, 12408, 19781]
trial 787 : [16595, 6506, 2275, 5464, 2449]
trial 788 : [5695, 5122, 3407, 4657, 11033]
trial 789 : [21650, 246, 6359, 7857, 17332]
trial 790 : [20860, 12740, 7445, 3342, 19015]
trial 791 : [12225, 14319, 17338, 19072, 6706]
trial 792 : [7689, 9691, 18784, 9532, 3345]
trial 793 : [7616, 15640, 13091, 1123, 8493]
trial 794 : [12816, 2119, 20038, 4226, 21789]
trial 795 : [18955, 3307, 14342, 10879, 7110]
trial 796 : [1379, 6757, 16973, 2458, 12610]
trial 797 : [13317, 8574, 8840, 12458, 11626]
trial 798 : [22206, 18953, 13195, 4510, 11171]
trial 799 : [396, 18800, 4553, 20755, 3972]
trial 800 : [17294, 2109, 514, 20591, 8680]
trial 801 : [4477, 10681, 13408, 10902, 20797]
trial 802 : [17618, 5425, 4834, 18456, 18191]
trial 803 : [12276, 6441, 3075, 18828, 3499]
trial 804 : [12187, 14361, 1424, 18982, 8332]
trial 805 : [19531, 10903, 13617, 18351, 12520]
trial 806 : [3149, 17423, 19540, 3945, 1538]
trial 807 : [15393, 16954, 16973, 6335, 1822]
trial 808 : [3700, 39, 9116, 8314, 15456]
trial 809 : [13571, 513, 10144, 9188, 10921]
trial 810 : [5333, 13772, 3663, 16128, 5306]
trial 811 : [10934, 1780, 16675, 12177, 19854]
trial 812 : [17175, 1838, 14195, 3399, 594]
trial 813 : [10461, 2996, 9250, 19031, 16987]
trial 814 : [15580, 3435, 2228, 17841, 5057]
trial 815 : [15920, 5703, 14138, 15663, 16459]
trial 816 : [9546, 15489, 20589, 13911, 21756]
trial 817 : [10375, 10281, 12592, 20197, 12165]
trial 818 : [4478, 16974, 17576, 10632, 6479]
trial 819 : [9191, 1358, 13091, 7248, 2021]
trial 820 : [10550, 13811, 346, 12902, 17545]
trial 821 : [6145, 11603, 12925, 12673, 9893]
trial 822 : [15361, 2193, 6900, 20564, 15171]
trial 823 : [9764, 20703, 22381, 18612, 1768]
trial 824 : [6043, 9103, 21356, 21120, 12748]
trial 825 : [16311, 4510, 14950, 19067, 4666]
trial 826 : [20780, 15977, 2501, 7937, 2833]
trial 827 : [22311, 22270, 5501, 20487, 4666]
trial 828 : [9338, 13087, 9691, 18887, 14065]
trial 829 : [19524, 14779, 10767, 12384, 2614]
trial 830 : [6207, 5638, 17308, 18809, 5666]
trial 831 : [17096, 14853, 18016, 13937, 3137]
trial 832 : [11269, 21862, 17242, 12897, 4301]
trial 833 : [11613, 3748, 10067, 5474, 11742]
trial 834 : [5921, 19542, 5435, 16104, 19303]
trial 835 : [19030, 17404, 5359, 17633, 14542]
trial 836 : [2273, 8715, 7585, 20126, 663]
trial 837 : [89, 7220, 12946, 8998, 15403]
trial 838 : [9787, 8621, 1413, 21184, 4975]
trial 839 : [11199, 10924, 13053, 18881, 6883]
trial 840 : [10474, 12793, 468, 12302, 5942]
trial 841 : [15203, 2550, 9299, 14854, 6413]
trial 842 : [9422, 7705, 5018, 13027, 20926]
trial 843 : [14514, 16085, 17443, 5212, 2131]
trial 844 : [6682, 15607, 1224, 15331, 588]
trial 845 : [1854, 17205, 13051, 271, 20663]
trial 846 : [12814, 15204, 13875, 17460, 7246]
trial 847 : [20772, 13942, 21292, 6205, 4085]
trial 848 : [18598, 16846, 970, 21076, 18609]
trial 849 : [18745, 173, 18406, 12778, 3751]
trial 850 : [20382, 18858, 9552, 8634, 4727]
trial 851 : [12660, 8008, 19530, 19007, 16487]
trial 852 : [5440, 9156, 10088, 15546, 3809]
trial 853 : [4897, 16042, 2528, 19936, 7133]
trial 854 : [14865, 11037, 21823, 16449, 17703]
trial 855 : [5620, 13480, 13864, 3517, 8988]
trial 856 : [4166, 3561, 6287, 4935, 19685]
trial 857 : [11930, 4128, 13563, 21850, 3807]
trial 858 : [19183, 5781, 14998, 9334, 13677]
trial 859 : [6053, 7327, 14317, 2537, 13535]
trial 860 : [9807, 21875, 19940, 3460, 6678]
trial 861 : [15200, 19831, 5948, 2355, 17652]
trial 862 : [2529, 13051, 5836, 16158, 6330]
trial 863 : [15787, 7986, 13553, 7827, 6830]
trial 864 : [18285, 866, 3544, 6022, 10214]
trial 865 : [9857, 6785, 9706, 15417, 16266]
trial 866 : [1604, 2513, 15716, 11495, 15501]
trial 867 : [6474, 3324, 5948, 9199, 6098]
trial 868 : [18803, 20835, 286, 14835, 9013]
trial 869 : [14913, 21779, 544, 3974, 12524]
trial 870 : [21645, 18887, 16491, 8474, 19933]
trial 871 : [14155, 16998, 3306, 15483, 17142]
trial 872 : [11514, 12923, 10997, 11199, 13398]
trial 873 : [512, 18024, 14598, 13963, 10304]
trial 874 : [13722, 2831, 13491, 12952, 9843]
trial 875 : [7818, 19682, 14100, 22231, 10544]
trial 876 : [12884, 16634, 7047, 5154, 12356]
trial 877 : [18064, 18025, 9495, 18061, 5219]
trial 878 : [11710, 1293, 13280, 17694, 13618]
trial 879 : [15014, 16596, 7100, 16612, 7881]
trial 880 : [2147, 16198, 2789, 20734, 21573]
trial 881 : [16510, 17686, 19704, 4482, 3698]
trial 882 : [20633, 5149, 7101, 16130, 19984]
trial 883 : [10609, 16311, 17633, 17212, 22108]
trial 884 : [20347, 921, 4364, 19423, 6398]
trial 885 : [15074, 1395, 3156, 4032, 19424]
trial 886 : [9022, 14706, 11495, 19062, 7501]
trial 887 : [7633, 13275, 16486, 1804, 6788]
trial 888 : [21343, 21686, 533, 265, 10464]
trial 889 : [2743, 639, 6394, 2803, 16255]
trial 890 : [13763, 7727, 5368, 22169, 14322]
trial 891 : [21888, 17209, 2173, 12343, 3511]
trial 892 : [1602, 6776, 1791, 17030, 3821]
trial 893 : [5164, 15950, 6814, 19461, 9833]
trial 894 : [20197, 11345, 7876, 6969, 3433]
trial 895 : [13852, 20096, 5483, 15025, 8029]
trial 896 : [16512, 10701, 3287, 14794, 14087]
trial 897 : [11585, 17851, 12680, 16520, 17228]
trial 898 : [6552, 13644, 6906, 15682, 12532]
trial 899 : [8835, 13982, 14774, 11126, 15602]
trial 900 : [20022, 15884, 8166, 310, 19335]
trial 901 : [16602, 16934, 11854, 3174, 7193]
trial 902 : [6597, 16406, 4371, 15426, 2062]
trial 903 : [7330, 2047, 5434, 11285, 11899]
trial 904 : [6035, 18095, 14993, 12917, 8778]
trial 905 : [109, 19711, 4472, 12651, 7677]
trial 906 : [2475, 4080, 19129, 20926, 12177]
trial 907 : [7964, 9943, 19100, 3406, 20333]
trial 908 : [17477, 355, 21046, 3595, 10225]
trial 909 : [2068, 2858, 3847, 9855, 15108]
trial 910 : [17209, 2230, 13651, 11891, 18091]
trial 911 : [18749, 16031, 12882, 4703, 21607]
trial 912 : [16075, 2135, 14617, 3965, 19989]
trial 913 : [7340, 22414, 4072, 16369, 9659]
trial 914 : [9769, 13611, 3905, 5693, 21241]
trial 915 : [7390, 5139, 16481, 21189, 13918]
trial 916 : [13397, 6987, 10411, 21729, 1670]
trial 917 : [11913, 20377, 3004, 2758, 5172]
trial 918 : [14403, 16605, 18748, 5260, 492]
trial 919 : [7209, 14667, 17495, 8387, 13611]
trial 920 : [19107, 12396, 12651, 21369, 4300]
trial 921 : [12408, 22306, 21268, 10184, 16966]
trial 922 : [14796, 4416, 2850, 5920, 10950]
trial 923 : [10785, 9895, 18996, 17198, 11904]
trial 924 : [18464, 11872, 13884, 4900, 19256]
trial 925 : [3476, 12339, 13916, 13103, 8489]
trial 926 : [14859, 19543, 19994, 1741, 20624]
trial 927 : [8081, 17324, 21840, 4230, 11563]
trial 928 : [20958, 6244, 14299, 17778, 635]
trial 929 : [8456, 4903, 870, 12368, 5451]
trial 930 : [9514, 19185, 15099, 11818, 12038]
trial 931 : [12963, 19394, 13041, 3246, 10566]
trial 932 : [14924, 7042, 16291, 18260, 17383]
trial 933 : [21813, 13171, 15082, 10734, 9893]
trial 934 : [16692, 11049, 10991, 11207, 13475]
trial 935 : [13334, 91, 8509, 17972, 14339]
trial 936 : [7211, 1152, 21965, 5251, 20498]
trial 937 : [17084, 13118, 18685, 854, 8945]
trial 938 : [14679, 1348, 929, 20453, 13064]
trial 939 : [7331, 4932, 17352, 14978, 16406]
trial 940 : [884, 11537, 3734, 4687, 10059]
trial 941 : [578, 616, 403, 3146, 21001]
trial 942 : [11373, 3960, 16021, 15285, 1842]
trial 943 : [14297, 21022, 9085, 765, 237]
trial 944 : [12992, 2293, 1241, 19278, 19378]
trial 945 : [14457, 20791, 5219, 6818, 10013]
trial 946 : [8107, 20407, 19320, 21199, 9606]
trial 947 : [21914, 10308, 6915, 4971, 4842]
trial 948 : [21379, 19, 12216, 3017, 932]
trial 949 : [4390, 9922, 21209, 3154, 21583]
trial 950 : [5258, 14818, 4562, 18367, 7756]
trial 951 : [12433, 19914, 13065, 9864, 10725]
trial 952 : [21546, 14397, 11541, 14980, 18872]
trial 953 : [20170, 19419, 16843, 20541, 15653]
trial 954 : [10599, 15782, 3015, 18495, 16335]
trial 955 : [15967, 7252, 14288, 16437, 973]
trial 956 : [19832, 2892, 1193, 17530, 22444]
trial 957 : [22341, 19464, 5046, 17420, 8957]
trial 958 : [14052, 11426, 18329, 13345, 11188]
trial 959 : [3485, 12619, 4911, 8325, 11467]
trial 960 : [681, 684, 13134, 5744, 6393]
trial 961 : [12030, 998, 10947, 319, 11086]
trial 962 : [6361, 1435, 20719, 20746, 18905]
trial 963 : [20121, 19895, 7218, 4685, 20836]
trial 964 : [15512, 3893, 16423, 9129, 4648]
trial 965 : [8966, 10384, 2266, 18384, 21962]
trial 966 : [4520, 9489, 14670, 5898, 15009]
trial 967 : [15342, 15141, 5302, 13744, 20126]
trial 968 : [12172, 12414, 14949, 8648, 20447]
trial 969 : [20570, 19892, 11111, 21696, 20496]
trial 970 : [2142, 19055, 13199, 8475, 6340]
trial 971 : [9915, 15658, 14115, 11336, 6900]
trial 972 : [16513, 2665, 2660, 15147, 7812]
trial 973 : [1225, 3797, 514, 11740, 11906]
trial 974 : [6390, 14408, 2234, 17264, 21588]
trial 975 : [10381, 1380, 21271, 21419, 8479]
trial 976 : [4063, 2188, 18350, 4687, 3482]
trial 977 : [20381, 9773, 17241, 21153, 13714]
trial 978 : [22278, 17058, 16249, 2322, 5026]
trial 979 : [7218, 10785, 17808, 16986, 16711]
trial 980 : [12, 15417, 18929, 16461, 7898]
trial 981 : [11223, 16985, 9152, 19280, 18289]
trial 982 : [4350, 22337, 21244, 7550, 17897]
trial 983 : [7569, 17261, 20054, 7547, 1763]
trial 984 : [2123, 11775, 9260, 32, 9318]
trial 985 : [17088, 21389, 8167, 1335, 7017]
trial 986 : [18950, 22273, 13519, 11939, 12117]
trial 987 : [15393, 12337, 13116, 13742, 10144]
trial 988 : [14059, 4679, 3981, 1184, 194]
trial 989 : [119, 19322, 15886, 5901, 5027]
trial 990 : [17862, 16717, 16952, 9533, 12471]
trial 991 : [18692, 2581, 19703, 3096, 1893]
trial 992 : [14653, 2757, 9821, 1113, 13797]
trial 993 : [13140, 12277, 19977, 6474, 20306]
trial 994 : [19258, 18894, 8096, 19037, 2777]
trial 995 : [2846, 20930, 13287, 2901, 3157]
trial 996 : [40, 13001, 18198, 21389, 10981]
trial 997 : [2365, 16677, 7328, 8426, 14383]
trial 998 : [1070, 21712, 7650, 17324, 7919]
trial 999 : [13912, 17142, 15921, 17749, 6368]
trial 1000 : [10458, 10487, 7410, 18334, 7762]
