0 1.941
1 1.545
2 1.494
3 1.438
4 1.425
5 1.424
6 1.423
7 1.41
8 1.421
9 1.385
10 1.364
11 1.396
12 1.392
13 1.373
14 1.365
15 1.404
16 1.439
17 1.4
18 1.42
19 1.431
20 1.404
21 1.452
22 1.418
23 1.379
24 1.447
25 1.378
26 1.393
27 1.396
28 1.386
29 1.359
30 1.376
31 1.418
32 1.377
33 1.374
34 1.365
35 1.387
36 1.366
37 1.377
38 1.391
39 1.357
40 1.381
41 1.348
42 1.393
43 1.372
44 1.364
45 1.395
46 1.376
47 1.341
48 1.328
49 1.315
50 1.313
51 1.325
52 1.339
53 1.324
54 1.302
55 1.321
56 1.312
57 1.306
58 1.356
59 1.37
60 1.353
61 1.328
62 1.402
63 1.339
64 1.37
65 1.328
66 1.36
67 1.32
68 1.367
69 1.38
70 1.317
71 1.329
72 1.318
73 1.333
74 1.343
75 1.315
76 1.332
77 1.331
78 1.35
79 1.351
80 1.327
81 1.321
82 1.343
83 1.304
84 1.301
85 1.317
86 1.317
87 1.307
88 1.356
89 1.314
90 1.325
91 1.3
92 1.308
93 1.302
94 1.373
95 1.368
96 1.374
97 1.341
98 1.372
99 1.35
100 1.36
101 1.355
102 1.347
103 1.337
104 1.341
105 1.366
106 1.361
107 1.354
108 1.337
109 1.332
110 1.354
111 1.384
112 1.326
113 1.35
114 1.365
115 1.36
116 1.328
117 1.344
118 1.33
119 1.312
120 1.349
121 1.327
122 1.318
123 1.311
124 1.341
125 1.331
126 1.356
127 1.324
128 1.363
129 1.342
130 1.354
131 1.382
132 1.326
133 1.312
134 1.334
135 1.312
136 1.342
137 1.315
138 1.37
139 1.35
140 1.356
141 1.342
142 1.315
143 1.354
144 1.323
145 1.309
146 1.312
147 1.321
148 1.331
149 1.307
150 1.308
151 1.349
152 1.313
153 1.296
154 1.322
155 1.321
156 1.35
157 1.334
158 1.306
159 1.315
160 1.282
161 1.309
162 1.28
163 1.331
164 1.355
165 1.288
166 1.29
167 1.315
168 1.287
169 1.313
170 1.283
171 1.302
172 1.294
173 1.301
174 1.305
175 1.305
176 1.291
177 1.359
178 1.294
179 1.282
180 1.291
181 1.312
182 1.275
183 1.307
184 1.296
185 1.33
186 1.337
187 1.278
188 1.323
189 1.291
190 1.313
191 1.298
192 1.32
193 1.279
194 1.358
195 1.314
196 1.295
197 1.319
198 1.292
199 1.304
200 1.292
201 1.278
202 1.3
203 1.3
204 1.338
205 1.293
206 1.353
207 1.264
208 1.256
209 1.276
210 1.28
211 1.28
212 1.319
213 1.279
214 1.342
215 1.284
216 1.29
217 1.281
218 1.283
219 1.274
220 1.28
221 1.295
222 1.276
223 1.314
224 1.3
225 1.264
