0 1
1 0.99096
2 0.981364
3 0.913668
4 0.889953
5 0.873439
6 0.858763
7 0.845641
8 0.777827
9 0.771961
10 0.769405
11 0.703917
12 0.700124
13 0.691427
14 0.69098
15 0.689647
16 0.627718
17 0.62706
18 0.62453
19 0.614598
20 0.590196
21 0.587725
22 0.586378
23 0.581481
24 0.580826
25 0.579516
26 0.579534
27 0.578432
28 0.576999
29 0.577273
30 0.577273
31 0.57502
32 0.574428
33 0.57238
34 0.572961
35 0.573086
36 0.572836
37 0.544192
38 0.544192
39 0.540248
40 0.536186
41 0.533743
42 0.534156
43 0.535693
44 0.5346
45 0.534314
46 0.534624
47 0.534539
48 0.534395
49 0.534253
50 0.534253
51 0.531647
52 0.513708
53 0.513874
54 0.513874
55 0.513708
56 0.504588
57 0.504213
58 0.504703
59 0.502433
60 0.501933
61 0.501818
62 0.499145
63 0.495536
64 0.495536
65 0.493255
66 0.49087
67 0.490176
68 0.490372
69 0.490234
70 0.490234
71 0.490734
72 0.490734
73 0.489134
74 0.489524
75 0.490413
76 0.490271
77 0.490162
78 0.490162
79 0.490109
80 0.490109
81 0.490109
82 0.488487
83 0.488104
84 0.486318
85 0.486561
86 0.484263
87 0.484446
88 0.48347
89 0.482741
90 0.480789
91 0.480789
92 0.480789
93 0.480489
94 0.480389
95 0.459488
96 0.459203
97 0.458393
98 0.458821
99 0.45898
100 0.458938
101 0.461278
102 0.449036
103 0.448536
104 0.44825
105 0.44825
106 0.44825
107 0.448821
108 0.448821
109 0.448631
110 0.447097
111 0.446986
112 0.446986
113 0.445642
114 0.445642
115 0.441985
116 0.44186
117 0.44186
118 0.441154
119 0.441211
120 0.440811
121 0.441723
122 0.441723
123 0.44072
124 0.44022
125 0.440369
126 0.440369
127 0.440403
128 0.439405
129 0.439162
130 0.438795
131 0.438795
132 0.438653
133 0.439112
134 0.439112
135 0.438197
136 0.436731
137 0.434395
138 0.434395
139 0.434395
140 0.436236
141 0.436236
142 0.436136
143 0.435993
144 0.436319
145 0.435019
146 0.434271
147 0.434128
148 0.432971
149 0.432628
150 0.432397
151 0.432297
152 0.432155
153 0.432155
154 0.432155
155 0.431066
156 0.429923
157 0.429365
158 0.429216
159 0.429382
160 0.428498
161 0.428789
162 0.42865
163 0.428483
164 0.428483
165 0.428192
166 0.428192
167 0.428392
168 0.427877
169 0.426988
170 0.426084
171 0.426084
172 0.425659
173 0.425243
174 0.425409
175 0.425409
176 0.425409
177 0.425409
178 0.425451
179 0.425451
180 0.425451
181 0.421113
182 0.421113
183 0.420974
184 0.420974
185 0.420974
186 0.421182
187 0.421182
188 0.421182
189 0.421182
190 0.420752
191 0.420752
192 0.419443
193 0.419193
194 0.417323
195 0.417323
196 0.417546
197 0.414992
198 0.414992
199 0.414389
200 0.414389
201 0.414222
202 0.414633
203 0.41474
204 0.413781
205 0.413781
206 0.411023
207 0.411023
208 0.41023
209 0.409786
210 0.408891
211 0.408641
212 0.408474
213 0.407632
214 0.407723
215 0.407723
216 0.407598
217 0.407641
218 0.407641
219 0.407152
220 0.407152
221 0.407263
222 0.4064
223 0.406966
224 0.407109
225 0.406934
