0 9.438
1 9.444
2 9.438
3 9.564
4 9.572
5 9.58
6 9.601
7 9.6
8 9.62
9 9.616
10 9.617
11 9.898
12 9.9
13 9.899
14 9.898
15 9.901
16 10.11
17 10.107
18 10.105
19 10.121
20 10.178
21 10.233
22 10.241
23 10.251
24 10.253
25 10.253
26 10.256
27 10.27
28 10.275
29 10.272
30 10.27
31 10.278
32 10.275
33 10.281
34 10.283
35 10.284
36 10.279
37 10.289
38 10.292
39 10.312
40 10.319
41 10.32
42 10.319
43 10.342
44 10.348
45 10.349
46 10.351
47 10.35
48 10.316
49 10.317
50 10.316
51 10.352
52 10.365
53 10.364
54 10.36
55 10.361
56 10.372
57 10.392
58 10.402
59 10.397
60 10.404
61 10.408
62 10.407
63 10.435
64 10.434
65 10.446
66 10.45
67 10.452
68 10.448
69 10.461
70 10.462
71 10.462
72 10.461
73 10.46
74 10.461
75 10.463
76 10.469
77 10.468
78 10.47
79 10.469
80 10.466
81 10.467
82 10.488
83 10.498
84 10.502
85 10.502
86 10.513
87 10.513
88 10.511
89 10.508
90 10.512
91 10.512
92 10.512
93 10.512
94 10.51
95 10.69
96 10.696
97 10.697
98 10.699
99 10.705
100 10.699
101 10.706
102 10.753
103 10.755
104 10.753
105 10.753
106 10.753
107 10.751
108 10.75
109 10.752
110 10.767
111 10.767
112 10.769
113 10.782
114 10.783
115 10.801
116 10.801
117 10.801
118 10.801
119 10.801
120 10.801
121 10.797
122 10.797
123 10.836
124 10.837
125 10.839
126 10.839
127 10.836
128 10.831
129 10.832
130 10.832
131 10.832
132 10.832
133 10.834
134 10.834
135 10.835
136 10.836
137 10.848
138 10.846
139 10.846
140 10.843
141 10.842
142 10.855
143 10.851
144 10.851
145 10.852
146 10.856
147 10.86
148 10.889
149 10.894
150 10.87
151 10.862
152 10.861
153 10.861
154 10.861
155 10.87
156 10.871
157 10.874
158 10.869
159 10.869
160 10.865
161 10.871
162 10.883
163 10.884
164 10.884
165 10.883
166 10.883
167 10.881
168 10.88
169 10.882
170 10.893
171 10.893
172 10.893
173 10.893
174 10.894
175 10.893
176 10.893
177 10.897
178 10.897
179 10.896
180 10.895
181 10.926
182 10.925
183 10.93
184 10.928
185 10.928
186 10.932
187 10.933
188 10.932
189 10.93
190 10.933
191 10.932
192 10.936
193 10.939
194 10.964
195 10.964
196 10.968
197 10.994
198 10.994
199 10.994
200 10.996
201 10.995
202 10.992
203 10.999
204 10.993
205 10.994
206 10.992
207 10.992
208 10.988
209 10.987
210 10.986
211 10.986
212 10.985
213 10.99
214 10.99
215 10.988
216 10.993
217 10.987
218 10.987
219 10.994
220 10.997
221 10.996
222 10.998
223 11.031
224 11.032
225 11.024
