0 1
1 1.00068
2 1.00021
3 1.01684
4 1.01795
5 1.01875
6 1.02171
7 1.02193
8 1.02538
9 1.02498
10 1.02515
11 1.05797
12 1.05821
13 1.05792
14 1.05775
15 1.05831
16 1.08226
17 1.08216
18 1.08186
19 1.08382
20 1.09024
21 1.09727
22 1.0982
23 1.09942
24 1.09977
25 1.09977
26 1.10019
27 1.10186
28 1.10249
29 1.10225
30 1.10205
31 1.10308
32 1.1028
33 1.10352
34 1.1037
35 1.10384
36 1.10323
37 1.10439
38 1.10486
39 1.10709
40 1.10834
41 1.10784
42 1.10775
43 1.11045
44 1.11126
45 1.11142
46 1.11159
47 1.1115
48 1.10837
49 1.10851
50 1.10841
51 1.11295
52 1.11443
53 1.11433
54 1.11386
55 1.11393
56 1.11551
57 1.11749
58 1.11845
59 1.11798
60 1.11908
61 1.11948
62 1.11936
63 1.12259
64 1.12245
65 1.12375
66 1.12428
67 1.12439
68 1.12408
69 1.12567
70 1.1258
71 1.1258
72 1.1257
73 1.12567
74 1.12578
75 1.12609
76 1.1268
77 1.12666
78 1.12683
79 1.12677
80 1.12645
81 1.12655
82 1.12868
83 1.13001
84 1.13041
85 1.13041
86 1.13162
87 1.13162
88 1.13163
89 1.13161
90 1.13179
91 1.13179
92 1.13179
93 1.13179
94 1.1316
95 1.1521
96 1.15268
97 1.1528
98 1.15303
99 1.15355
100 1.15301
101 1.15393
102 1.15887
103 1.15919
104 1.15894
105 1.15894
106 1.15894
107 1.15874
108 1.15867
109 1.15895
110 1.16065
111 1.16065
112 1.1609
113 1.16224
114 1.16236
115 1.16418
116 1.16418
117 1.16418
118 1.16418
119 1.16411
120 1.16411
121 1.16348
122 1.16348
123 1.1678
124 1.16792
125 1.16823
126 1.16823
127 1.16778
128 1.16733
129 1.16741
130 1.16741
131 1.16741
132 1.16741
133 1.16763
134 1.16763
135 1.16774
136 1.16805
137 1.16934
138 1.16914
139 1.16914
140 1.16873
141 1.16863
142 1.16973
143 1.16895
144 1.16895
145 1.16912
146 1.16955
147 1.17001
148 1.17353
149 1.17425
150 1.1721
151 1.17163
152 1.17151
153 1.17151
154 1.17151
155 1.17285
156 1.17305
157 1.17338
158 1.17282
159 1.17282
160 1.17261
161 1.1735
162 1.17458
163 1.17471
164 1.17471
165 1.17473
166 1.17473
167 1.17444
168 1.17429
169 1.17442
170 1.17602
171 1.17602
172 1.17604
173 1.17604
174 1.17614
175 1.17604
176 1.17604
177 1.17649
178 1.17649
179 1.17635
180 1.17617
181 1.18008
182 1.17997
183 1.18043
184 1.18019
185 1.18019
186 1.18056
187 1.1807
188 1.18061
189 1.18047
190 1.18071
191 1.18058
192 1.1808
193 1.18119
194 1.18427
195 1.18427
196 1.18471
197 1.18742
198 1.18742
199 1.18742
200 1.18772
201 1.18761
202 1.18734
203 1.18811
204 1.1873
205 1.18743
206 1.18733
207 1.18733
208 1.18702
209 1.18688
210 1.18679
211 1.18679
212 1.18672
213 1.18718
214 1.18718
215 1.187
216 1.18774
217 1.18694
218 1.18694
219 1.18791
220 1.18829
221 1.18819
222 1.18849
223 1.19202
224 1.19215
225 1.19153
