0 1
1 0.998883
2 0.99574
3 0.965595
4 0.949751
5 0.968321
6 0.997375
7 1.01234
8 0.978896
9 0.999069
10 0.987645
11 0.820814
12 0.825378
13 0.820515
14 0.819868
15 0.827258
16 0.597538
17 0.596815
18 0.594547
19 0.58665
20 0.568372
21 0.565666
22 0.564385
23 0.555359
24 0.557557
25 0.561525
26 0.564273
27 0.56629
28 0.566729
29 0.570345
30 0.570345
31 0.570331
32 0.571387
33 0.570603
34 0.571897
35 0.570417
36 0.570289
37 0.578765
38 0.579957
39 0.575663
40 0.579784
41 0.57786
42 0.576084
43 0.580478
44 0.580205
45 0.580249
46 0.581769
47 0.582967
48 0.583598
49 0.583597
50 0.583435
51 0.58655
52 0.547753
53 0.5477
54 0.5477
55 0.548345
56 0.552305
57 0.547843
58 0.548836
59 0.548546
60 0.548672
61 0.549315
62 0.555535
63 0.561457
64 0.561457
65 0.561491
66 0.560332
67 0.560035
68 0.560199
69 0.560068
70 0.561484
71 0.561951
72 0.561861
73 0.561792
74 0.562292
75 0.561072
76 0.560658
77 0.561239
78 0.561234
79 0.562551
80 0.562551
81 0.562425
82 0.565098
83 0.561763
84 0.556152
85 0.555271
86 0.550489
87 0.549903
88 0.550191
89 0.550178
90 0.551449
91 0.551449
92 0.551302
93 0.551304
94 0.551362
95 0.506418
96 0.506431
97 0.50884
98 0.508823
99 0.509657
100 0.509972
101 0.510459
102 0.494259
103 0.494307
104 0.493506
105 0.493506
106 0.493506
107 0.493624
108 0.493612
109 0.493065
110 0.49062
111 0.490769
112 0.489887
113 0.489122
114 0.488458
115 0.484548
116 0.484753
117 0.484753
118 0.485438
119 0.485296
120 0.484789
121 0.488429
122 0.488429
123 0.488515
124 0.488783
125 0.486657
126 0.486613
127 0.486821
128 0.483848
129 0.483168
130 0.483383
131 0.483365
132 0.48344
133 0.482254
134 0.482391
135 0.481969
136 0.480445
137 0.472083
138 0.472083
139 0.472083
140 0.474447
141 0.474447
142 0.475989
143 0.476039
144 0.478745
145 0.475928
146 0.476643
147 0.47656
148 0.476104
149 0.476362
150 0.475949
151 0.476017
152 0.478402
153 0.478389
154 0.478389
155 0.478013
156 0.479345
157 0.478983
158 0.478907
159 0.478927
160 0.480323
161 0.480709
162 0.480601
163 0.480656
164 0.480699
165 0.483042
166 0.483036
167 0.482997
168 0.481461
169 0.480009
170 0.482032
171 0.482245
172 0.482011
173 0.482005
174 0.481945
175 0.481946
176 0.48935
177 0.489348
178 0.489488
179 0.489488
180 0.489434
181 0.486701
182 0.486701
183 0.487559
184 0.488149
185 0.488101
186 0.489155
187 0.489145
188 0.489145
189 0.489138
190 0.488727
191 0.48908
192 0.488188
193 0.488943
194 0.490454
195 0.49074
196 0.490602
197 0.490493
198 0.490348
199 0.48989
200 0.489585
201 0.489577
202 0.489701
203 0.489764
204 0.488431
205 0.488431
206 0.487858
207 0.487858
208 0.487518
209 0.487434
210 0.486515
211 0.48652
212 0.485796
213 0.489345
214 0.489839
215 0.489847
216 0.489885
217 0.487364
218 0.487644
219 0.48874
220 0.48874
221 0.488619
222 0.488015
223 0.488101
224 0.488042
225 0.487826
