0 0.0428239
1 0.0423144
2 0.0420851
3 0.0390052
4 0.038068
5 0.037706
6 0.037437
7 0.037168
8 0.0353189
9 0.0353357
10 0.0351014
11 0.0336871
12 0.0335801
13 0.0331456
14 0.033083
15 0.033028
16 0.0313364
17 0.0312793
18 0.0311135
19 0.0307789
20 0.0298851
21 0.0296561
22 0.0294263
23 0.0290098
24 0.0289615
25 0.0287628
26 0.0286682
27 0.0285334
28 0.028524
29 0.0285387
30 0.0285387
31 0.028467
32 0.0284389
33 0.0283392
34 0.0283907
35 0.0283837
36 0.0283528
37 0.0285627
38 0.0285586
39 0.0284038
40 0.0282291
41 0.0281059
42 0.028053
43 0.0280016
44 0.0279797
45 0.0279741
46 0.0279592
47 0.0279045
48 0.0278282
49 0.0277923
50 0.0278076
51 0.0277543
52 0.0271049
53 0.0270822
54 0.0270822
55 0.0270973
56 0.0268497
57 0.0267322
58 0.0266859
59 0.0265452
60 0.0265537
61 0.0265363
62 0.0265338
63 0.0265319
64 0.0265319
65 0.0264039
66 0.0262934
67 0.0263319
68 0.0263504
69 0.026324
70 0.026317
71 0.0263193
72 0.0263158
73 0.0262786
74 0.0262909
75 0.0262696
76 0.0262556
77 0.0262212
78 0.0262106
79 0.0261786
80 0.0261786
81 0.0261694
82 0.0261393
83 0.0260113
84 0.0257508
85 0.0257358
86 0.0256013
87 0.0255713
88 0.0255579
89 0.0255408
90 0.0255281
91 0.0255281
92 0.0254967
93 0.0255122
94 0.0255207
95 0.025228
96 0.0252179
97 0.0252203
98 0.0252244
99 0.0252005
100 0.0252033
101 0.0251832
102 0.0247563
103 0.0247166
104 0.0246748
105 0.0246748
106 0.0246748
107 0.0246834
108 0.0246692
109 0.0246651
110 0.0246318
111 0.0246253
112 0.0246192
113 0.0246181
114 0.0246055
115 0.0244099
116 0.0244087
117 0.0244087
118 0.0244066
119 0.0244131
120 0.0243915
121 0.0243721
122 0.0243741
123 0.0241776
124 0.024162
125 0.0240922
126 0.0240848
127 0.0240786
128 0.0239929
129 0.0239854
130 0.0239915
131 0.0239823
132 0.0239932
133 0.0239309
134 0.0239303
135 0.0239069
136 0.0238073
137 0.0236855
138 0.0236855
139 0.0236855
140 0.0236998
141 0.0236958
142 0.0236875
143 0.0236767
144 0.0236981
145 0.0236407
146 0.023595
147 0.0235853
148 0.0235431
149 0.0235637
150 0.0235243
151 0.0235392
152 0.0235431
153 0.023543
154 0.023543
155 0.0235123
156 0.023502
157 0.0235187
158 0.0235201
159 0.023521
160 0.0234198
161 0.0234009
162 0.0234029
163 0.0234105
164 0.0234149
165 0.0234189
166 0.023415
167 0.0234103
168 0.0233912
169 0.0233312
170 0.0232893
171 0.0232965
172 0.0232862
173 0.0232667
174 0.0232728
175 0.0232741
176 0.0232896
177 0.0232888
178 0.0232333
179 0.0232333
180 0.0232375
181 0.023188
182 0.023188
183 0.0232204
184 0.0232212
185 0.0232222
186 0.0232323
187 0.0232291
188 0.0232291
189 0.0232232
190 0.023217
191 0.0232102
192 0.0231952
193 0.0231993
194 0.0231632
195 0.0231677
196 0.0231483
197 0.0231342
198 0.0231227
199 0.0231214
200 0.0231054
201 0.023095
202 0.0231017
203 0.0231089
204 0.0230779
205 0.0230779
206 0.0229745
207 0.0229745
208 0.022933
209 0.0229336
210 0.0229285
211 0.0229274
212 0.0229135
213 0.0228729
214 0.0228764
215 0.0228712
216 0.022863
217 0.022863
218 0.0228559
219 0.0228681
220 0.0228681
221 0.0228729
222 0.0228303
223 0.0228198
224 0.0228339
225 0.0228226
