0 1
1 1.0022
2 1.00134
3 1.01121
4 1.01353
5 1.01478
6 1.01785
7 1.01903
8 1.02385
9 1.02482
10 1.02403
11 1.04733
12 1.0499
13 1.0516
14 1.05213
15 1.05445
16 1.06809
17 1.06773
18 1.0677
19 1.0716
20 1.07318
21 1.07536
22 1.07556
23 1.07622
24 1.07644
25 1.07652
26 1.07719
27 1.07601
28 1.0771
29 1.07868
30 1.07868
31 1.07929
32 1.0801
33 1.08179
34 1.08322
35 1.0829
36 1.08297
37 1.0885
38 1.08866
39 1.08897
40 1.08885
41 1.08902
42 1.0891
43 1.09021
44 1.09065
45 1.09086
46 1.09094
47 1.09154
48 1.09162
49 1.09152
50 1.09165
51 1.09579
52 1.09535
53 1.09515
54 1.09515
55 1.09551
56 1.10026
57 1.10178
58 1.10314
59 1.1028
60 1.10384
61 1.10441
62 1.10485
63 1.11042
64 1.11042
65 1.11174
66 1.1164
67 1.1172
68 1.11721
69 1.11804
70 1.11801
71 1.11799
72 1.11795
73 1.11685
74 1.11724
75 1.1173
76 1.11718
77 1.11956
78 1.11953
79 1.11869
80 1.11869
81 1.11864
82 1.11975
83 1.12086
84 1.12144
85 1.12237
86 1.12279
87 1.1229
88 1.12338
89 1.12374
90 1.12421
91 1.12421
92 1.1234
93 1.12356
94 1.12367
95 1.13737
96 1.13738
97 1.13777
98 1.13798
99 1.13824
100 1.13855
101 1.1415
102 1.14978
103 1.14984
104 1.1476
105 1.1476
106 1.1476
107 1.14787
108 1.1477
109 1.14783
110 1.14965
111 1.14915
112 1.14877
113 1.14938
114 1.14923
115 1.14736
116 1.14736
117 1.14736
118 1.14661
119 1.14711
120 1.14717
121 1.14875
122 1.14901
123 1.15015
124 1.15019
125 1.14995
126 1.14977
127 1.14908
128 1.14839
129 1.14832
130 1.14847
131 1.14856
132 1.14907
133 1.14935
134 1.14957
135 1.15025
136 1.15162
137 1.15637
138 1.15637
139 1.15637
140 1.15966
141 1.15965
142 1.15951
143 1.1593
144 1.15858
145 1.16049
146 1.15992
147 1.15977
148 1.15901
149 1.15985
150 1.15954
151 1.16056
152 1.16054
153 1.16053
154 1.16053
155 1.1612
156 1.16153
157 1.16258
158 1.16296
159 1.16296
160 1.16176
161 1.16183
162 1.1624
163 1.16281
164 1.16297
165 1.16224
166 1.16223
167 1.16222
168 1.16185
169 1.16224
170 1.16277
171 1.16271
172 1.16228
173 1.16197
174 1.16214
175 1.16229
176 1.16283
177 1.16283
178 1.16345
179 1.16345
180 1.16366
181 1.16576
182 1.16576
183 1.16569
184 1.16564
185 1.16552
186 1.16642
187 1.1664
188 1.1664
189 1.16639
190 1.16608
191 1.16542
192 1.16593
193 1.16609
194 1.16681
195 1.16694
196 1.16655
197 1.16779
198 1.16741
199 1.16726
200 1.16707
201 1.16689
202 1.16717
203 1.16771
204 1.16849
205 1.16849
206 1.16846
207 1.16846
208 1.16794
209 1.16842
210 1.16907
211 1.16893
212 1.16925
213 1.16943
214 1.16924
215 1.16915
216 1.16926
217 1.16977
218 1.16967
219 1.16988
220 1.16988
221 1.16999
222 1.17147
223 1.17109
224 1.17161
225 1.17131
