0 0.081126
1 0.0808079
2 0.0805216
3 0.0768397
4 0.0747826
5 0.0751837
6 0.0763072
7 0.0764997
8 0.0735466
9 0.0743152
10 0.0739929
11 0.0542443
12 0.054323
13 0.0541076
14 0.0541594
15 0.0543442
16 0.0333421
17 0.0332267
18 0.0331015
19 0.0325415
20 0.0315469
21 0.0313143
22 0.0312424
23 0.0304363
24 0.0304524
25 0.0305891
26 0.0307449
27 0.0308712
28 0.0308825
29 0.0310315
30 0.0310315
31 0.0310107
32 0.0310381
33 0.0309829
34 0.0310674
35 0.0310364
36 0.031027
37 0.0312888
38 0.0312948
39 0.0311602
40 0.0313524
41 0.0312693
42 0.0312517
43 0.0314369
44 0.0314249
45 0.0314264
46 0.0314684
47 0.0315041
48 0.0315392
49 0.0315289
50 0.0315227
51 0.0315543
52 0.0297581
53 0.0297549
54 0.0297549
55 0.0297676
56 0.0299227
57 0.0298208
58 0.0298881
59 0.0298564
60 0.02986
61 0.0299274
62 0.0301555
63 0.0303285
64 0.0303285
65 0.0303615
66 0.0303331
67 0.0302978
68 0.0303168
69 0.0302084
70 0.03023
71 0.0302399
72 0.0302363
73 0.0302058
74 0.0302629
75 0.0302484
76 0.0302253
77 0.0302631
78 0.0302624
79 0.0302609
80 0.0302609
81 0.0302476
82 0.030587
83 0.0304025
84 0.0301241
85 0.0301206
86 0.0299655
87 0.0299628
88 0.029961
89 0.0299544
90 0.0300408
91 0.0300408
92 0.0300364
93 0.0300366
94 0.0300412
95 0.0273052
96 0.0273056
97 0.0273856
98 0.0273829
99 0.0274203
100 0.0274501
101 0.0274241
102 0.0266739
103 0.0266572
104 0.0267911
105 0.0267911
106 0.0267911
107 0.0268048
108 0.026804
109 0.0267833
110 0.0266644
111 0.0266862
112 0.0266652
113 0.0266017
114 0.0265778
115 0.0263745
116 0.0263875
117 0.0263875
118 0.0264344
119 0.0264227
120 0.0264011
121 0.0264979
122 0.0264979
123 0.026403
124 0.0264069
125 0.0263502
126 0.0263493
127 0.0263546
128 0.0262244
129 0.0262144
130 0.0262298
131 0.0262275
132 0.026232
133 0.0262793
134 0.0262826
135 0.0262383
136 0.0261592
137 0.0257385
138 0.0257385
139 0.0257385
140 0.025824
141 0.025824
142 0.0258528
143 0.0258614
144 0.0259792
145 0.025772
146 0.0257268
147 0.0257176
148 0.0256683
149 0.0256974
150 0.0257396
151 0.0257478
152 0.0258125
153 0.025812
154 0.025812
155 0.0257069
156 0.0257041
157 0.0257004
158 0.0256937
159 0.0256939
160 0.025723
161 0.0257515
162 0.0257532
163 0.0257862
164 0.025787
165 0.0258968
166 0.0258967
167 0.0258956
168 0.0258669
169 0.0257783
170 0.0257925
171 0.0258062
172 0.0257903
173 0.0257887
174 0.0257826
175 0.0257828
176 0.0258648
177 0.0258646
178 0.0258635
179 0.0258635
180 0.0258614
181 0.0255965
182 0.0255965
183 0.0256668
184 0.0256862
185 0.0256794
186 0.0257335
187 0.0257332
188 0.0257332
189 0.0257327
190 0.0257192
191 0.0257351
192 0.0256798
193 0.025672
194 0.0256864
195 0.0256944
196 0.0256895
197 0.0256132
198 0.0255931
199 0.0255793
200 0.0255496
201 0.0255491
202 0.0255659
203 0.0255642
204 0.02551
205 0.02551
206 0.0254351
207 0.0254351
208 0.025395
209 0.0253937
210 0.025359
211 0.0253595
212 0.0253389
213 0.0254067
214 0.0254324
215 0.0254333
216 0.0254425
217 0.025377
218 0.0253913
219 0.0254307
220 0.0254307
221 0.025428
222 0.0254101
223 0.0254111
224 0.0254022
225 0.0254014
