0 1.89387
1 1.89516
2 1.89317
3 1.91596
4 1.91725
5 1.91918
6 1.92321
7 1.92218
8 1.92587
9 1.92498
10 1.92508
11 1.97855
12 1.97885
13 1.97842
14 1.97789
15 1.97831
16 2.01522
17 2.01455
18 2.0138
19 2.01582
20 2.02781
21 2.03872
22 2.04091
23 2.04239
24 2.0428
25 2.04297
26 2.04365
27 2.0469
28 2.04819
29 2.04725
30 2.0468
31 2.04839
32 2.048
33 2.04952
34 2.05012
35 2.05038
36 2.04896
37 2.05136
38 2.05221
39 2.05709
40 2.05804
41 2.05846
42 2.05813
43 2.06264
44 2.06424
45 2.06447
46 2.06492
47 2.06459
48 2.05761
49 2.05788
50 2.05781
51 2.0651
52 2.0661
53 2.06585
54 2.06473
55 2.065
56 2.06704
57 2.07138
58 2.07338
59 2.07182
60 2.07353
61 2.07447
62 2.07413
63 2.0807
64 2.08039
65 2.08166
66 2.08162
67 2.082
68 2.08109
69 2.08393
70 2.08435
71 2.08434
72 2.08406
73 2.08333
74 2.08368
75 2.08387
76 2.08512
77 2.08486
78 2.08531
79 2.08494
80 2.08435
81 2.08461
82 2.08886
83 2.09092
84 2.09185
85 2.09182
86 2.09352
87 2.09354
88 2.09305
89 2.09187
90 2.09266
91 2.09266
92 2.09265
93 2.09265
94 2.09223
95 2.12824
96 2.12976
97 2.12997
98 2.13062
99 2.13187
100 2.13038
101 2.13238
102 2.14282
103 2.14317
104 2.14259
105 2.14259
106 2.14259
107 2.14195
108 2.14164
109 2.14213
110 2.14553
111 2.1455
112 2.14616
113 2.14909
114 2.14962
115 2.15348
116 2.15348
117 2.15348
118 2.15354
119 2.15347
120 2.15347
121 2.15227
122 2.15224
123 2.15667
124 2.15667
125 2.157
126 2.157
127 2.15632
128 2.15454
129 2.15469
130 2.15473
131 2.15472
132 2.15472
133 2.15521
134 2.15519
135 2.15531
136 2.15553
137 2.15798
138 2.15746
139 2.15745
140 2.15671
141 2.15646
142 2.15832
143 2.15751
144 2.15751
145 2.15735
146 2.15832
147 2.15916
148 2.16344
149 2.1646
150 2.15909
151 2.15836
152 2.1581
153 2.1581
154 2.1581
155 2.15939
156 2.15959
157 2.1603
158 2.15902
159 2.15902
160 2.15874
161 2.16037
162 2.16306
163 2.16324
164 2.16324
165 2.16265
166 2.16267
167 2.16235
168 2.16216
169 2.16239
170 2.16528
171 2.16528
172 2.16522
173 2.16522
174 2.16555
175 2.16521
176 2.16521
177 2.16633
178 2.16634
179 2.16609
180 2.16576
181 2.17234
182 2.17205
183 2.17287
184 2.17227
185 2.17227
186 2.17337
187 2.1736
188 2.17329
189 2.17279
190 2.17357
191 2.17333
192 2.17398
193 2.17474
194 2.17957
195 2.17957
196 2.1806
197 2.18581
198 2.18581
199 2.18581
200 2.18629
201 2.186
202 2.18528
203 2.18681
204 2.1856
205 2.18586
206 2.18575
207 2.18576
208 2.18466
209 2.18431
210 2.18384
211 2.18384
212 2.1834
213 2.18394
214 2.18394
215 2.1834
216 2.18472
217 2.18294
218 2.18294
219 2.18411
220 2.18494
221 2.18473
222 2.18515
223 2.19229
224 2.19271
225 2.19088
