0 1
1 0.992405
2 0.989169
3 0.939991
4 0.927427
5 0.922939
6 0.918538
7 0.91497
8 0.880209
9 0.88157
10 0.877319
11 0.844054
12 0.842527
13 0.832587
14 0.831312
15 0.830125
16 0.795636
17 0.794387
18 0.790463
19 0.784144
20 0.766292
21 0.761304
22 0.75627
23 0.748892
24 0.748222
25 0.743519
26 0.742087
27 0.739084
28 0.739778
29 0.740372
30 0.740372
31 0.73867
32 0.738181
33 0.736234
34 0.737788
35 0.737645
36 0.737179
37 0.74425
38 0.744283
39 0.739955
40 0.73737
41 0.734662
42 0.733539
43 0.731963
44 0.731536
45 0.731498
46 0.731416
47 0.730362
48 0.72858
49 0.727582
50 0.727836
51 0.726846
52 0.712515
53 0.711768
54 0.711768
55 0.712158
56 0.706414
57 0.704249
58 0.702828
59 0.699038
60 0.699315
61 0.699079
62 0.699244
63 0.699716
64 0.699716
65 0.696826
66 0.69468
67 0.69581
68 0.696376
69 0.696012
70 0.695913
71 0.695988
72 0.695895
73 0.694875
74 0.694972
75 0.694081
76 0.693715
77 0.692377
78 0.692209
79 0.69118
80 0.69118
81 0.691023
82 0.69054
83 0.686818
84 0.679941
85 0.67955
86 0.675694
87 0.675209
88 0.675262
89 0.675211
90 0.674707
91 0.674707
92 0.673952
93 0.674214
94 0.674321
95 0.669928
96 0.669742
97 0.669666
98 0.669748
99 0.669336
100 0.669197
101 0.668764
102 0.659068
103 0.658316
104 0.657363
105 0.657363
106 0.657363
107 0.657617
108 0.657309
109 0.657135
110 0.656615
111 0.656475
112 0.656358
113 0.656223
114 0.65575
115 0.649474
116 0.649415
117 0.649415
118 0.649307
119 0.649504
120 0.648948
121 0.648113
122 0.648145
123 0.643257
124 0.642905
125 0.640508
126 0.640301
127 0.639941
128 0.637534
129 0.637395
130 0.637519
131 0.637394
132 0.637621
133 0.63588
134 0.636121
135 0.635643
136 0.633072
137 0.63037
138 0.63037
139 0.63037
140 0.631245
141 0.631182
142 0.63164
143 0.63144
144 0.632264
145 0.630643
146 0.629633
147 0.629403
148 0.62854
149 0.628918
150 0.627855
151 0.62813
152 0.628259
153 0.628255
154 0.628255
155 0.627595
156 0.627647
157 0.627979
158 0.62806
159 0.628092
160 0.625835
161 0.625537
162 0.625599
163 0.625772
164 0.625908
165 0.626512
166 0.62639
167 0.626292
168 0.626068
169 0.624072
170 0.623086
171 0.623184
172 0.623071
173 0.622744
174 0.622963
175 0.622982
176 0.62411
177 0.624099
178 0.623548
179 0.623548
180 0.623597
181 0.622172
182 0.622172
183 0.622547
184 0.622519
185 0.622534
186 0.622668
187 0.622544
188 0.622544
189 0.622419
190 0.62215
191 0.621934
192 0.62167
193 0.621806
194 0.621105
195 0.62119
196 0.620697
197 0.620261
198 0.619993
199 0.619829
200 0.619383
201 0.619147
202 0.619169
203 0.619097
204 0.618228
205 0.618228
206 0.61479
207 0.61479
208 0.613683
209 0.61369
210 0.613572
211 0.61355
212 0.613132
213 0.612449
214 0.612429
215 0.612319
216 0.611813
217 0.611869
218 0.611676
219 0.612166
220 0.612166
221 0.612353
222 0.611417
223 0.611164
224 0.611442
225 0.611181
