0 3.771
1 3.643
2 3.864
3 3.724
4 3.557
5 3.459
6 3.483
7 3.518
8 3.507
9 3.535
10 3.502
11 3.47
12 3.478
13 3.507
14 3.522
15 3.451
16 3.454
17 3.405
18 3.447
19 3.465
20 3.456
21 3.492
22 3.498
23 3.5
24 3.508
25 3.58
26 3.529
27 3.504
28 3.55
29 3.463
30 3.472
31 3.47
32 3.484
33 3.509
34 3.526
35 3.469
36 3.509
37 3.592
38 3.451
39 3.505
40 3.507
41 3.511
42 3.493
43 3.532
44 3.504
45 3.52
46 3.462
47 3.514
48 3.485
49 3.491
50 3.46
51 3.475
52 3.447
53 3.515
54 3.462
55 3.509
56 3.53
57 3.512
58 3.503
59 3.544
60 3.533
61 3.492
62 3.59
63 3.605
64 3.613
65 3.569
66 3.526
67 3.522
68 3.548
69 3.524
70 3.52
71 3.54
72 3.576
73 3.499
74 3.512
75 3.535
76 3.544
77 3.558
78 3.529
79 3.607
80 3.622
81 3.57
82 3.532
83 3.548
84 3.527
85 3.545
86 3.528
87 3.524
88 3.527
89 3.598
90 3.597
91 3.601
92 3.629
93 3.539
94 3.508
95 3.538
96 3.553
97 3.488
98 3.545
99 3.593
100 3.576
101 3.576
102 3.575
103 3.515
104 3.512
105 3.527
106 3.545
107 3.523
108 3.509
109 3.529
110 3.509
111 3.504
112 3.532
113 3.501
114 3.483
115 3.524
116 3.498
117 3.503
118 3.509
119 3.555
120 3.5
121 3.49
122 3.493
123 3.469
124 3.531
125 3.524
126 3.463
127 3.493
128 3.562
129 3.548
130 3.515
131 3.526
132 3.509
133 3.558
134 3.523
135 3.526
136 3.523
137 3.517
138 3.551
139 3.486
140 3.528
141 3.488
142 3.518
143 3.564
144 3.514
145 3.561
146 3.511
147 3.527
148 3.54
149 3.517
150 3.586
151 3.565
152 3.565
153 3.615
154 3.561
155 3.557
156 3.533
157 3.544
158 3.525
159 3.524
160 3.556
161 3.598
162 3.56
163 3.565
164 3.533
165 3.561
166 3.541
167 3.58
168 3.622
169 3.557
170 3.597
171 3.588
172 3.624
173 3.598
174 3.608
175 3.546
176 3.639
177 3.551
178 3.558
179 3.529
180 3.519
181 3.546
182 3.6
183 3.61
184 3.628
185 3.591
186 3.59
187 3.6
188 3.578
189 3.545
190 3.518
191 3.61
192 3.589
193 3.608
194 3.551
195 3.613
196 3.567
197 3.53
198 3.547
199 3.632
200 3.577
201 3.571
202 3.592
203 3.532
204 3.598
205 3.562
206 3.554
207 3.588
208 3.527
209 3.616
210 3.599
211 3.546
212 3.567
213 3.578
214 3.569
215 3.523
216 3.56
217 3.552
218 3.592
219 3.574
220 3.51
221 3.57
222 3.59
223 3.57
224 3.554
225 3.521
