0 1
1 0.902196
2 0.815167
3 0.805873
4 0.747359
5 0.711475
6 0.702819
7 0.697404
8 0.690773
9 0.681466
10 0.664254
11 0.660676
12 0.640851
13 0.637734
14 0.633108
15 0.624454
16 0.617616
17 0.61084
18 0.610232
19 0.603244
20 0.601927
21 0.601688
22 0.597775
23 0.5828
24 0.580564
25 0.5773
26 0.576803
27 0.573997
28 0.562352
29 0.560714
30 0.558371
31 0.551946
32 0.551292
33 0.544588
34 0.537173
35 0.537064
36 0.531446
37 0.530374
38 0.525173
39 0.524266
40 0.521893
41 0.520758
42 0.518796
43 0.516932
44 0.515103
45 0.512764
46 0.509808
47 0.510336
48 0.506748
49 0.504901
50 0.504649
51 0.50467
52 0.501412
53 0.499053
54 0.49673
55 0.484437
56 0.483649
57 0.483292
58 0.473083
59 0.472933
60 0.471585
61 0.469624
62 0.467059
63 0.465447
64 0.464199
65 0.461787
66 0.45879
67 0.45897
68 0.458639
69 0.455415
70 0.455483
71 0.453558
72 0.453116
73 0.453002
74 0.447244
75 0.447218
76 0.444156
77 0.443336
78 0.442677
79 0.442703
80 0.439799
81 0.438862
82 0.436863
83 0.436102
84 0.434195
85 0.433491
86 0.432566
87 0.431498
88 0.429373
89 0.426896
90 0.425145
91 0.423666
92 0.423084
93 0.421533
94 0.41992
95 0.419414
96 0.418667
97 0.407855
98 0.403435
99 0.403344
100 0.402737
101 0.402338
102 0.402056
103 0.401615
104 0.400871
105 0.399593
106 0.397816
107 0.394384
108 0.385075
109 0.385515
110 0.384861
111 0.384525
112 0.383846
113 0.383508
114 0.381474
115 0.381015
116 0.379997
117 0.379263
118 0.378683
119 0.377743
120 0.378256
121 0.378256
122 0.378048
123 0.378253
124 0.377837
125 0.375572
126 0.375256
127 0.374438
128 0.373993
129 0.373804
130 0.372617
131 0.372047
132 0.372642
133 0.371533
134 0.369443
135 0.369227
136 0.369127
137 0.368393
138 0.367514
139 0.367424
140 0.366029
141 0.36499
142 0.365028
143 0.364911
144 0.364453
145 0.362298
146 0.361503
147 0.361392
148 0.359656
149 0.359651
150 0.357062
151 0.356451
152 0.355942
153 0.35624
154 0.354881
155 0.354731
156 0.35455
157 0.353985
158 0.352879
159 0.352362
160 0.351561
161 0.350837
162 0.349866
163 0.349061
164 0.347657
165 0.346845
166 0.346993
167 0.345014
168 0.345529
169 0.344314
170 0.343366
171 0.342919
172 0.342919
173 0.3421
174 0.342225
175 0.34171
176 0.34151
177 0.341273
178 0.341206
179 0.341677
180 0.341677
181 0.341677
182 0.341051
183 0.340406
184 0.340844
185 0.335996
186 0.335685
187 0.335358
188 0.335358
189 0.335358
190 0.334373
191 0.334088
192 0.334171
193 0.334164
194 0.33311
195 0.333096
196 0.333461
197 0.33398
198 0.333377
199 0.33256
200 0.332432
201 0.332667
202 0.332617
203 0.33257
204 0.329906
205 0.329268
206 0.329115
207 0.329115
208 0.328442
209 0.328513
210 0.328513
211 0.32796
212 0.328176
213 0.328904
214 0.328561
215 0.32847
216 0.328436
217 0.328211
218 0.327571
219 0.327571
220 0.327823
221 0.327458
222 0.327866
223 0.327113
224 0.327404
225 0.326073
