0 12.802
1 13.073
2 13.245
3 13.222
4 13.477
5 13.511
6 13.543
7 13.57
8 13.569
9 13.59
10 13.63
11 13.644
12 13.756
13 13.76
14 13.807
15 13.825
16 13.862
17 13.901
18 13.904
19 13.95
20 13.976
21 13.982
22 14.014
23 14.037
24 14.056
25 14.072
26 14.076
27 14.083
28 14.104
29 14.116
30 14.118
31 14.131
32 14.131
33 14.147
34 14.169
35 14.179
36 14.226
37 14.232
38 14.255
39 14.294
40 14.294
41 14.31
42 14.339
43 14.352
44 14.351
45 14.374
46 14.377
47 14.391
48 14.414
49 14.429
50 14.426
51 14.427
52 14.437
53 14.449
54 14.444
55 14.481
56 14.499
57 14.504
58 14.569
59 14.573
60 14.587
61 14.638
62 14.664
63 14.684
64 14.687
65 14.697
66 14.703
67 14.719
68 14.724
69 14.733
70 14.742
71 14.737
72 14.745
73 14.746
74 14.777
75 14.796
76 14.804
77 14.814
78 14.814
79 14.814
80 14.85
81 14.855
82 14.852
83 14.858
84 14.873
85 14.872
86 14.864
87 14.878
88 14.873
89 14.886
90 14.883
91 14.884
92 14.899
93 14.907
94 14.951
95 14.974
96 14.971
97 15.017
98 15.042
99 15.044
100 15.044
101 15.041
102 15.06
103 15.067
104 15.069
105 15.073
106 15.087
107 15.047
108 15.07
109 15.087
110 15.104
111 15.104
112 15.117
113 15.14
114 15.211
115 15.236
116 15.251
117 15.268
118 15.242
119 15.241
120 15.252
121 15.252
122 15.25
123 15.255
124 15.253
125 15.287
126 15.292
127 15.313
128 15.325
129 15.331
130 15.332
131 15.348
132 15.364
133 15.369
134 15.37
135 15.37
136 15.37
137 15.368
138 15.366
139 15.363
140 15.374
141 15.383
142 15.389
143 15.397
144 15.394
145 15.395
146 15.392
147 15.397
148 15.398
149 15.405
150 15.412
151 15.418
152 15.437
153 15.442
154 15.451
155 15.457
156 15.465
157 15.468
158 15.494
159 15.5
160 15.493
161 15.496
162 15.501
163 15.506
164 15.519
165 15.512
166 15.509
167 15.537
168 15.55
169 15.569
170 15.59
171 15.598
172 15.596
173 15.593
174 15.594
175 15.61
176 15.608
177 15.605
178 15.609
179 15.619
180 15.619
181 15.619
182 15.653
183 15.648
184 15.657
185 15.647
186 15.646
187 15.656
188 15.657
189 15.657
190 15.665
191 15.691
192 15.694
193 15.688
194 15.689
195 15.691
196 15.686
197 15.692
198 15.697
199 15.705
200 15.703
201 15.708
202 15.709
203 15.714
204 15.758
205 15.743
206 15.743
207 15.743
208 15.751
209 15.752
210 15.755
211 15.757
212 15.767
213 15.771
214 15.779
215 15.778
216 15.773
217 15.771
218 15.773
219 15.773
220 15.787
221 15.789
222 15.809
223 15.822
224 15.82
225 15.848
