0 1
1 1.02509
2 1.04128
3 1.03956
4 1.06198
5 1.06518
6 1.06779
7 1.0701
8 1.07001
9 1.07159
10 1.07571
11 1.07692
12 1.08624
13 1.08657
14 1.09042
15 1.09245
16 1.09554
17 1.09877
18 1.09902
19 1.10275
20 1.10464
21 1.10521
22 1.10757
23 1.10952
24 1.11091
25 1.11217
26 1.11244
27 1.11288
28 1.1149
29 1.11564
30 1.11593
31 1.1171
32 1.11703
33 1.11833
34 1.12016
35 1.12089
36 1.12472
37 1.1253
38 1.12734
39 1.1304
40 1.13052
41 1.13163
42 1.13407
43 1.13519
44 1.13532
45 1.13737
46 1.13756
47 1.13873
48 1.14052
49 1.1417
50 1.14164
51 1.14176
52 1.14258
53 1.14368
54 1.1432
55 1.14632
56 1.14808
57 1.14844
58 1.15348
59 1.15372
60 1.1549
61 1.15905
62 1.16131
63 1.16279
64 1.163
65 1.16375
66 1.16418
67 1.16526
68 1.16566
69 1.16651
70 1.16738
71 1.16693
72 1.16729
73 1.16719
74 1.16957
75 1.17107
76 1.17182
77 1.17257
78 1.17258
79 1.17271
80 1.1754
81 1.17589
82 1.17572
83 1.17619
84 1.17733
85 1.17737
86 1.17709
87 1.17821
88 1.17778
89 1.1788
90 1.17863
91 1.1788
92 1.18008
93 1.18071
94 1.18444
95 1.18632
96 1.18624
97 1.19015
98 1.19194
99 1.1921
100 1.19211
101 1.19186
102 1.19334
103 1.19396
104 1.19412
105 1.19435
106 1.19523
107 1.19207
108 1.19374
109 1.19512
110 1.19643
111 1.19641
112 1.19751
113 1.19925
114 1.20492
115 1.20711
116 1.20829
117 1.20947
118 1.20736
119 1.20734
120 1.2082
121 1.2082
122 1.20796
123 1.20841
124 1.20828
125 1.21098
126 1.21154
127 1.21314
128 1.2142
129 1.21468
130 1.21453
131 1.21598
132 1.21719
133 1.21761
134 1.21773
135 1.21773
136 1.21773
137 1.21757
138 1.21748
139 1.21724
140 1.21827
141 1.21907
142 1.21948
143 1.22012
144 1.21987
145 1.21947
146 1.21925
147 1.21971
148 1.21999
149 1.22054
150 1.22095
151 1.22144
152 1.22298
153 1.22329
154 1.22412
155 1.22455
156 1.22521
157 1.22542
158 1.22733
159 1.22786
160 1.22734
161 1.22758
162 1.22797
163 1.22825
164 1.22939
165 1.22893
166 1.22878
167 1.2311
168 1.23229
169 1.23371
170 1.23529
171 1.23586
172 1.23566
173 1.23544
174 1.23555
175 1.23694
176 1.23672
177 1.23645
178 1.23688
179 1.23758
180 1.23758
181 1.23758
182 1.24026
183 1.23981
184 1.24043
185 1.23962
186 1.23962
187 1.24047
188 1.24056
189 1.24056
190 1.24117
191 1.2432
192 1.2434
193 1.24274
194 1.24293
195 1.24314
196 1.24279
197 1.24323
198 1.24351
199 1.24413
200 1.24399
201 1.2443
202 1.24442
203 1.24485
204 1.24824
205 1.24706
206 1.2469
207 1.2469
208 1.24768
209 1.24773
210 1.24794
211 1.24812
212 1.24884
213 1.2493
214 1.25006
215 1.24999
216 1.24961
217 1.24953
218 1.24968
219 1.24968
220 1.25084
221 1.25103
222 1.25233
223 1.25339
224 1.25335
225 1.25566
