0 1
1 1.02801
2 1.04525
3 1.04241
4 1.06449
5 1.06734
6 1.06938
7 1.07198
8 1.07126
9 1.07217
10 1.07654
11 1.07768
12 1.08763
13 1.08794
14 1.09202
15 1.09416
16 1.09769
17 1.10107
18 1.10134
19 1.10577
20 1.10781
21 1.1085
22 1.11079
23 1.11358
24 1.11523
25 1.11677
26 1.11704
27 1.11742
28 1.11999
29 1.12036
30 1.1206
31 1.1224
32 1.12223
33 1.12304
34 1.12534
35 1.12596
36 1.12973
37 1.13005
38 1.13172
39 1.13544
40 1.13549
41 1.137
42 1.13993
43 1.14114
44 1.141
45 1.14384
46 1.14397
47 1.14543
48 1.14754
49 1.14869
50 1.14871
51 1.1488
52 1.14992
53 1.15127
54 1.1504
55 1.15227
56 1.15413
57 1.15437
58 1.16043
59 1.16073
60 1.16165
61 1.16664
62 1.16907
63 1.17062
64 1.17092
65 1.17172
66 1.17199
67 1.17354
68 1.17398
69 1.17464
70 1.17579
71 1.17499
72 1.17528
73 1.17513
74 1.17723
75 1.17933
76 1.17997
77 1.18078
78 1.18076
79 1.18083
80 1.1837
81 1.18421
82 1.18376
83 1.18436
84 1.18559
85 1.18535
86 1.18492
87 1.1861
88 1.18545
89 1.18647
90 1.18613
91 1.18608
92 1.18782
93 1.1887
94 1.19306
95 1.19517
96 1.19543
97 1.1963
98 1.1981
99 1.19825
100 1.19832
101 1.19798
102 1.19954
103 1.20059
104 1.20057
105 1.20066
106 1.20145
107 1.19818
108 1.20014
109 1.20154
110 1.20284
111 1.20279
112 1.20409
113 1.20625
114 1.21237
115 1.21467
116 1.2157
117 1.21704
118 1.21471
119 1.21442
120 1.21567
121 1.21567
122 1.21524
123 1.21558
124 1.21554
125 1.21783
126 1.2186
127 1.22047
128 1.22182
129 1.22236
130 1.22218
131 1.22359
132 1.22505
133 1.22546
134 1.22568
135 1.22561
136 1.2256
137 1.22536
138 1.22536
139 1.22503
140 1.22611
141 1.22679
142 1.22718
143 1.22772
144 1.22737
145 1.22651
146 1.22621
147 1.22668
148 1.22706
149 1.22758
150 1.228
151 1.22842
152 1.23061
153 1.2309
154 1.23168
155 1.23211
156 1.23298
157 1.23318
158 1.23542
159 1.2358
160 1.23513
161 1.2354
162 1.23559
163 1.23578
164 1.23719
165 1.23668
166 1.23643
167 1.23905
168 1.24056
169 1.24188
170 1.24343
171 1.24406
172 1.24376
173 1.24328
174 1.24343
175 1.24502
176 1.24473
177 1.24445
178 1.24521
179 1.24591
180 1.24591
181 1.24591
182 1.24915
183 1.24878
184 1.2495
185 1.24826
186 1.24819
187 1.24916
188 1.24925
189 1.24925
190 1.24988
191 1.25199
192 1.25226
193 1.25145
194 1.25158
195 1.25192
196 1.25141
197 1.25188
198 1.25209
199 1.25269
200 1.25239
201 1.25268
202 1.25286
203 1.25334
204 1.25747
205 1.25604
206 1.25551
207 1.25551
208 1.25679
209 1.25658
210 1.25685
211 1.2571
212 1.2581
213 1.25876
214 1.25981
215 1.25973
216 1.25937
217 1.25912
218 1.25931
219 1.25931
220 1.26055
221 1.26075
222 1.26236
223 1.26357
224 1.26363
225 1.26532
