0 1
1 0.845963
2 0.691424
3 0.682289
4 0.585962
5 0.541272
6 0.530998
7 0.522664
8 0.516519
9 0.504917
10 0.492432
11 0.487287
12 0.472141
13 0.469211
14 0.458862
15 0.445798
16 0.43592
17 0.430518
18 0.430189
19 0.425561
20 0.423153
21 0.422347
22 0.415555
23 0.411269
24 0.410402
25 0.409084
26 0.407972
27 0.406125
28 0.395635
29 0.390425
30 0.389418
31 0.384592
32 0.384137
33 0.379024
34 0.374306
35 0.372806
36 0.366257
37 0.364749
38 0.355144
39 0.352294
40 0.349184
41 0.3479
42 0.346396
43 0.345846
44 0.344562
45 0.341717
46 0.340353
47 0.33966
48 0.338048
49 0.337362
50 0.336177
51 0.336076
52 0.334027
53 0.332884
54 0.331414
55 0.316018
56 0.314116
57 0.313835
58 0.309166
59 0.309117
60 0.308148
61 0.304829
62 0.302376
63 0.301236
64 0.300188
65 0.298893
66 0.296144
67 0.295987
68 0.296066
69 0.293236
70 0.292651
71 0.291501
72 0.290777
73 0.290258
74 0.284598
75 0.28359
76 0.28238
77 0.281941
78 0.281574
79 0.280777
80 0.279353
81 0.279121
82 0.278779
83 0.27881
84 0.278642
85 0.278198
86 0.276674
87 0.276568
88 0.275979
89 0.275111
90 0.27415
91 0.273157
92 0.273252
93 0.271355
94 0.270835
95 0.271213
96 0.270958
97 0.266111
98 0.263907
99 0.263849
100 0.263726
101 0.262125
102 0.261925
103 0.260565
104 0.259873
105 0.259168
106 0.257263
107 0.255155
108 0.250528
109 0.248885
110 0.248848
111 0.248559
112 0.249137
113 0.248921
114 0.244854
115 0.24369
116 0.243556
117 0.243287
118 0.242313
119 0.241705
120 0.241218
121 0.241218
122 0.239925
123 0.239167
124 0.238712
125 0.236627
126 0.236417
127 0.235159
128 0.235147
129 0.23471
130 0.233752
131 0.233254
132 0.233039
133 0.232264
134 0.232104
135 0.232085
136 0.232024
137 0.231733
138 0.231685
139 0.231544
140 0.230649
141 0.229823
142 0.229655
143 0.229262
144 0.229203
145 0.230541
146 0.230103
147 0.230084
148 0.230193
149 0.23012
150 0.228877
151 0.228367
152 0.228213
153 0.228209
154 0.225682
155 0.225636
156 0.22578
157 0.225618
158 0.225782
159 0.224664
160 0.223251
161 0.222963
162 0.222472
163 0.221798
164 0.221542
165 0.220725
166 0.220363
167 0.220012
168 0.219015
169 0.219091
170 0.218337
171 0.218199
172 0.218117
173 0.217443
174 0.217324
175 0.217267
176 0.217188
177 0.217152
178 0.217186
179 0.21696
180 0.21696
181 0.216973
182 0.216357
183 0.216242
184 0.216252
185 0.215892
186 0.215828
187 0.215282
188 0.215217
189 0.215217
190 0.213595
191 0.213625
192 0.213635
193 0.21317
194 0.212817
195 0.213033
196 0.213009
197 0.213236
198 0.213006
199 0.212761
200 0.213102
201 0.213044
202 0.212941
203 0.212837
204 0.211656
205 0.210853
206 0.210648
207 0.210648
208 0.210166
209 0.210195
210 0.210323
211 0.209924
212 0.209879
213 0.209168
214 0.209104
215 0.209108
216 0.209605
217 0.209096
218 0.209014
219 0.209014
220 0.207726
221 0.207634
222 0.206469
223 0.206455
224 0.206235
225 0.204874
