0 0.0564273
1 0.0547653
2 0.0552626
3 0.0545073
4 0.0490925
5 0.0468186
6 0.04689
7 0.0464612
8 0.0462741
9 0.0460233
10 0.0448306
11 0.0441217
12 0.0437545
13 0.0437705
14 0.0435844
15 0.0430226
16 0.0422619
17 0.0422987
18 0.0423073
19 0.0424123
20 0.0423613
21 0.0424134
22 0.042612
23 0.042736
24 0.0427586
25 0.0428307
26 0.0423857
27 0.0423485
28 0.0421166
29 0.042037
30 0.0419793
31 0.041754
32 0.0417292
33 0.0419938
34 0.041542
35 0.0412349
36 0.0412911
37 0.0412207
38 0.0398931
39 0.0397365
40 0.0397388
41 0.03974
42 0.0397112
43 0.0397439
44 0.0398122
45 0.0399024
46 0.0398347
47 0.0396614
48 0.0396208
49 0.0396195
50 0.0395464
51 0.0395192
52 0.0394869
53 0.0395191
54 0.0395188
55 0.0394033
56 0.0392995
57 0.0393461
58 0.0392681
59 0.0392536
60 0.0392758
61 0.039102
62 0.0391344
63 0.0392227
64 0.0392946
65 0.0392279
66 0.0388331
67 0.0388255
68 0.0388879
69 0.0385659
70 0.03848
71 0.0385187
72 0.0385312
73 0.0385279
74 0.038234
75 0.0388784
76 0.0389122
77 0.0389258
78 0.0389249
79 0.0387715
80 0.0387709
81 0.0386951
82 0.0386643
83 0.0385538
84 0.0385615
85 0.0385542
86 0.0385093
87 0.0385013
88 0.0384536
89 0.0384591
90 0.0384895
91 0.0384451
92 0.038066
93 0.0380938
94 0.0379113
95 0.0378571
96 0.0378511
97 0.0377004
98 0.0378002
99 0.0377894
100 0.037811
101 0.0378894
102 0.0378998
103 0.0377968
104 0.0378036
105 0.0378096
106 0.0379324
107 0.0380371
108 0.0379175
109 0.037731
110 0.0377242
111 0.0377206
112 0.0377076
113 0.0378497
114 0.0372141
115 0.0371549
116 0.0371102
117 0.0370772
118 0.0370261
119 0.0363543
120 0.0363535
121 0.0363535
122 0.0363268
123 0.0363732
124 0.0363196
125 0.0364627
126 0.0364143
127 0.0365565
128 0.0365621
129 0.0366054
130 0.0365792
131 0.0364117
132 0.0364187
133 0.0364265
134 0.0364258
135 0.0364214
136 0.0364112
137 0.0364048
138 0.0363971
139 0.0364203
140 0.0364196
141 0.0364526
142 0.0364165
143 0.0361283
144 0.036121
145 0.0360441
146 0.0360669
147 0.0360685
148 0.0360607
149 0.03606
150 0.0362077
151 0.036215
152 0.0362581
153 0.0362815
154 0.036229
155 0.0362548
156 0.0362548
157 0.0362506
158 0.036312
159 0.0362567
160 0.0362864
161 0.0362931
162 0.0363021
163 0.036173
164 0.036075
165 0.0360714
166 0.0360795
167 0.036196
168 0.0362177
169 0.0358859
170 0.0358892
171 0.0359157
172 0.0359106
173 0.0359404
174 0.0359533
175 0.0358801
176 0.0358611
177 0.0358578
178 0.0358518
179 0.0358075
180 0.0358075
181 0.0358128
182 0.0357639
183 0.0358287
184 0.035788
185 0.0355893
186 0.0355847
187 0.0355922
188 0.0355913
189 0.0355913
190 0.035645
191 0.0356233
192 0.0356176
193 0.0355961
194 0.0356082
195 0.0355212
196 0.035564
197 0.0355917
198 0.0355837
199 0.0354859
200 0.035502
201 0.0354898
202 0.0355296
203 0.0353694
204 0.0351953
205 0.0350939
206 0.0350578
207 0.0350578
208 0.0350293
209 0.0350521
210 0.0350686
211 0.0349789
212 0.0349896
213 0.0349466
214 0.0349173
215 0.0349152
216 0.0349522
217 0.0349291
218 0.034957
219 0.0349457
220 0.0349423
221 0.0349442
222 0.0349348
223 0.0347493
224 0.0347957
225 0.0346612
