0 2.49738
1 2.55014
2 2.58036
3 2.57301
4 2.61966
5 2.62378
6 2.62874
7 2.63459
8 2.63289
9 2.63563
10 2.64276
11 2.64511
12 2.66842
13 2.66907
14 2.67845
15 2.68127
16 2.68939
17 2.69719
18 2.6978
19 2.70832
20 2.71401
21 2.71539
22 2.72155
23 2.72757
24 2.73191
25 2.73562
26 2.73644
27 2.73789
28 2.7426
29 2.74442
30 2.74451
31 2.74841
32 2.74822
33 2.75041
34 2.7554
35 2.75702
36 2.76585
37 2.76632
38 2.76984
39 2.77902
40 2.77859
41 2.78264
42 2.78906
43 2.79164
44 2.79058
45 2.7965
46 2.79692
47 2.8002
48 2.8053
49 2.80815
50 2.8075
51 2.80759
52 2.81034
53 2.81318
54 2.81117
55 2.81523
56 2.8187
57 2.81954
58 2.83489
59 2.83592
60 2.83789
61 2.84951
62 2.85492
63 2.85905
64 2.8598
65 2.86177
66 2.86272
67 2.86706
68 2.86817
69 2.86923
70 2.87147
71 2.86959
72 2.87118
73 2.87149
74 2.87715
75 2.88239
76 2.88356
77 2.8857
78 2.88562
79 2.88561
80 2.89278
81 2.89347
82 2.89218
83 2.89366
84 2.89678
85 2.89582
86 2.89339
87 2.89602
88 2.89476
89 2.89722
90 2.89623
91 2.89579
92 2.89962
93 2.90144
94 2.91102
95 2.91584
96 2.91586
97 2.91714
98 2.92227
99 2.92264
100 2.9228
101 2.92182
102 2.92578
103 2.92799
104 2.928
105 2.92839
106 2.93129
107 2.92368
108 2.92924
109 2.93246
110 2.93585
111 2.9358
112 2.93851
113 2.94405
114 2.95843
115 2.96359
116 2.96616
117 2.97002
118 2.96438
119 2.96343
120 2.96614
121 2.96614
122 2.96542
123 2.96615
124 2.96596
125 2.97155
126 2.97291
127 2.9779
128 2.98066
129 2.98189
130 2.98223
131 2.98504
132 2.98899
133 2.9899
134 2.99027
135 2.99008
136 2.99006
137 2.98946
138 2.98913
139 2.9883
140 2.9906
141 2.99196
142 2.99306
143 2.99443
144 2.99366
145 2.99346
146 2.99254
147 2.99344
148 2.99341
149 2.99474
150 2.99636
151 2.99727
152 3.00264
153 3.00354
154 3.00494
155 3.00618
156 3.00812
157 3.00874
158 3.01458
159 3.01518
160 3.01354
161 3.01421
162 3.01469
163 3.01559
164 3.01859
165 3.01696
166 3.01604
167 3.0222
168 3.02537
169 3.02869
170 3.03264
171 3.03436
172 3.03379
173 3.03257
174 3.03279
175 3.03619
176 3.0357
177 3.03511
178 3.0365
179 3.03838
180 3.03838
181 3.03839
182 3.04644
183 3.04593
184 3.04799
185 3.04528
186 3.04488
187 3.04712
188 3.04731
189 3.04731
190 3.04889
191 3.05397
192 3.05477
193 3.05343
194 3.05343
195 3.05415
196 3.05274
197 3.05404
198 3.05479
199 3.05647
200 3.05557
201 3.05655
202 3.05686
203 3.05799
204 3.06861
205 3.0652
206 3.06485
207 3.06485
208 3.06731
209 3.0669
210 3.06773
211 3.06826
212 3.071
213 3.07224
214 3.07414
215 3.0739
216 3.07295
217 3.07205
218 3.07254
219 3.07254
220 3.07528
221 3.07571
222 3.0807
223 3.08358
224 3.08313
225 3.08783
