0 0.103793
1 0.0834234
2 0.0621027
3 0.0606022
4 0.0523411
5 0.0474142
6 0.0451357
7 0.0428419
8 0.0424716
9 0.0417726
10 0.0406776
11 0.0402385
12 0.0398253
13 0.0398002
14 0.0394938
15 0.0390085
16 0.0380666
17 0.0374883
18 0.0373261
19 0.0369203
20 0.0365575
21 0.0362689
22 0.0359082
23 0.0356361
24 0.0355811
25 0.0355747
26 0.0353931
27 0.0352661
28 0.0340629
29 0.0338072
30 0.0335509
31 0.0333861
32 0.0333203
33 0.032148
34 0.0315343
35 0.0313643
36 0.0313357
37 0.031254
38 0.0309261
39 0.0307048
40 0.0306893
41 0.0304481
42 0.0303902
43 0.030294
44 0.0303459
45 0.0300946
46 0.0299855
47 0.0298551
48 0.0296386
49 0.0296006
50 0.0294775
51 0.0294623
52 0.0293371
53 0.0292472
54 0.0291992
55 0.0291633
56 0.029117
57 0.0291016
58 0.0293229
59 0.029305
60 0.0292089
61 0.0288469
62 0.0288322
63 0.0287553
64 0.028756
65 0.0285772
66 0.0284423
67 0.0285319
68 0.0285231
69 0.0282739
70 0.0275519
71 0.027568
72 0.0275728
73 0.0273304
74 0.0270496
75 0.0265377
76 0.0264704
77 0.0265655
78 0.0265347
79 0.0264728
80 0.0264427
81 0.0263906
82 0.0263859
83 0.0262292
84 0.0261829
85 0.0260889
86 0.0259923
87 0.0259932
88 0.0258853
89 0.0258596
90 0.0258623
91 0.0258451
92 0.0259015
93 0.0257684
94 0.0255295
95 0.0255051
96 0.0254957
97 0.0253689
98 0.0253579
99 0.0253498
100 0.0253422
101 0.0253021
102 0.0252857
103 0.0250599
104 0.024923
105 0.0249049
106 0.0246525
107 0.0245394
108 0.0245306
109 0.0244975
110 0.0244302
111 0.0244238
112 0.0243747
113 0.0244997
114 0.0242584
115 0.0242651
116 0.0242136
117 0.0241985
118 0.0241122
119 0.023914
120 0.02391
121 0.02391
122 0.0238473
123 0.0239871
124 0.0238638
125 0.0237274
126 0.0236907
127 0.0237547
128 0.0237482
129 0.0237803
130 0.0237039
131 0.0236118
132 0.0236149
133 0.0236083
134 0.0236169
135 0.0235981
136 0.0235921
137 0.0235865
138 0.0235687
139 0.0235502
140 0.0234417
141 0.0234451
142 0.0233774
143 0.0233165
144 0.0233056
145 0.0232819
146 0.023299
147 0.0233003
148 0.0233776
149 0.0233828
150 0.0233816
151 0.0233842
152 0.0234321
153 0.0234685
154 0.0234068
155 0.0233812
156 0.0233386
157 0.0232299
158 0.0232157
159 0.023181
160 0.0231705
161 0.023189
162 0.0231707
163 0.0231084
164 0.0230656
165 0.0230854
166 0.0230524
167 0.0231377
168 0.023166
169 0.0231392
170 0.0229663
171 0.0228115
172 0.0228049
173 0.0228561
174 0.0228464
175 0.0227824
176 0.0227669
177 0.022766
178 0.0228735
179 0.0228332
180 0.0228332
181 0.022828
182 0.0229017
183 0.0228559
184 0.0227859
185 0.0227862
186 0.0227789
187 0.0223267
188 0.022326
189 0.022326
190 0.0223137
191 0.022312
192 0.0222861
193 0.0222266
194 0.0222169
195 0.022302
196 0.022294
197 0.0222837
198 0.0222835
199 0.0221357
200 0.0221287
201 0.02202
202 0.0220491
203 0.0217979
204 0.0217857
205 0.0217586
206 0.0215531
207 0.0215531
208 0.0216042
209 0.0215828
210 0.021564
211 0.0216507
212 0.0216278
213 0.0215755
214 0.0215523
215 0.0215478
216 0.0215411
217 0.0215398
218 0.0215269
219 0.0215163
220 0.021513
221 0.0213735
222 0.0213223
223 0.0212731
224 0.0212891
225 0.0212965
