0 1
1 1.00066
2 1.007
3 0.997099
4 0.903202
5 0.868719
6 0.869077
7 0.869926
8 0.865427
9 0.85754
10 0.84186
11 0.829749
12 0.818344
13 0.817129
14 0.811382
15 0.796899
16 0.784616
17 0.788864
18 0.789123
19 0.792309
20 0.792826
21 0.792677
22 0.795391
23 0.804467
24 0.806513
25 0.807296
26 0.804745
27 0.804312
28 0.802524
29 0.798362
30 0.798732
31 0.797925
32 0.796946
33 0.801837
34 0.797911
35 0.792249
36 0.794283
37 0.792632
38 0.771093
39 0.770392
40 0.768744
41 0.770927
42 0.773715
43 0.773578
44 0.772933
45 0.775167
46 0.774041
47 0.772978
48 0.771996
49 0.770565
50 0.770757
51 0.769857
52 0.771477
53 0.771939
54 0.770915
55 0.749965
56 0.748544
57 0.74865
58 0.746174
59 0.74634
60 0.746728
61 0.744323
62 0.746323
63 0.745885
64 0.745713
65 0.743321
66 0.737151
67 0.739402
68 0.739619
69 0.735546
70 0.735491
71 0.733439
72 0.733098
73 0.73362
74 0.725344
75 0.729281
76 0.730307
77 0.729974
78 0.729936
79 0.727527
80 0.728121
81 0.727707
82 0.727288
83 0.72678
84 0.726285
85 0.724551
86 0.723266
87 0.723421
88 0.723595
89 0.723574
90 0.723348
91 0.722109
92 0.721704
93 0.722625
94 0.723052
95 0.723985
96 0.725277
97 0.721935
98 0.721379
99 0.721349
100 0.721081
101 0.721829
102 0.722217
103 0.722576
104 0.72166
105 0.720943
106 0.720077
107 0.720262
108 0.714764
109 0.711186
110 0.710842
111 0.710657
112 0.710649
113 0.71084
114 0.696054
115 0.694572
116 0.693306
117 0.693917
118 0.693092
119 0.688986
120 0.688841
121 0.688841
122 0.688296
123 0.686509
124 0.686045
125 0.685165
126 0.683333
127 0.685323
128 0.686447
129 0.686428
130 0.685668
131 0.683295
132 0.685299
133 0.685221
134 0.685628
135 0.685612
136 0.685676
137 0.685673
138 0.685872
139 0.685655
140 0.685136
141 0.684545
142 0.684319
143 0.682147
144 0.681701
145 0.680683
146 0.680187
147 0.680289
148 0.68045
149 0.680778
150 0.683518
151 0.682638
152 0.683985
153 0.683713
154 0.682687
155 0.682754
156 0.683659
157 0.683993
158 0.685775
159 0.683623
160 0.683886
161 0.683636
162 0.682872
163 0.681322
164 0.679922
165 0.67972
166 0.679361
167 0.679777
168 0.679745
169 0.677171
170 0.67762
171 0.679068
172 0.67895
173 0.678561
174 0.678519
175 0.679189
176 0.679069
177 0.678917
178 0.679941
179 0.679238
180 0.679238
181 0.679245
182 0.681144
183 0.681245
184 0.680636
185 0.677418
186 0.677064
187 0.677043
188 0.676999
189 0.676999
190 0.676584
191 0.676701
192 0.677032
193 0.67672
194 0.676421
195 0.676425
196 0.675939
197 0.676491
198 0.67708
199 0.677159
200 0.677062
201 0.676374
202 0.67764
203 0.676628
204 0.674023
205 0.672472
206 0.672072
207 0.672072
208 0.672122
209 0.671346
210 0.671514
211 0.669978
212 0.670574
213 0.670097
214 0.670775
215 0.670723
216 0.670783
217 0.669516
218 0.669936
219 0.669936
220 0.670085
221 0.670148
222 0.671077
223 0.671818
224 0.672855
225 0.668382
