0 10.508
1 9.711
2 9.519
3 9.006
4 8.946
5 8.924
6 8.818
7 8.728
8 8.574
9 8.499
10 8.477
11 8.633
12 8.651
13 8.598
14 8.649
15 8.651
16 8.909
17 8.957
18 8.93
19 8.959
20 8.855
21 8.874
22 8.869
23 8.83
24 8.823
25 8.84
26 8.758
27 8.695
28 8.732
29 8.727
30 8.726
31 8.822
32 8.732
33 8.71
34 8.748
35 8.736
36 8.668
37 8.689
38 8.672
39 8.627
40 8.615
41 8.65
42 8.602
43 8.593
44 8.488
45 8.518
46 8.534
47 8.489
48 8.373
49 8.421
50 8.385
51 8.383
52 8.287
53 8.262
54 8.3
55 8.33
56 8.257
57 8.265
58 8.281
59 8.198
60 8.23
61 8.254
62 8.24
63 8.169
64 8.242
65 8.163
66 8.167
67 8.192
68 8.145
69 8.107
70 8.118
71 8.104
72 8.236
73 8.166
74 8.186
75 8.137
76 8.072
77 8.223
78 8.086
79 8.296
80 8.04
81 8.096
82 8.209
83 8.141
84 8.106
85 8.101
86 8.099
87 8.161
88 8.153
89 8.194
90 8.129
91 8.001
92 8.114
93 8.1
94 8.111
95 8.213
96 8.167
97 8.165
98 8.27
99 8.149
100 8.214
101 8.138
102 8.132
103 8.224
104 8.167
105 8.104
106 8.12
107 8.133
108 8.12
109 8.111
110 8.195
111 8.161
112 8.128
113 8.079
114 8.178
115 8.117
116 8.112
117 8.129
118 8.111
119 8.236
120 8.177
121 8.084
122 8.119
123 8.119
124 8.162
125 8.168
126 8.121
127 8.141
128 8.186
129 8.131
130 8.164
131 8.148
132 8.092
133 8.092
134 8.148
135 8.072
136 8.162
137 8.137
138 8.155
139 8.106
140 8.054
141 8.23
142 8.141
143 8.131
144 8.085
145 8.122
146 8.128
147 8.139
148 8.106
149 8.113
150 7.983
151 7.969
152 7.967
153 7.934
154 8.043
155 8.005
156 8.076
157 8.105
158 7.981
159 7.976
160 7.914
161 7.955
162 8.031
163 7.973
164 7.902
165 7.959
166 7.898
167 7.905
168 7.864
169 7.92
170 7.866
171 7.902
172 7.818
173 7.924
174 7.888
175 7.865
176 7.858
177 7.861
178 7.845
179 7.842
180 7.881
181 7.879
182 7.842
183 7.846
184 7.823
185 7.83
186 7.917
187 7.897
188 7.912
189 7.794
190 7.809
191 7.922
192 7.857
193 7.801
194 7.798
195 7.803
196 7.913
197 7.856
198 7.791
199 7.871
200 7.74
201 7.799
202 7.82
203 7.776
204 7.78
205 7.798
206 7.783
207 7.762
208 7.806
209 7.701
210 7.761
211 7.732
212 7.721
213 7.704
214 7.744
215 7.719
216 7.695
217 7.728
218 7.772
219 7.81
220 7.782
221 7.773
222 7.836
223 7.755
224 7.733
225 7.781
