0 1
1 0.988799
2 0.980032
3 0.926763
4 0.909752
5 0.898616
6 0.883979
7 0.876489
8 0.811088
9 0.80486
10 0.802183
11 0.746114
12 0.744187
13 0.737901
14 0.735667
15 0.734374
16 0.6675
17 0.666631
18 0.664491
19 0.65886
20 0.642139
21 0.637766
22 0.633275
23 0.627884
24 0.627287
25 0.625312
26 0.625226
27 0.624327
28 0.6234
29 0.623003
30 0.623003
31 0.622427
32 0.621224
33 0.61949
34 0.619259
35 0.619175
36 0.619175
37 0.593592
38 0.593598
39 0.59204
40 0.588818
41 0.586608
42 0.586611
43 0.584893
44 0.583846
45 0.583682
46 0.583744
47 0.583323
48 0.583202
49 0.58354
50 0.583545
51 0.582454
52 0.561104
53 0.560513
54 0.560236
55 0.560136
56 0.551209
57 0.55055
58 0.550736
59 0.547472
60 0.546495
61 0.546247
62 0.545642
63 0.540666
64 0.540535
65 0.540473
66 0.541275
67 0.541535
68 0.541685
69 0.54152
70 0.541482
71 0.541482
72 0.541566
73 0.540717
74 0.54095
75 0.54033
76 0.540141
77 0.539659
78 0.539659
79 0.539781
80 0.539781
81 0.539511
82 0.538326
83 0.53715
84 0.53456
85 0.534814
86 0.533101
87 0.533366
88 0.532862
89 0.532001
90 0.530503
91 0.530503
92 0.530146
93 0.53023
94 0.530093
95 0.512885
96 0.512791
97 0.511804
98 0.511804
99 0.510251
100 0.509939
101 0.506262
102 0.49635
103 0.496237
104 0.494668
105 0.494559
106 0.494559
107 0.494448
108 0.494448
109 0.494475
110 0.49361
111 0.493422
112 0.493422
113 0.493057
114 0.493057
115 0.488312
116 0.488221
117 0.488103
118 0.48793
119 0.488039
120 0.487911
121 0.486424
122 0.486435
123 0.483654
124 0.483596
125 0.483596
126 0.483596
127 0.483486
128 0.483176
129 0.483087
130 0.483087
131 0.483087
132 0.482726
133 0.482905
134 0.483036
135 0.482805
136 0.48176
137 0.477171
138 0.477171
139 0.477011
140 0.47539
141 0.47539
142 0.475145
143 0.474604
144 0.475297
145 0.473193
146 0.472804
147 0.472728
148 0.472589
149 0.472309
150 0.470521
151 0.47035
152 0.470506
153 0.470506
154 0.470506
155 0.469698
156 0.469443
157 0.468726
158 0.468726
159 0.468664
160 0.467791
161 0.46772
162 0.466554
163 0.466487
164 0.466396
165 0.465465
166 0.465465
167 0.465465
168 0.465309
169 0.464528
170 0.463721
171 0.463788
172 0.464179
173 0.464196
174 0.464196
175 0.463897
176 0.463344
177 0.463344
178 0.463281
179 0.463281
180 0.463096
181 0.461149
182 0.461149
183 0.460812
184 0.460736
185 0.460736
186 0.460862
187 0.460945
188 0.46074
189 0.46074
190 0.46059
191 0.46059
192 0.459353
193 0.458508
194 0.458607
195 0.458607
196 0.4585
197 0.456727
198 0.456727
199 0.456512
200 0.456441
201 0.456441
202 0.456407
203 0.456448
204 0.454813
205 0.454336
206 0.452222
207 0.452222
208 0.451997
209 0.450994
210 0.450899
211 0.450837
212 0.450029
213 0.449517
214 0.449517
215 0.449517
216 0.448816
217 0.448668
218 0.448974
219 0.448808
220 0.448725
221 0.448725
222 0.448396
223 0.448242
224 0.448113
225 0.44782
