0 1
1 1
2 0.999418
3 1.00598
4 1.00887
5 1.01036
6 1.01367
7 1.01524
8 1.02367
9 1.02171
10 1.02259
11 1.0417
12 1.04289
13 1.04578
14 1.04674
15 1.04699
16 1.07329
17 1.0734
18 1.07387
19 1.07659
20 1.08214
21 1.08468
22 1.08408
23 1.08569
24 1.08599
25 1.08669
26 1.08692
27 1.08756
28 1.08825
29 1.0887
30 1.0887
31 1.08888
32 1.08879
33 1.08842
34 1.08859
35 1.08877
36 1.08877
37 1.08756
38 1.08766
39 1.0875
40 1.08809
41 1.08842
42 1.08897
43 1.09039
44 1.09017
45 1.09026
46 1.09001
47 1.08996
48 1.0899
49 1.08999
50 1.08999
51 1.09166
52 1.0971
53 1.09744
54 1.09756
55 1.0976
56 1.09932
57 1.10047
58 1.10127
59 1.10435
60 1.10441
61 1.10371
62 1.10487
63 1.10623
64 1.10621
65 1.10738
66 1.11005
67 1.11011
68 1.11018
69 1.11036
70 1.11033
71 1.11021
72 1.10994
73 1.11038
74 1.11014
75 1.1105
76 1.11061
77 1.11102
78 1.1111
79 1.11067
80 1.11072
81 1.11079
82 1.11245
83 1.11436
84 1.11604
85 1.11611
86 1.11746
87 1.11759
88 1.11788
89 1.11824
90 1.11896
91 1.11896
92 1.11916
93 1.11905
94 1.11937
95 1.1311
96 1.13112
97 1.13198
98 1.13198
99 1.13244
100 1.1325
101 1.1331
102 1.13603
103 1.13636
104 1.13621
105 1.13596
106 1.13596
107 1.13591
108 1.13591
109 1.13639
110 1.13794
111 1.13825
112 1.1383
113 1.13879
114 1.13879
115 1.1376
116 1.13766
117 1.1378
118 1.13734
119 1.13819
120 1.13833
121 1.13854
122 1.13856
123 1.14358
124 1.14375
125 1.14384
126 1.1439
127 1.14418
128 1.14436
129 1.14436
130 1.14436
131 1.14424
132 1.14418
133 1.14376
134 1.14377
135 1.14361
136 1.14482
137 1.14626
138 1.14633
139 1.14615
140 1.14713
141 1.14713
142 1.14691
143 1.14695
144 1.14739
145 1.14931
146 1.14911
147 1.14922
148 1.15003
149 1.15069
150 1.15131
151 1.15142
152 1.15099
153 1.15099
154 1.15104
155 1.15156
156 1.15169
157 1.15161
158 1.15161
159 1.15153
160 1.15071
161 1.15093
162 1.15083
163 1.15094
164 1.15114
165 1.15177
166 1.15177
167 1.15177
168 1.15208
169 1.15196
170 1.15218
171 1.15218
172 1.15205
173 1.15178
174 1.15178
175 1.15178
176 1.15202
177 1.15202
178 1.15241
179 1.15253
180 1.15218
181 1.15464
182 1.15475
183 1.15454
184 1.15441
185 1.15446
186 1.15503
187 1.15497
188 1.15502
189 1.15502
190 1.15518
191 1.15518
192 1.15518
193 1.1555
194 1.15614
195 1.15612
196 1.15659
197 1.15793
198 1.15793
199 1.15773
200 1.15763
201 1.15774
202 1.15792
203 1.15839
204 1.15796
205 1.15792
206 1.15627
207 1.1562
208 1.1563
209 1.15661
210 1.15688
211 1.15693
212 1.15686
213 1.1585
214 1.15787
215 1.15777
216 1.15781
217 1.15807
218 1.15809
219 1.15784
220 1.158
221 1.158
222 1.1585
223 1.1581
224 1.15815
225 1.15808
