0 18.981
1 18.98
2 18.968
3 19.073
4 19.124
5 19.146
6 19.196
7 19.223
8 19.37
9 19.332
10 19.347
11 19.683
12 19.705
13 19.755
14 19.771
15 19.777
16 20.241
17 20.242
18 20.252
19 20.305
20 20.41
21 20.456
22 20.444
23 20.468
24 20.473
25 20.486
26 20.49
27 20.501
28 20.514
29 20.522
30 20.522
31 20.526
32 20.525
33 20.517
34 20.52
35 20.523
36 20.523
37 20.504
38 20.506
39 20.501
40 20.51
41 20.518
42 20.528
43 20.553
44 20.55
45 20.552
46 20.548
47 20.548
48 20.547
49 20.547
50 20.547
51 20.577
52 20.672
53 20.679
54 20.68
55 20.681
56 20.709
57 20.732
58 20.746
59 20.801
60 20.802
61 20.791
62 20.813
63 20.838
64 20.839
65 20.861
66 20.905
67 20.906
68 20.908
69 20.912
70 20.911
71 20.909
72 20.905
73 20.915
74 20.911
75 20.917
76 20.919
77 20.927
78 20.929
79 20.923
80 20.924
81 20.925
82 20.954
83 20.991
84 21.023
85 21.024
86 21.048
87 21.051
88 21.056
89 21.061
90 21.075
91 21.075
92 21.079
93 21.077
94 21.083
95 21.3
96 21.3
97 21.311
98 21.311
99 21.319
100 21.32
101 21.33
102 21.387
103 21.394
104 21.392
105 21.387
106 21.387
107 21.386
108 21.386
109 21.395
110 21.424
111 21.43
112 21.431
113 21.439
114 21.439
115 21.418
116 21.419
117 21.422
118 21.416
119 21.432
120 21.434
121 21.437
122 21.438
123 21.531
124 21.534
125 21.535
126 21.536
127 21.541
128 21.544
129 21.544
130 21.544
131 21.542
132 21.541
133 21.534
134 21.534
135 21.531
136 21.556
137 21.585
138 21.586
139 21.583
140 21.601
141 21.601
142 21.598
143 21.599
144 21.608
145 21.643
146 21.64
147 21.642
148 21.658
149 21.669
150 21.681
151 21.682
152 21.675
153 21.675
154 21.676
155 21.685
156 21.686
157 21.684
158 21.684
159 21.682
160 21.667
161 21.671
162 21.669
163 21.671
164 21.674
165 21.688
166 21.688
167 21.688
168 21.694
169 21.692
170 21.694
171 21.694
172 21.692
173 21.688
174 21.688
175 21.688
176 21.692
177 21.692
178 21.699
179 21.701
180 21.695
181 21.738
182 21.74
183 21.736
184 21.735
185 21.736
186 21.748
187 21.747
188 21.748
189 21.748
190 21.751
191 21.751
192 21.751
193 21.757
194 21.77
195 21.769
196 21.776
197 21.802
198 21.802
199 21.798
200 21.796
201 21.797
202 21.8
203 21.808
204 21.801
205 21.8
206 21.763
207 21.762
208 21.764
209 21.77
210 21.779
211 21.78
212 21.779
213 21.808
214 21.796
215 21.794
216 21.794
217 21.799
218 21.799
219 21.794
220 21.797
221 21.797
222 21.803
223 21.796
224 21.797
225 21.795
