0 0.077802
1 0.0766493
2 0.0758595
3 0.0712432
4 0.0697579
5 0.0689086
6 0.0679748
7 0.0674027
8 0.0655084
9 0.0654715
10 0.0651059
11 0.0628388
12 0.0627583
13 0.0621065
14 0.061956
15 0.0618248
16 0.0599773
17 0.0599613
18 0.0596117
19 0.0590983
20 0.0583245
21 0.0575951
22 0.0570655
23 0.0562946
24 0.0561135
25 0.0558132
26 0.0555152
27 0.0554502
28 0.0553979
29 0.055375
30 0.055359
31 0.0552105
32 0.055041
33 0.0548142
34 0.0547748
35 0.0547732
36 0.0547732
37 0.0544613
38 0.054486
39 0.0542366
40 0.0539888
41 0.0537139
42 0.0536533
43 0.0533544
44 0.0532289
45 0.053228
46 0.0531476
47 0.0531008
48 0.053073
49 0.0530743
50 0.0530643
51 0.0528335
52 0.0520964
53 0.0519312
54 0.051901
55 0.0518811
56 0.051154
57 0.0509966
58 0.05095
59 0.0508254
60 0.0507988
61 0.0505488
62 0.0504229
63 0.0501894
64 0.0501559
65 0.0499984
66 0.0497624
67 0.0497711
68 0.049776
69 0.049749
70 0.0497365
71 0.0497218
72 0.0497028
73 0.0496545
74 0.0496094
75 0.0495799
76 0.0495699
77 0.0494831
78 0.0494649
79 0.0494023
80 0.0493861
81 0.0493707
82 0.049235
83 0.0490628
84 0.0486324
85 0.048643
86 0.0484691
87 0.0484351
88 0.0484009
89 0.0482829
90 0.0482181
91 0.0482181
92 0.0481959
93 0.0481906
94 0.0481487
95 0.0477752
96 0.0477647
97 0.0476004
98 0.0476004
99 0.0475691
100 0.0475418
101 0.0473736
102 0.0464933
103 0.0464267
104 0.0462931
105 0.0462895
106 0.0462895
107 0.0462807
108 0.0462758
109 0.04626
110 0.046227
111 0.0462234
112 0.0462297
113 0.0461981
114 0.0461981
115 0.0460946
116 0.0461036
117 0.0461008
118 0.0460587
119 0.0460578
120 0.0460312
121 0.0459275
122 0.0459452
123 0.0456031
124 0.0455975
125 0.0455768
126 0.0455552
127 0.0454783
128 0.0454054
129 0.0453806
130 0.0453922
131 0.0453895
132 0.0453669
133 0.0452877
134 0.0452549
135 0.0452095
136 0.045262
137 0.0449534
138 0.0449554
139 0.044938
140 0.0448876
141 0.0448933
142 0.0448645
143 0.0448372
144 0.0448776
145 0.0448534
146 0.0448255
147 0.044845
148 0.0448024
149 0.044706
150 0.0446213
151 0.0446032
152 0.0445347
153 0.0445364
154 0.0445311
155 0.044475
156 0.044452
157 0.0444443
158 0.0444414
159 0.0444398
160 0.0442677
161 0.0441826
162 0.0441111
163 0.0441072
164 0.0440967
165 0.0441808
166 0.0441797
167 0.0441746
168 0.0441605
169 0.0441555
170 0.0441254
171 0.0441291
172 0.0441125
173 0.0440928
174 0.0440928
175 0.0440724
176 0.0440346
177 0.0440346
178 0.0440573
179 0.0440563
180 0.0440628
181 0.0439407
182 0.0439264
183 0.0439026
184 0.0438849
185 0.0438809
186 0.043828
187 0.0438261
188 0.0437946
189 0.0437903
190 0.0437863
191 0.0437863
192 0.0437068
193 0.0437084
194 0.0436548
195 0.0436445
196 0.0436676
197 0.0436025
198 0.0435939
199 0.0435585
200 0.0435434
201 0.0435431
202 0.0435379
203 0.0435285
204 0.0434311
205 0.0434413
206 0.0431878
207 0.0431671
208 0.0431648
209 0.0431531
210 0.0430976
211 0.0430981
212 0.0430488
213 0.0429106
214 0.0428433
215 0.0428306
216 0.042809
217 0.0427868
218 0.0427595
219 0.0427209
220 0.0427245
221 0.0427256
222 0.0426436
223 0.0426216
224 0.0426042
225 0.0425832
