0 3.55988
1 3.55826
2 3.55371
3 3.56886
4 3.57837
5 3.58324
6 3.594
7 3.59931
8 3.63394
9 3.62677
10 3.62952
11 3.69058
12 3.69531
13 3.70549
14 3.70923
15 3.7108
16 3.80132
17 3.80131
18 3.80285
19 3.81318
20 3.83729
21 3.84455
22 3.84153
23 3.84443
24 3.84526
25 3.84771
26 3.848
27 3.85082
28 3.85402
29 3.85607
30 3.85605
31 3.85691
32 3.85657
33 3.8538
34 3.85421
35 3.85504
36 3.85504
37 3.85181
38 3.85235
39 3.84959
40 3.8511
41 3.8524
42 3.8549
43 3.85976
44 3.85913
45 3.85967
46 3.8588
47 3.85917
48 3.85891
49 3.85898
50 3.859
51 3.86307
52 3.87972
53 3.88153
54 3.88171
55 3.8819
56 3.89022
57 3.89522
58 3.8987
59 3.9116
60 3.9116
61 3.90797
62 3.91212
63 3.91617
64 3.91607
65 3.92104
66 3.92858
67 3.92909
68 3.9295
69 3.9302
70 3.93001
71 3.92947
72 3.92848
73 3.9303
74 3.92917
75 3.93053
76 3.93106
77 3.93234
78 3.93277
79 3.93106
80 3.93129
81 3.93133
82 3.93753
83 3.94551
84 3.95229
85 3.95272
86 3.95693
87 3.95759
88 3.95857
89 3.9586
90 3.9619
91 3.9619
92 3.96293
93 3.96251
94 3.96365
95 4.00129
96 4.00149
97 4.00285
98 4.00285
99 4.00442
100 4.00481
101 4.00802
102 4.02011
103 4.02152
104 4.02031
105 4.01903
106 4.01903
107 4.01876
108 4.01875
109 4.02095
110 4.02723
111 4.0286
112 4.02885
113 4.03064
114 4.03064
115 4.02461
116 4.02497
117 4.0257
118 4.02402
119 4.02806
120 4.02852
121 4.0286
122 4.02884
123 4.04489
124 4.04556
125 4.04588
126 4.04612
127 4.04686
128 4.04692
129 4.04691
130 4.04696
131 4.04655
132 4.04628
133 4.04477
134 4.04451
135 4.04354
136 4.04934
137 4.05408
138 4.05435
139 4.05356
140 4.05635
141 4.05648
142 4.05555
143 4.05557
144 4.05744
145 4.06495
146 4.06412
147 4.06466
148 4.06821
149 4.07024
150 4.07262
151 4.07305
152 4.0711
153 4.0711
154 4.07129
155 4.07294
156 4.07287
157 4.07216
158 4.07215
159 4.07171
160 4.06893
161 4.06917
162 4.06822
163 4.06856
164 4.06919
165 4.07287
166 4.07285
167 4.07282
168 4.07428
169 4.07389
170 4.07458
171 4.07452
172 4.07405
173 4.07331
174 4.07331
175 4.07317
176 4.07387
177 4.07387
178 4.07564
179 4.0761
180 4.07475
181 4.08367
182 4.08407
183 4.08294
184 4.08266
185 4.08295
186 4.08518
187 4.08496
188 4.08505
189 4.08506
190 4.08565
191 4.08565
192 4.08494
193 4.08634
194 4.08926
195 4.08895
196 4.09074
197 4.09543
198 4.0953
199 4.09423
200 4.09368
201 4.09386
202 4.09454
203 4.09626
204 4.09469
205 4.09465
206 4.08599
207 4.08564
208 4.08606
209 4.08712
210 4.08907
211 4.08923
212 4.08886
213 4.09366
214 4.0904
215 4.08983
216 4.08985
217 4.09109
218 4.09087
219 4.0894
220 4.09022
221 4.09029
222 4.09107
223 4.08938
224 4.08962
225 4.08934
