0 1
1 1.00073
2 0.999151
3 1.00493
4 1.00738
5 1.00758
6 1.01023
7 1.01116
8 1.01631
9 1.01599
10 1.01661
11 1.05269
12 1.05316
13 1.05428
14 1.05434
15 1.05497
16 1.08671
17 1.08679
18 1.08704
19 1.08951
20 1.09677
21 1.10502
22 1.10407
23 1.10401
24 1.10422
25 1.10315
26 1.10348
27 1.10391
28 1.10378
29 1.10355
30 1.1032
31 1.10288
32 1.10316
33 1.1036
34 1.10358
35 1.10325
36 1.10324
37 1.10511
38 1.10481
39 1.10506
40 1.10431
41 1.10362
42 1.10414
43 1.10565
44 1.10602
45 1.10629
46 1.10623
47 1.10607
48 1.10557
49 1.10541
50 1.10527
51 1.10698
52 1.10914
53 1.10934
54 1.10992
55 1.10999
56 1.11068
57 1.11142
58 1.1129
59 1.11766
60 1.11766
61 1.11822
62 1.11904
63 1.12094
64 1.121
65 1.12335
66 1.12523
67 1.12529
68 1.12555
69 1.12571
70 1.12545
71 1.12578
72 1.1261
73 1.1269
74 1.12717
75 1.12665
76 1.12636
77 1.12632
78 1.12633
79 1.12652
80 1.12641
81 1.12647
82 1.1278
83 1.12861
84 1.12953
85 1.12959
86 1.12997
87 1.13017
88 1.13058
89 1.13106
90 1.13242
91 1.13242
92 1.13239
93 1.13259
94 1.13262
95 1.14442
96 1.14416
97 1.14479
98 1.14482
99 1.14614
100 1.14617
101 1.14696
102 1.14728
103 1.14766
104 1.14766
105 1.14766
106 1.14815
107 1.1484
108 1.14828
109 1.1484
110 1.14907
111 1.14926
112 1.14926
113 1.15121
114 1.15147
115 1.15163
116 1.15155
117 1.15141
118 1.15165
119 1.15197
120 1.15191
121 1.15365
122 1.15352
123 1.15637
124 1.1558
125 1.15596
126 1.15589
127 1.15604
128 1.15514
129 1.15558
130 1.15564
131 1.15588
132 1.15585
133 1.15578
134 1.15613
135 1.1561
136 1.15684
137 1.15765
138 1.15759
139 1.15742
140 1.15746
141 1.15713
142 1.1593
143 1.15925
144 1.15893
145 1.15973
146 1.15994
147 1.15939
148 1.16089
149 1.16112
150 1.16161
151 1.16219
152 1.1628
153 1.16289
154 1.16283
155 1.16433
156 1.16481
157 1.16429
158 1.16491
159 1.16476
160 1.16453
161 1.1659
162 1.16638
163 1.16642
164 1.16637
165 1.16719
166 1.16719
167 1.16744
168 1.16692
169 1.16586
170 1.16593
171 1.16583
172 1.16586
173 1.16568
174 1.1656
175 1.16574
176 1.16577
177 1.16574
178 1.16559
179 1.16572
180 1.16594
181 1.17022
182 1.16999
183 1.17003
184 1.17014
185 1.1702
186 1.17007
187 1.17039
188 1.17047
189 1.17
190 1.16993
191 1.16985
192 1.17108
193 1.17183
194 1.17264
195 1.17234
196 1.17263
197 1.17335
198 1.17335
199 1.17304
200 1.17309
201 1.17308
202 1.1731
203 1.17331
204 1.17354
205 1.17355
206 1.17258
207 1.1726
208 1.17283
209 1.17236
210 1.17304
211 1.17268
212 1.17245
213 1.17331
214 1.17322
215 1.17322
216 1.17323
217 1.17334
218 1.17343
219 1.17393
220 1.17438
221 1.17421
222 1.17424
223 1.17647
224 1.17662
225 1.17663
