0 1
1 0.992269
2 0.982922
3 0.929729
4 0.920838
5 0.91468
6 0.89967
7 0.8927
8 0.867418
9 0.866935
10 0.863512
11 0.837468
12 0.836014
13 0.830834
14 0.830026
15 0.829356
16 0.809286
17 0.809423
18 0.8083
19 0.801521
20 0.790162
21 0.770649
22 0.766509
23 0.760641
24 0.758798
25 0.753511
26 0.75271
27 0.750047
28 0.748688
29 0.747595
30 0.746571
31 0.745195
32 0.744215
33 0.742408
34 0.74198
35 0.74152
36 0.741668
37 0.740718
38 0.740596
39 0.73666
40 0.732574
41 0.723141
42 0.723011
43 0.713755
44 0.713326
45 0.713111
46 0.712935
47 0.712217
48 0.71102
49 0.710408
50 0.710275
51 0.707979
52 0.699135
53 0.697851
54 0.697514
55 0.697566
56 0.690574
57 0.688984
58 0.688349
59 0.684515
60 0.682965
61 0.681455
62 0.679415
63 0.67509
64 0.675011
65 0.672796
66 0.671795
67 0.669779
68 0.669515
69 0.669121
70 0.66882
71 0.66883
72 0.669073
73 0.667315
74 0.667216
75 0.66584
76 0.665591
77 0.665401
78 0.665269
79 0.665298
80 0.665004
81 0.665
82 0.663468
83 0.661849
84 0.659524
85 0.659191
86 0.656007
87 0.656044
88 0.655335
89 0.653891
90 0.652895
91 0.652895
92 0.652402
93 0.652518
94 0.652406
95 0.650134
96 0.649624
97 0.649325
98 0.64895
99 0.64784
100 0.647475
101 0.645332
102 0.637799
103 0.638019
104 0.638009
105 0.638009
106 0.638353
107 0.63818
108 0.637909
109 0.637835
110 0.636374
111 0.636526
112 0.636503
113 0.636303
114 0.63667
115 0.636049
116 0.636152
117 0.635771
118 0.635733
119 0.634916
120 0.63491
121 0.634863
122 0.634864
123 0.626411
124 0.626043
125 0.626017
126 0.625964
127 0.625971
128 0.624042
129 0.623901
130 0.623981
131 0.6241
132 0.624028
133 0.62355
134 0.623779
135 0.623374
136 0.623565
137 0.621984
138 0.621639
139 0.621306
140 0.620934
141 0.620747
142 0.620368
143 0.620397
144 0.620215
145 0.619794
146 0.619168
147 0.618709
148 0.615167
149 0.614779
150 0.61174
151 0.612196
152 0.612525
153 0.612631
154 0.612574
155 0.610264
156 0.610093
157 0.609475
158 0.609396
159 0.609247
160 0.606885
161 0.606533
162 0.60508
163 0.604888
164 0.60478
165 0.604311
166 0.604311
167 0.602951
168 0.602055
169 0.600935
170 0.600512
171 0.600365
172 0.600271
173 0.600233
174 0.600141
175 0.600044
176 0.599995
177 0.599826
178 0.599768
179 0.599943
180 0.60027
181 0.599602
182 0.599372
183 0.598981
184 0.598902
185 0.598868
186 0.597392
187 0.597346
188 0.597324
189 0.59726
190 0.596971
191 0.596756
192 0.596448
193 0.596114
194 0.593123
195 0.592692
196 0.592655
197 0.591252
198 0.591252
199 0.590978
200 0.591307
201 0.591303
202 0.591322
203 0.591097
204 0.590906
205 0.590877
206 0.589417
207 0.589491
208 0.589647
209 0.588546
210 0.588451
211 0.588183
212 0.587677
213 0.58725
214 0.587162
215 0.586976
216 0.586886
217 0.586675
218 0.586666
219 0.58699
220 0.586758
221 0.586612
222 0.586041
223 0.583988
224 0.584155
225 0.584052
