0 1
1 0.997876
2 0.991957
3 0.970716
4 0.960819
5 0.95813
6 0.975049
7 0.969903
8 0.967345
9 0.967905
10 0.9661
11 0.698621
12 0.699059
13 0.701485
14 0.700721
15 0.701134
16 0.472132
17 0.471698
18 0.472116
19 0.463459
20 0.450627
21 0.429794
22 0.428639
23 0.423031
24 0.423396
25 0.423007
26 0.423233
27 0.422781
28 0.422266
29 0.422462
30 0.42263
31 0.422097
32 0.421349
33 0.421151
34 0.421033
35 0.421044
36 0.420915
37 0.42073
38 0.420676
39 0.42023
40 0.418812
41 0.417403
42 0.417454
43 0.417487
44 0.41783
45 0.417595
46 0.418506
47 0.41993
48 0.428271
49 0.428784
50 0.4286
51 0.427905
52 0.411037
53 0.410531
54 0.410954
55 0.410994
56 0.406601
57 0.40462
58 0.404038
59 0.408186
60 0.407636
61 0.40917
62 0.409358
63 0.409816
64 0.409818
65 0.415285
66 0.414392
67 0.409531
68 0.409625
69 0.409244
70 0.409199
71 0.40925
72 0.410046
73 0.410249
74 0.410818
75 0.410239
76 0.41031
77 0.41051
78 0.410527
79 0.410496
80 0.410383
81 0.410188
82 0.411069
83 0.409703
84 0.406496
85 0.406355
86 0.402671
87 0.402766
88 0.402783
89 0.402051
90 0.403505
91 0.403505
92 0.403532
93 0.403588
94 0.403554
95 0.371284
96 0.371376
97 0.371365
98 0.371547
99 0.373076
100 0.372867
101 0.371525
102 0.359955
103 0.360011
104 0.36001
105 0.36001
106 0.360269
107 0.360268
108 0.359869
109 0.360004
110 0.358473
111 0.358724
112 0.358756
113 0.357715
114 0.358107
115 0.358182
116 0.35821
117 0.358221
118 0.358559
119 0.358475
120 0.358226
121 0.359408
122 0.35941
123 0.35836
124 0.358451
125 0.358894
126 0.358894
127 0.359194
128 0.357226
129 0.357358
130 0.357369
131 0.357347
132 0.357118
133 0.35686
134 0.356843
135 0.356542
136 0.356668
137 0.355125
138 0.355208
139 0.355179
140 0.354512
141 0.354149
142 0.351948
143 0.352073
144 0.35222
145 0.350121
146 0.350321
147 0.350206
148 0.346931
149 0.347267
150 0.344575
151 0.345818
152 0.346037
153 0.346223
154 0.346234
155 0.345707
156 0.345935
157 0.346214
158 0.346452
159 0.346468
160 0.347453
161 0.34697
162 0.345042
163 0.34513
164 0.345094
165 0.345391
166 0.345391
167 0.344995
168 0.345163
169 0.34496
170 0.345784
171 0.345836
172 0.345865
173 0.345849
174 0.345744
175 0.345927
176 0.346095
177 0.346269
178 0.346243
179 0.34626
180 0.346612
181 0.340888
182 0.340703
183 0.340976
184 0.341406
185 0.341417
186 0.341521
187 0.341497
188 0.341532
189 0.340739
190 0.340705
191 0.340704
192 0.339037
193 0.339087
194 0.338508
195 0.338472
196 0.338544
197 0.335453
198 0.335453
199 0.335451
200 0.335775
201 0.335783
202 0.336063
203 0.335818
204 0.336278
205 0.336293
206 0.336922
207 0.336945
208 0.337123
209 0.336899
210 0.336577
211 0.336605
212 0.336771
213 0.336311
214 0.336481
215 0.336462
216 0.336679
217 0.336701
218 0.336949
219 0.336867
220 0.335535
221 0.335533
222 0.335448
223 0.336593
224 0.336605
225 0.336401
