0 0.138255
1 0.13741
2 0.136326
3 0.131653
4 0.129868
5 0.129619
6 0.130867
7 0.130238
8 0.128405
9 0.128353
10 0.128198
11 0.0855485
12 0.0855334
13 0.0859188
14 0.0857708
15 0.0858374
16 0.0513248
17 0.0512874
18 0.0513185
19 0.0503305
20 0.0488915
21 0.0465398
22 0.0464184
23 0.0456787
24 0.0457316
25 0.0456964
26 0.0457424
27 0.0457073
28 0.0456479
29 0.0456956
30 0.0457016
31 0.0456569
32 0.0456344
33 0.045629
34 0.0456235
35 0.0456341
36 0.0456238
37 0.0456105
38 0.0456004
39 0.0454958
40 0.0453919
41 0.0451071
42 0.0451072
43 0.0450518
44 0.0450733
45 0.0450221
46 0.0451161
47 0.0451957
48 0.0460576
49 0.0461141
50 0.0460908
51 0.0461308
52 0.0443076
53 0.0442738
54 0.044309
55 0.0443146
56 0.0438186
57 0.0436228
58 0.0435486
59 0.0438278
60 0.0437809
61 0.0438612
62 0.0439165
63 0.0439951
64 0.0439956
65 0.0445583
66 0.0445064
67 0.0440989
68 0.044117
69 0.0440603
70 0.0440516
71 0.0440629
72 0.0441152
73 0.0441024
74 0.0441567
75 0.0441052
76 0.0441186
77 0.0441416
78 0.0441423
79 0.0441438
80 0.044128
81 0.0441
82 0.0442189
83 0.0440811
84 0.0438493
85 0.0438306
86 0.0435033
87 0.043514
88 0.0435131
89 0.0434057
90 0.0434948
91 0.0434948
92 0.0434783
93 0.0434856
94 0.0434898
95 0.0397162
96 0.0397209
97 0.039729
98 0.0397268
99 0.0398809
100 0.0398508
101 0.0397714
102 0.0385158
103 0.0385218
104 0.0385217
105 0.0385217
106 0.0385487
107 0.0385487
108 0.0385034
109 0.0385149
110 0.0383786
111 0.0384135
112 0.0384161
113 0.0383044
114 0.0383358
115 0.0383564
116 0.0383587
117 0.0383598
118 0.0383979
119 0.0383934
120 0.0383758
121 0.0385066
122 0.0385068
123 0.0383831
124 0.0383947
125 0.0384159
126 0.0384158
127 0.0384337
128 0.038215
129 0.038257
130 0.0382587
131 0.038257
132 0.0382205
133 0.0381851
134 0.0381905
135 0.0381571
136 0.0381653
137 0.0380288
138 0.0380411
139 0.03804
140 0.0379894
141 0.0379711
142 0.037556
143 0.0375877
144 0.0376132
145 0.0373669
146 0.0373858
147 0.0373927
148 0.0371261
149 0.037152
150 0.0368647
151 0.0369885
152 0.0370231
153 0.037049
154 0.0370508
155 0.0369956
156 0.0370204
157 0.0370068
158 0.0370217
159 0.0370224
160 0.0371076
161 0.0370928
162 0.0369099
163 0.0369227
164 0.0369183
165 0.0369431
166 0.0369431
167 0.0369391
168 0.0369639
169 0.0369441
170 0.0370083
171 0.0370072
172 0.0370104
173 0.0370075
174 0.0369952
175 0.0370302
176 0.0370463
177 0.0370583
178 0.0370581
179 0.037061
180 0.0370976
181 0.03646
182 0.0364451
183 0.0364859
184 0.0365454
185 0.0365481
186 0.0365945
187 0.0365917
188 0.0365996
189 0.0365196
190 0.0365185
191 0.0365184
192 0.0362891
193 0.0363013
194 0.0363016
195 0.0362922
196 0.0362977
197 0.0359038
198 0.0359038
199 0.0359033
200 0.0359364
201 0.0359376
202 0.0359844
203 0.0359521
204 0.0360071
205 0.0360093
206 0.035966
207 0.0359697
208 0.0359834
209 0.0359444
210 0.0359009
211 0.0359039
212 0.035911
213 0.0358481
214 0.0358672
215 0.0358664
216 0.0358964
217 0.0358962
218 0.0359195
219 0.0359166
220 0.0358847
221 0.0358843
222 0.0358703
223 0.0359283
224 0.0359362
225 0.0359
