1618 : 13140 689 
15649 : 1443 11644 
10487 : 18304 
15195 : 11644 183 
19806 : 18155 18304 
18155 : 187 19806 
18304 : 19806 10487 
1078 : 5639 21120 
15389 : 6745 
13140 : 20516 20447 1618 
6745 : 15389 20516 
20447 : 13140 
187 : 17740 18155 
5639 : 183 1078 
20516 : 6745 13140 
11644 : 15649 15195 
9411 : 6088 
6088 : 9411 21120 
21120 : 6088 8286 1078 689 
17740 : 187 1443 
8286 : 21120 1370 
1370 : 8286 5851 
689 : 1618 21120 
1443 : 17740 15649 
5851 : 1370 
183 : 5639 15195 
17740 183 9411 10487 5851 15389 20447 
