0 1.654
1 1.571
2 1.644
3 1.638
4 1.527
5 1.487
6 1.555
7 1.55
8 1.506
9 1.496
10 1.503
11 1.483
12 1.547
13 1.53
14 1.534
15 1.519
16 1.514
17 1.536
18 1.494
19 1.52
20 1.573
21 1.575
22 1.538
23 1.565
24 1.545
25 1.566
26 1.55
27 1.531
28 1.51
29 1.559
30 1.522
31 1.552
32 1.561
33 1.574
34 1.539
35 1.528
36 1.582
37 1.531
38 1.558
39 1.523
40 1.491
41 1.499
42 1.517
43 1.549
44 1.552
45 1.499
46 1.508
47 1.505
48 1.557
49 1.5
50 1.513
51 1.531
52 1.487
53 1.524
54 1.488
55 1.509
56 1.502
57 1.496
58 1.514
59 1.497
60 1.525
61 1.539
62 1.544
63 1.505
64 1.548
65 1.537
66 1.509
67 1.518
68 1.504
69 1.516
70 1.514
71 1.502
72 1.518
73 1.494
74 1.488
75 1.475
76 1.483
77 1.524
78 1.505
79 1.5
80 1.489
81 1.531
82 1.531
83 1.478
84 1.51
85 1.481
86 1.488
87 1.51
88 1.48
89 1.473
90 1.522
91 1.483
92 1.49
93 1.5
94 1.55
95 1.503
96 1.529
97 1.513
98 1.507
99 1.548
100 1.513
101 1.518
102 1.503
103 1.491
104 1.496
105 1.529
106 1.494
107 1.477
108 1.509
109 1.492
110 1.475
111 1.49
112 1.518
113 1.498
114 1.514
115 1.492
116 1.508
117 1.533
118 1.497
119 1.504
120 1.526
121 1.519
122 1.486
123 1.508
124 1.476
125 1.526
126 1.54
127 1.496
128 1.525
129 1.537
130 1.529
131 1.521
132 1.518
133 1.501
134 1.484
135 1.524
136 1.485
137 1.502
138 1.561
139 1.498
140 1.532
141 1.534
142 1.511
143 1.602
144 1.523
145 1.544
146 1.528
147 1.517
148 1.532
149 1.497
150 1.513
151 1.496
152 1.529
153 1.489
154 1.51
155 1.562
156 1.518
157 1.524
158 1.537
159 1.523
160 1.58
161 1.539
162 1.539
163 1.55
164 1.54
165 1.569
166 1.596
167 1.536
168 1.532
169 1.579
170 1.573
171 1.546
172 1.547
173 1.548
174 1.54
175 1.546
176 1.59
177 1.57
178 1.544
179 1.572
180 1.548
181 1.549
182 1.603
183 1.576
184 1.606
185 1.64
186 1.57
187 1.522
188 1.547
189 1.545
190 1.615
191 1.552
192 1.529
193 1.528
194 1.553
195 1.545
196 1.545
197 1.567
198 1.556
199 1.596
200 1.531
201 1.534
202 1.576
203 1.535
204 1.561
205 1.559
206 1.532
207 1.574
208 1.556
209 1.534
210 1.564
211 1.563
212 1.546
213 1.552
214 1.547
215 1.613
216 1.527
217 1.572
218 1.552
219 1.55
220 1.527
221 1.574
222 1.539
223 1.602
224 1.55
225 1.556
