0 1
1 0.892817
2 0.813045
3 0.799083
4 0.729956
5 0.704168
6 0.69629
7 0.689828
8 0.685095
9 0.67433
10 0.656509
11 0.652264
12 0.624727
13 0.622268
14 0.611577
15 0.600908
16 0.594921
17 0.593206
18 0.592611
19 0.587289
20 0.585458
21 0.584472
22 0.578859
23 0.567548
24 0.564822
25 0.561923
26 0.561975
27 0.558561
28 0.543845
29 0.541898
30 0.540705
31 0.533442
32 0.532673
33 0.527973
34 0.523123
35 0.52121
36 0.516138
37 0.513667
38 0.510996
39 0.508634
40 0.506879
41 0.505934
42 0.505262
43 0.503702
44 0.502764
45 0.499708
46 0.497506
47 0.498117
48 0.49423
49 0.491386
50 0.490271
51 0.489771
52 0.487932
53 0.485364
54 0.484387
55 0.476893
56 0.473043
57 0.471292
58 0.458165
59 0.457897
60 0.457924
61 0.455876
62 0.454753
63 0.454132
64 0.453826
65 0.449906
66 0.448723
67 0.447592
68 0.447732
69 0.443725
70 0.442439
71 0.440714
72 0.440239
73 0.438702
74 0.431545
75 0.430837
76 0.430427
77 0.429988
78 0.429509
79 0.42945
80 0.427308
81 0.427308
82 0.42641
83 0.425642
84 0.424919
85 0.422534
86 0.421076
87 0.421088
88 0.417853
89 0.416853
90 0.415057
91 0.413974
92 0.413941
93 0.412381
94 0.411204
95 0.411224
96 0.409464
97 0.399658
98 0.397463
99 0.397463
100 0.396978
101 0.394231
102 0.393377
103 0.391646
104 0.391535
105 0.390902
106 0.390815
107 0.385604
108 0.380608
109 0.378644
110 0.378078
111 0.378078
112 0.376944
113 0.375921
114 0.373956
115 0.372559
116 0.37123
117 0.370325
118 0.370402
119 0.370096
120 0.370018
121 0.370018
122 0.36922
123 0.367408
124 0.36641
125 0.36641
126 0.365637
127 0.364035
128 0.36435
129 0.364336
130 0.363129
131 0.361544
132 0.360825
133 0.360427
134 0.360094
135 0.359558
136 0.359249
137 0.359349
138 0.358957
139 0.358513
140 0.355885
141 0.356185
142 0.356551
143 0.355328
144 0.35418
145 0.352655
146 0.352655
147 0.352655
148 0.352308
149 0.351915
150 0.351154
151 0.350468
152 0.350913
153 0.350409
154 0.346766
155 0.34679
156 0.345948
157 0.345548
158 0.342818
159 0.342159
160 0.342612
161 0.342612
162 0.339933
163 0.33957
164 0.338927
165 0.338795
166 0.338704
167 0.336785
168 0.336129
169 0.335298
170 0.3347
171 0.334633
172 0.334657
173 0.335007
174 0.33484
175 0.33464
176 0.334515
177 0.334515
178 0.333381
179 0.333398
180 0.333398
181 0.333646
182 0.33421
183 0.334335
184 0.334335
185 0.331903
186 0.331487
187 0.331201
188 0.331201
189 0.331201
190 0.330539
191 0.330928
192 0.330928
193 0.33131
194 0.331476
195 0.331065
196 0.33076
197 0.331009
198 0.330351
199 0.329592
200 0.329412
201 0.329367
202 0.329506
203 0.329848
204 0.324152
205 0.324183
206 0.324292
207 0.324292
208 0.323448
209 0.322712
210 0.322387
211 0.322314
212 0.322731
213 0.322343
214 0.322628
215 0.322628
216 0.321695
217 0.321573
218 0.321018
219 0.321018
220 0.320594
221 0.320594
222 0.319524
223 0.319052
224 0.318901
225 0.318266
