0 1
1 1.02412
2 1.03425
3 1.03376
4 1.04917
5 1.05574
6 1.06524
7 1.06906
8 1.07048
9 1.07313
10 1.07822
11 1.07925
12 1.08064
13 1.081
14 1.08198
15 1.084
16 1.0857
17 1.0865
18 1.08717
19 1.08988
20 1.0916
21 1.09385
22 1.09585
23 1.09818
24 1.09862
25 1.10053
26 1.10117
27 1.10162
28 1.10463
29 1.10683
30 1.10744
31 1.10885
32 1.10947
33 1.11585
34 1.1171
35 1.1178
36 1.11905
37 1.12097
38 1.12553
39 1.12624
40 1.12709
41 1.12587
42 1.12724
43 1.12801
44 1.12908
45 1.13106
46 1.13196
47 1.1335
48 1.13526
49 1.13577
50 1.13632
51 1.13688
52 1.13853
53 1.14044
54 1.14036
55 1.1424
56 1.14482
57 1.1452
58 1.14594
59 1.14594
60 1.1476
61 1.14887
62 1.15057
63 1.15164
64 1.15125
65 1.15115
66 1.14776
67 1.15052
68 1.15094
69 1.15184
70 1.1575
71 1.15762
72 1.15832
73 1.16163
74 1.16545
75 1.16908
76 1.17009
77 1.17074
78 1.17025
79 1.17086
80 1.17167
81 1.17167
82 1.17185
83 1.17257
84 1.17289
85 1.17602
86 1.17635
87 1.17743
88 1.17906
89 1.17945
90 1.18021
91 1.18143
92 1.18213
93 1.18305
94 1.18553
95 1.18631
96 1.18684
97 1.18969
98 1.19161
99 1.19169
100 1.19095
101 1.19105
102 1.19125
103 1.19057
104 1.19034
105 1.19084
106 1.1921
107 1.19036
108 1.19086
109 1.19199
110 1.19237
111 1.19237
112 1.1927
113 1.19197
114 1.19317
115 1.19454
116 1.19449
117 1.19451
118 1.19512
119 1.1961
120 1.19741
121 1.19741
122 1.1971
123 1.20265
124 1.20184
125 1.20117
126 1.20194
127 1.20269
128 1.20292
129 1.20273
130 1.20236
131 1.20493
132 1.20527
133 1.20508
134 1.20551
135 1.20581
136 1.20613
137 1.20638
138 1.20668
139 1.20764
140 1.20803
141 1.20935
142 1.21056
143 1.2129
144 1.21352
145 1.21178
146 1.21288
147 1.21266
148 1.21288
149 1.2137
150 1.21466
151 1.21539
152 1.21538
153 1.2157
154 1.21579
155 1.21661
156 1.21705
157 1.21735
158 1.21924
159 1.22052
160 1.22089
161 1.22165
162 1.2229
163 1.22458
164 1.22548
165 1.22575
166 1.22623
167 1.2337
168 1.23437
169 1.2367
170 1.23801
171 1.23839
172 1.23874
173 1.23854
174 1.2392
175 1.23901
176 1.23954
177 1.23962
178 1.23899
179 1.24402
180 1.24402
181 1.2441
182 1.24462
183 1.24586
184 1.24539
185 1.24606
186 1.24701
187 1.25147
188 1.25168
189 1.25148
190 1.25127
191 1.25124
192 1.25124
193 1.25152
194 1.25172
195 1.24981
196 1.24873
197 1.24882
198 1.24978
199 1.25073
200 1.25092
201 1.25142
202 1.25175
203 1.25163
204 1.25257
205 1.25348
206 1.2534
207 1.2534
208 1.25261
209 1.25325
210 1.25466
211 1.25724
212 1.25779
213 1.25958
214 1.25969
215 1.25982
216 1.25929
217 1.26078
218 1.26083
219 1.26115
220 1.26026
221 1.26029
222 1.26086
223 1.26106
224 1.26221
225 1.26311
