0 9.438
1 9.645
2 9.79
3 9.794
4 9.965
5 10.01
6 10.079
7 10.091
8 10.1
9 10.108
10 10.165
11 10.177
12 10.21
13 10.232
14 10.27
15 10.321
16 10.353
17 10.387
18 10.39
19 10.405
20 10.415
21 10.412
22 10.443
23 10.452
24 10.466
25 10.478
26 10.478
27 10.483
28 10.463
29 10.502
30 10.508
31 10.515
32 10.526
33 10.545
34 10.567
35 10.564
36 10.614
37 10.633
38 10.648
39 10.657
40 10.662
41 10.657
42 10.673
43 10.676
44 10.678
45 10.673
46 10.673
47 10.677
48 10.688
49 10.696
50 10.694
51 10.697
52 10.714
53 10.731
54 10.73
55 10.779
56 10.799
57 10.8
58 10.811
59 10.811
60 10.819
61 10.829
62 10.841
63 10.834
64 10.841
65 10.831
66 10.834
67 10.839
68 10.845
69 10.871
70 10.876
71 10.871
72 10.873
73 10.871
74 10.918
75 10.933
76 10.935
77 10.937
78 10.935
79 10.938
80 10.951
81 10.953
82 10.954
83 10.955
84 10.958
85 10.965
86 10.95
87 10.96
88 10.974
89 10.979
90 10.977
91 10.993
92 10.999
93 11.003
94 11.024
95 11.028
96 11.024
97 11.077
98 11.102
99 11.102
100 11.107
101 11.089
102 11.092
103 11.088
104 11.084
105 11.086
106 11.079
107 11.064
108 11.081
109 11.089
110 11.092
111 11.094
112 11.103
113 11.112
114 11.185
115 11.192
116 11.193
117 11.2
118 11.217
119 11.224
120 11.234
121 11.234
122 11.227
123 11.236
124 11.24
125 11.257
126 11.27
127 11.272
128 11.273
129 11.277
130 11.275
131 11.297
132 11.302
133 11.307
134 11.31
135 11.311
136 11.314
137 11.311
138 11.326
139 11.329
140 11.353
141 11.36
142 11.359
143 11.364
144 11.364
145 11.355
146 11.366
147 11.365
148 11.365
149 11.363
150 11.364
151 11.371
152 11.37
153 11.374
154 11.406
155 11.413
156 11.418
157 11.42
158 11.434
159 11.44
160 11.441
161 11.441
162 11.459
163 11.471
164 11.465
165 11.482
166 11.482
167 11.505
168 11.509
169 11.527
170 11.543
171 11.547
172 11.548
173 11.547
174 11.552
175 11.552
176 11.55
177 11.55
178 11.542
179 11.551
180 11.551
181 11.548
182 11.571
183 11.58
184 11.579
185 11.596
186 11.597
187 11.611
188 11.61
189 11.61
190 11.621
191 11.627
192 11.627
193 11.637
194 11.635
195 11.636
196 11.628
197 11.63
198 11.632
199 11.635
200 11.641
201 11.645
202 11.645
203 11.647
204 11.679
205 11.68
206 11.686
207 11.686
208 11.695
209 11.699
210 11.705
211 11.729
212 11.728
213 11.721
214 11.72
215 11.72
216 11.718
217 11.716
218 11.717
219 11.717
220 11.727
221 11.727
222 11.725
223 11.735
224 11.741
225 11.758
