0 1
1 1.02439
2 1.0327
3 1.03169
4 1.04514
5 1.05101
6 1.05997
7 1.06364
8 1.06489
9 1.06747
10 1.07218
11 1.07307
12 1.07424
13 1.07478
14 1.07536
15 1.07672
16 1.07823
17 1.07892
18 1.07939
19 1.08257
20 1.08434
21 1.08675
22 1.08898
23 1.09206
24 1.09268
25 1.09473
26 1.09546
27 1.09594
28 1.09933
29 1.10158
30 1.1022
31 1.10382
32 1.10447
33 1.11178
34 1.11326
35 1.1135
36 1.11483
37 1.11686
38 1.1218
39 1.12232
40 1.12352
41 1.12178
42 1.12339
43 1.12432
44 1.12508
45 1.12776
46 1.12897
47 1.13034
48 1.13212
49 1.13222
50 1.13281
51 1.13351
52 1.13543
53 1.13737
54 1.13715
55 1.13958
56 1.14257
57 1.14274
58 1.14331
59 1.14333
60 1.14508
61 1.14636
62 1.1483
63 1.14934
64 1.14859
65 1.14909
66 1.14434
67 1.14726
68 1.14773
69 1.14835
70 1.15574
71 1.15565
72 1.15673
73 1.16055
74 1.16486
75 1.16934
76 1.17037
77 1.17131
78 1.17071
79 1.17134
80 1.17213
81 1.17212
82 1.17246
83 1.17309
84 1.1732
85 1.17645
86 1.17679
87 1.17794
88 1.17956
89 1.17982
90 1.18082
91 1.18229
92 1.18264
93 1.18461
94 1.18663
95 1.18739
96 1.18833
97 1.19017
98 1.19227
99 1.19244
100 1.19147
101 1.19181
102 1.192
103 1.19056
104 1.19025
105 1.19073
106 1.19213
107 1.19141
108 1.19188
109 1.19318
110 1.19351
111 1.19351
112 1.19375
113 1.19338
114 1.19383
115 1.19543
116 1.19518
117 1.1952
118 1.19591
119 1.19666
120 1.1983
121 1.1983
122 1.19784
123 1.20445
124 1.20342
125 1.20164
126 1.20263
127 1.20333
128 1.20352
129 1.20322
130 1.20264
131 1.20548
132 1.20583
133 1.20543
134 1.20587
135 1.20605
136 1.20645
137 1.20682
138 1.2071
139 1.20793
140 1.20825
141 1.20977
142 1.21108
143 1.21332
144 1.21412
145 1.21222
146 1.21333
147 1.21308
148 1.21306
149 1.21389
150 1.21526
151 1.21617
152 1.21637
153 1.21667
154 1.21653
155 1.21751
156 1.2179
157 1.2183
158 1.2205
159 1.22188
160 1.22223
161 1.22327
162 1.22437
163 1.22623
164 1.22732
165 1.22753
166 1.22811
167 1.23665
168 1.23727
169 1.23856
170 1.2399
171 1.24029
172 1.24058
173 1.24023
174 1.24102
175 1.24088
176 1.24155
177 1.24162
178 1.24062
179 1.24639
180 1.24639
181 1.24643
182 1.24682
183 1.24831
184 1.24774
185 1.24837
186 1.24921
187 1.25418
188 1.25425
189 1.25404
190 1.25376
191 1.2535
192 1.2535
193 1.25385
194 1.2539
195 1.25179
196 1.25032
197 1.25012
198 1.25119
199 1.25135
200 1.25149
201 1.25199
202 1.25219
203 1.25175
204 1.25253
205 1.2535
206 1.25345
207 1.25345
208 1.25262
209 1.2533
210 1.25505
211 1.25829
212 1.25894
213 1.26054
214 1.26067
215 1.26081
216 1.26039
217 1.26227
218 1.26233
219 1.26275
220 1.26182
221 1.26225
222 1.2626
223 1.26274
224 1.26408
225 1.26483
