0 1.87701
1 1.91265
2 1.92397
3 1.92212
4 1.93876
5 1.94661
6 1.96122
7 1.96445
8 1.96625
9 1.97006
10 1.97853
11 1.98009
12 1.98076
13 1.98161
14 1.98099
15 1.98328
16 1.98561
17 1.98703
18 1.98791
19 1.99267
20 1.99514
21 1.99963
22 2.00349
23 2.00943
24 2.01057
25 2.01429
26 2.01531
27 2.01612
28 2.02088
29 2.02497
30 2.02649
31 2.02953
32 2.03036
33 2.04218
34 2.04327
35 2.04388
36 2.04641
37 2.04952
38 2.05826
39 2.05911
40 2.06081
41 2.05796
42 2.06127
43 2.06253
44 2.06439
45 2.06841
46 2.07112
47 2.07312
48 2.07682
49 2.07708
50 2.07848
51 2.07951
52 2.08421
53 2.08751
54 2.08702
55 2.09178
56 2.0966
57 2.09708
58 2.09878
59 2.09884
60 2.10135
61 2.10422
62 2.1075
63 2.10926
64 2.10767
65 2.10758
66 2.09958
67 2.1045
68 2.10545
69 2.10749
70 2.12207
71 2.12158
72 2.12363
73 2.1292
74 2.13696
75 2.14402
76 2.14558
77 2.14693
78 2.14581
79 2.14711
80 2.14827
81 2.14826
82 2.14862
83 2.14941
84 2.1497
85 2.15592
86 2.15624
87 2.1584
88 2.16163
89 2.16183
90 2.16371
91 2.16633
92 2.16708
93 2.17062
94 2.17392
95 2.17543
96 2.17591
97 2.17917
98 2.18358
99 2.18368
100 2.18183
101 2.18321
102 2.18354
103 2.18194
104 2.18134
105 2.18205
106 2.18417
107 2.18168
108 2.18252
109 2.1844
110 2.18522
111 2.18524
112 2.18605
113 2.18396
114 2.18613
115 2.18896
116 2.18867
117 2.18863
118 2.18952
119 2.19068
120 2.1931
121 2.1931
122 2.19151
123 2.20311
124 2.20121
125 2.19849
126 2.20026
127 2.20094
128 2.20103
129 2.20038
130 2.19946
131 2.20336
132 2.20374
133 2.20331
134 2.2044
135 2.20471
136 2.20549
137 2.20597
138 2.20654
139 2.2076
140 2.20811
141 2.21012
142 2.2127
143 2.21555
144 2.21653
145 2.21384
146 2.2159
147 2.21547
148 2.21539
149 2.21716
150 2.21989
151 2.22107
152 2.22097
153 2.2215
154 2.2213
155 2.22264
156 2.22343
157 2.22359
158 2.22794
159 2.23043
160 2.23097
161 2.23243
162 2.23451
163 2.23748
164 2.23943
165 2.23937
166 2.24068
167 2.25511
168 2.25619
169 2.25801
170 2.26117
171 2.26174
172 2.26218
173 2.2614
174 2.26259
175 2.26249
176 2.2635
177 2.26369
178 2.26218
179 2.27221
180 2.27221
181 2.27237
182 2.27345
183 2.27676
184 2.27584
185 2.27759
186 2.27904
187 2.28904
188 2.28932
189 2.28885
190 2.28829
191 2.28843
192 2.28843
193 2.28947
194 2.28971
195 2.28573
196 2.28301
197 2.28284
198 2.28531
199 2.28591
200 2.28653
201 2.28708
202 2.2877
203 2.28674
204 2.28905
205 2.29112
206 2.29094
207 2.29094
208 2.28863
209 2.2902
210 2.2931
211 2.29779
212 2.29934
213 2.30199
214 2.30225
215 2.30249
216 2.30164
217 2.30519
218 2.30515
219 2.30608
220 2.30464
221 2.30528
222 2.30731
223 2.30648
224 2.30846
225 2.30963
