0 0.0428239
1 0.0418537
2 0.0415909
3 0.0412996
4 0.0366882
5 0.0347982
6 0.0349157
7 0.0348176
8 0.0346295
9 0.0343487
10 0.0333299
11 0.032808
12 0.0324832
13 0.0325051
14 0.0323423
15 0.0316244
16 0.0310605
17 0.0310965
18 0.0310834
19 0.0311528
20 0.03103
21 0.0310712
22 0.031185
23 0.0314189
24 0.0314539
25 0.0315076
26 0.0312561
27 0.0312581
28 0.031081
29 0.0310411
30 0.0310455
31 0.0309928
32 0.0309449
33 0.0313308
34 0.030849
35 0.030526
36 0.0305433
37 0.0305316
38 0.0296672
39 0.0295438
40 0.0295833
41 0.0295859
42 0.0296253
43 0.0296198
44 0.0296429
45 0.0296143
46 0.0296519
47 0.0295249
48 0.0294229
49 0.0293585
50 0.0293762
51 0.0293502
52 0.0294208
53 0.0294272
54 0.0294127
55 0.0292722
56 0.029375
57 0.0293545
58 0.0292424
59 0.0292402
60 0.0293199
61 0.0292771
62 0.0292734
63 0.0292888
64 0.0292376
65 0.0291819
66 0.0286766
67 0.0287113
68 0.0287553
69 0.0285061
70 0.0287619
71 0.0286634
72 0.0287026
73 0.028883
74 0.0288601
75 0.0292625
76 0.0292698
77 0.0293159
78 0.0292409
79 0.0291705
80 0.0291602
81 0.0291534
82 0.0291579
83 0.0290701
84 0.0290101
85 0.0288945
86 0.0288631
87 0.0288715
88 0.028859
89 0.0288598
90 0.028914
91 0.0289988
92 0.0286155
93 0.0287729
94 0.0284788
95 0.0284933
96 0.0285249
97 0.0284196
98 0.0284197
99 0.0284352
100 0.0283961
101 0.0284417
102 0.0284609
103 0.0283188
104 0.0283123
105 0.0282313
106 0.0281561
107 0.0281925
108 0.0281991
109 0.0281156
110 0.0281315
111 0.0281288
112 0.0281415
113 0.0280676
114 0.0277123
115 0.0277485
116 0.0276922
117 0.0276826
118 0.0276323
119 0.0273359
120 0.0273692
121 0.0273692
122 0.0273377
123 0.0274495
124 0.0273856
125 0.0273701
126 0.0273873
127 0.0273675
128 0.0273418
129 0.0273159
130 0.0272827
131 0.0272473
132 0.0272507
133 0.0272171
134 0.0272195
135 0.0271996
136 0.027222
137 0.0272288
138 0.0272074
139 0.0271885
140 0.0271748
141 0.0272064
142 0.0272303
143 0.0268561
144 0.0268577
145 0.0268732
146 0.0268702
147 0.0268741
148 0.0268562
149 0.0268698
150 0.026965
151 0.0269643
152 0.0269333
153 0.0269402
154 0.0268786
155 0.0269077
156 0.0268993
157 0.0269029
158 0.0269381
159 0.0269319
160 0.0269439
161 0.0269626
162 0.026963
163 0.0269673
164 0.0268914
165 0.0268857
166 0.0268921
167 0.026863
168 0.0268372
169 0.0264048
170 0.026445
171 0.0264404
172 0.0264258
173 0.0264341
174 0.026456
175 0.0264645
176 0.0264718
177 0.0264667
178 0.0264642
179 0.0264785
180 0.0264785
181 0.0264856
182 0.0264496
183 0.0265157
184 0.0265085
185 0.0264861
186 0.0264874
187 0.0264506
188 0.0264613
189 0.0264629
190 0.0264491
191 0.0264479
192 0.0264479
193 0.0264548
194 0.0264626
195 0.0263253
196 0.0262728
197 0.0262556
198 0.0262977
199 0.0260801
200 0.0260288
201 0.026018
202 0.0260162
203 0.0259097
204 0.0257298
205 0.0256914
206 0.0256759
207 0.0256759
208 0.0255576
209 0.0255777
210 0.0256209
211 0.0256033
212 0.0256068
213 0.0255944
214 0.0255918
215 0.0255761
216 0.0256222
217 0.0256498
218 0.0256615
219 0.025664
220 0.0256623
221 0.0257198
222 0.0257044
223 0.0256111
224 0.0256118
225 0.0254305
