0 1
1 0.987764
2 0.991189
3 0.986238
4 0.898754
5 0.862678
6 0.874132
7 0.875722
8 0.87239
9 0.867372
10 0.845619
11 0.836054
12 0.828132
13 0.829017
14 0.824551
15 0.809323
16 0.796813
17 0.798388
18 0.798255
19 0.800284
20 0.798063
21 0.799455
22 0.802765
23 0.81087
24 0.812344
25 0.813362
26 0.80837
27 0.808415
28 0.80495
29 0.804598
30 0.805117
31 0.802837
32 0.802433
33 0.814387
34 0.801231
35 0.792064
36 0.792454
37 0.791623
38 0.772815
39 0.77071
40 0.771778
41 0.770545
42 0.771481
43 0.77136
44 0.772034
45 0.772064
46 0.773778
47 0.770977
48 0.768465
49 0.767092
50 0.767555
51 0.767077
52 0.769113
53 0.769325
54 0.76886
55 0.765806
56 0.768766
57 0.768008
58 0.763793
59 0.763758
60 0.766613
61 0.766135
62 0.766429
63 0.766969
64 0.765913
65 0.764293
66 0.75124
67 0.752302
68 0.75329
69 0.747711
70 0.758206
71 0.756657
72 0.757866
73 0.764211
74 0.763967
75 0.77539
76 0.775681
77 0.776699
78 0.775241
79 0.774053
80 0.774464
81 0.774375
82 0.774893
83 0.772318
84 0.770779
85 0.767955
86 0.767569
87 0.767904
88 0.768589
89 0.768652
90 0.769867
91 0.772227
92 0.760746
93 0.766978
94 0.757954
95 0.75863
96 0.764509
97 0.762092
98 0.762561
99 0.763091
100 0.761082
101 0.76436
102 0.764933
103 0.761343
104 0.761229
105 0.759312
106 0.756891
107 0.757177
108 0.756723
109 0.754487
110 0.754709
111 0.754669
112 0.755529
113 0.752343
114 0.742381
115 0.744147
116 0.742377
117 0.742372
118 0.740546
119 0.731579
120 0.732182
121 0.732182
122 0.731663
123 0.732973
124 0.731895
125 0.729685
126 0.729534
127 0.729073
128 0.728342
129 0.727838
130 0.727305
131 0.726503
132 0.726491
133 0.725659
134 0.725697
135 0.725093
136 0.725749
137 0.725887
138 0.725489
139 0.72427
140 0.724017
141 0.725113
142 0.726618
143 0.719506
144 0.719386
145 0.719224
146 0.718932
147 0.719113
148 0.71907
149 0.718377
150 0.720254
151 0.720367
152 0.720024
153 0.720253
154 0.719016
155 0.720264
156 0.720118
157 0.720425
158 0.721928
159 0.722861
160 0.72295
161 0.722923
162 0.723427
163 0.723597
164 0.721936
165 0.721271
166 0.721419
167 0.721138
168 0.720062
169 0.708964
170 0.71073
171 0.710531
172 0.710155
173 0.709976
174 0.710624
175 0.710799
176 0.710873
177 0.710785
178 0.710566
179 0.710693
180 0.710693
181 0.710827
182 0.709152
183 0.711826
184 0.711402
185 0.710201
186 0.710024
187 0.709505
188 0.709846
189 0.709872
190 0.709423
191 0.709678
192 0.709678
193 0.709813
194 0.709845
195 0.706608
196 0.705076
197 0.703865
198 0.705097
199 0.697313
200 0.69643
201 0.696266
202 0.696153
203 0.692754
204 0.688275
205 0.688541
206 0.688131
207 0.688131
208 0.68562
209 0.686397
210 0.68845
211 0.688569
212 0.687704
213 0.687244
214 0.687082
215 0.686746
216 0.687929
217 0.689004
218 0.68955
219 0.689583
220 0.689627
221 0.690926
222 0.689176
223 0.687017
224 0.687092
225 0.683966
