0 0.0758271
1 0.0545728
2 0.0386116
3 0.0381143
4 0.0301986
5 0.0280397
6 0.0271378
7 0.0267654
8 0.0264992
9 0.0259399
10 0.0253274
11 0.0250255
12 0.0237966
13 0.0235172
14 0.023011
15 0.0223299
16 0.0218592
17 0.021555
18 0.0215499
19 0.0211429
20 0.0209904
21 0.0209652
22 0.0204674
23 0.0201445
24 0.0200551
25 0.0199007
26 0.0198533
27 0.0197777
28 0.01888
29 0.0186861
30 0.0185174
31 0.0183347
32 0.0182964
33 0.0178248
34 0.0176444
35 0.017573
36 0.0172325
37 0.0171118
38 0.0167314
39 0.0166216
40 0.0165004
41 0.016388
42 0.016275
43 0.0162166
44 0.016168
45 0.0159451
46 0.0158679
47 0.0158548
48 0.0157799
49 0.0157187
50 0.0156795
51 0.0156664
52 0.0155966
53 0.0155022
54 0.0154364
55 0.0149482
56 0.0147723
57 0.0147343
58 0.014461
59 0.0144574
60 0.0143884
61 0.0143139
62 0.0142485
63 0.0141874
64 0.0141832
65 0.0141173
66 0.0139709
67 0.0139223
68 0.013924
69 0.0138488
70 0.0138209
71 0.0137831
72 0.0137677
73 0.0137478
74 0.0136311
75 0.0135413
76 0.0134426
77 0.0134304
78 0.0134102
79 0.013376
80 0.0132587
81 0.0132626
82 0.0132497
83 0.0132266
84 0.0131728
85 0.0131376
86 0.0130882
87 0.0130766
88 0.0130034
89 0.0129916
90 0.0129596
91 0.0128874
92 0.0128761
93 0.012843
94 0.0127581
95 0.0127662
96 0.0127356
97 0.0123132
98 0.0122623
99 0.0122623
100 0.0122416
101 0.0121802
102 0.0121521
103 0.0120553
104 0.0120571
105 0.0120823
106 0.0119125
107 0.0117532
108 0.0115229
109 0.0115337
110 0.011515
111 0.0115004
112 0.0115128
113 0.0114417
114 0.0112311
115 0.011157
116 0.0111235
117 0.0111085
118 0.0110711
119 0.0110643
120 0.0110364
121 0.0110364
122 0.0110299
123 0.0109716
124 0.0109593
125 0.0109216
126 0.0108773
127 0.0108421
128 0.0108177
129 0.0108097
130 0.0107556
131 0.0107006
132 0.0106718
133 0.0106611
134 0.0106395
135 0.0106275
136 0.0106339
137 0.0106263
138 0.0105943
139 0.0105443
140 0.0104812
141 0.0104672
142 0.0104701
143 0.0104529
144 0.0104348
145 0.0104251
146 0.0104189
147 0.0104162
148 0.0103943
149 0.0103734
150 0.0103237
151 0.0103189
152 0.0103041
153 0.0103062
154 0.010234
155 0.0102303
156 0.0102022
157 0.010187
158 0.0101607
159 0.0101415
160 0.0101417
161 0.0101299
162 0.0100866
163 0.0100969
164 0.0100535
165 0.0100159
166 0.0100136
167 0.00997347
168 0.00992314
169 0.00990684
170 0.00989675
171 0.00987424
172 0.0098762
173 0.00984661
174 0.00984373
175 0.00984101
176 0.00983679
177 0.00983679
178 0.00984252
179 0.00981715
180 0.00981715
181 0.00981208
182 0.00976393
183 0.00977994
184 0.00977798
185 0.00972762
186 0.00971082
187 0.00971132
188 0.00970835
189 0.00970835
190 0.00963604
191 0.0096301
192 0.0096301
193 0.00963403
194 0.00962818
195 0.00962368
196 0.0096192
197 0.00962905
198 0.0096618
199 0.00963185
200 0.00959396
201 0.00960114
202 0.00959441
203 0.00958433
204 0.00948191
205 0.00948685
206 0.00948569
207 0.00948569
208 0.00943734
209 0.00942812
210 0.0094335
211 0.00944424
212 0.00944409
213 0.00943805
214 0.00943552
215 0.00943552
216 0.00941403
217 0.00940204
218 0.00939114
219 0.00939114
220 0.00928347
221 0.00928347
222 0.00923303
223 0.00923026
224 0.00920413
225 0.00914745
