0 1
1 0.896319
2 0.759883
3 0.751581
4 0.667446
5 0.616921
6 0.594217
7 0.581481
8 0.576554
9 0.571832
10 0.551986
11 0.5484
12 0.541582
13 0.542296
14 0.532285
15 0.517355
16 0.505542
17 0.502332
18 0.502188
19 0.495402
20 0.49106
21 0.489854
22 0.482675
23 0.479892
24 0.481473
25 0.480725
26 0.479669
27 0.479369
28 0.464564
29 0.460638
30 0.458922
31 0.458621
32 0.458222
33 0.447408
34 0.43992
35 0.436714
36 0.435442
37 0.431988
38 0.428433
39 0.424928
40 0.424938
41 0.418039
42 0.418222
43 0.417258
44 0.414258
45 0.410438
46 0.409402
47 0.407582
48 0.405913
49 0.404659
50 0.403846
51 0.40351
52 0.403408
53 0.402181
54 0.401257
55 0.399575
56 0.399558
57 0.398517
58 0.398174
59 0.398133
60 0.397569
61 0.395693
62 0.396984
63 0.395709
64 0.391525
65 0.388958
66 0.384579
67 0.382296
68 0.382528
69 0.381448
70 0.379927
71 0.378475
72 0.379218
73 0.376271
74 0.376575
75 0.360312
76 0.359996
77 0.359682
78 0.359399
79 0.359902
80 0.358959
81 0.35901
82 0.358208
83 0.356582
84 0.353239
85 0.351409
86 0.350259
87 0.3503
88 0.349079
89 0.348422
90 0.348751
91 0.349226
92 0.346145
93 0.347312
94 0.341168
95 0.340836
96 0.342617
97 0.343648
98 0.34088
99 0.341607
100 0.340532
101 0.340157
102 0.340074
103 0.337435
104 0.337363
105 0.337398
106 0.332306
107 0.329304
108 0.329127
109 0.3285
110 0.328758
111 0.32874
112 0.329431
113 0.32537
114 0.321498
115 0.322536
116 0.322078
117 0.321167
118 0.319374
119 0.319547
120 0.319806
121 0.319806
122 0.318276
123 0.317796
124 0.316549
125 0.314589
126 0.312584
127 0.311647
128 0.311454
129 0.310893
130 0.31084
131 0.310429
132 0.310668
133 0.30984
134 0.309812
135 0.309916
136 0.309825
137 0.309525
138 0.308955
139 0.306396
140 0.305965
141 0.306314
142 0.306942
143 0.303144
144 0.302756
145 0.302663
146 0.30199
147 0.301968
148 0.302135
149 0.301478
150 0.300002
151 0.300797
152 0.300592
153 0.300705
154 0.299818
155 0.300163
156 0.300001
157 0.300974
158 0.301101
159 0.3009
160 0.300625
161 0.300724
162 0.300867
163 0.301168
164 0.300233
165 0.301487
166 0.302567
167 0.301546
168 0.301722
169 0.304621
170 0.304585
171 0.303999
172 0.303153
173 0.303142
174 0.303257
175 0.302851
176 0.302801
177 0.302771
178 0.302421
179 0.298946
180 0.298946
181 0.299012
182 0.29793
183 0.298095
184 0.297471
185 0.297176
186 0.297194
187 0.290703
188 0.290695
189 0.291311
190 0.291451
191 0.290385
192 0.290385
193 0.290669
194 0.290716
195 0.290269
196 0.287012
197 0.286281
198 0.28658
199 0.286736
200 0.287451
201 0.286322
202 0.286508
203 0.285385
204 0.285883
205 0.286792
206 0.286036
207 0.286036
208 0.283121
209 0.283223
210 0.283888
211 0.285077
212 0.284917
213 0.284904
214 0.284622
215 0.284947
216 0.286085
217 0.286551
218 0.286447
219 0.286412
220 0.28488
221 0.284904
222 0.282899
223 0.281451
224 0.280852
225 0.281702
