582 
1200 918 
2639 3633 1529 1346 
3821 2353 3622 2491 1648 2980 1667 952 
2474 2470 90 1377 1268 1519 1755 3551 419 777 2519 2956 3423 2253 909 2388 
3911 3697 2480 205 1476 1321 1254 1563 2153 601 2341 1742 90 3222 3251 1206 3119 3178 1851 1615 3149 561 62 2759 810 1141 433 610 2408 767 2947 2145 
3793 3646 449 2160 3774 2504 232 2769 3182 1325 676 380 1523 1436 1320 3149 1505 54 2237 1113 2057 3730 301 1255 1196 1090 1412 269 1617 347 75 583 878 3705 1038 922 995 1630 2153 2802 1917 1080 785 1166 1108 544 3368 3486 692 2698 26 1931 3756 3638 3142 2295 3184 2177 3193 654 3194 495 2654 3471 
559 305 511 3686 429 2398 1876 1622 1874 1848 1604 1664 140 2172 3053 1599 1853 159 1417 909 1517 1353 15 2301 298 234 118 499 2404 1131 572 1126 186 174 1202 3361 2726 2091 89 2121 30 1161 2177 912 2817 1618 2271 729 1028 2679 344 1288 3601 951 980 955 1462 286 3113 2514 3654 3911 1238 1120 1152 3803 462 719 3640 769 864 878 990 2275 3684 2065 2700 2468 2519 3544 2773 3662 1411 2696 2793 2937 2865 2897 2995 3630 3102 934 3247 1256 3312 3323 3360 3378 2235 4016 2988 3759 3401 2019 2089 1429 2200 176 2232 3273 1731 1474 2245 1656 1399 3455 3836 427 3254 3511 3514 1011 754 2810 2296 3581 3847 3849 
3959 3950 3945 3937 3903 3896 3887 3864 3805 3800 3764 4002 3745 3738 3736 3683 3625 3612 3582 3491 3730 3473 2626 2624 3904 2619 2577 2557 2483 2477 3712 2427 3620 2335 2277 2260 2252 2230 2418 2161 3444 2159 2089 2036 2019 2016 3716 1917 3341 3256 3255 3477 3220 3159 3145 3122 2093 3121 2564 3078 3030 3008 2990 2928 3649 2878 3905 3134 2877 2801 2784 2781 4028 2229 2743 2686 2667 2707 3037 2266 2198 3056 2028 1959 1442 1942 2199 1358 3517 1355 2522 466 1321 2866 1067 3317 1261 1642 1329 1152 2558 2301 1787 1130 1086 1467 3922 324 1352 1057 1402 2424 1910 1819 1048 3863 8 3213 1157 643 513 256 269 328 179 3907 3393 52 814 2148 1120 2985 158 904 133 122 1519 19 3351 3094 781 1982 3010 183 1270 242 733 1830 288 669 145 2118 3403 576 2759 703 3657 830 2893 323 958 831 2844 274 2646 3417 3160 1104 1361 333 341 1309 1250 3430 1631 3941 2142 1628 1114 1885 601 1032 261 3856 2571 515 3223 1167 910 1672 1733 1219 924 2082 1054 797 1046 1953 411 2788 1503 2049 1278 764 1535 3440 1572 2208 2465 1437 1694 1754 738 1768 752 1805 1897 754 2284 3503 2475 3281 2510 350 2988 418 1233 3289 462 3352 1810 525 620 322 579 424 681 700 3786 702 715 2316 774 549 806 811 816 3655 828 1091 834 851 1638 353 867 3540 
4026 4025 4019 3991 3984 3978 3946 3942 3941 3931 3909 3864 3845 3840 3799 3787 3768 3757 3752 3749 3745 3738 3709 3708 3673 3662 3624 3608 3597 3582 3580 3553 3545 3544 3533 3493 4029 3488 3462 3979 3438 2648 2611 3628 2546 2523 3589 2507 2499 2484 2453 2446 3512 2430 2429 2427 2422 2390 2335 2326 2320 3939 2316 2314 2287 2269 2251 2219 2141 2140 2123 3732 2109 2049 2036 1984 3551 1928 1925 3964 3423 3415 3399 3389 3381 3312 3266 3249 3766 3225 3159 3138 3074 3065 3050 3037 3033 3028 3023 3016 2993 2988 2978 4038 2956 2951 2935 2928 2920 2908 2894 2877 2873 2845 2823 2793 2755 2703 2702 2701 2700 2662 3097 3670 3129 2588 2519 2377 2756 2215 1994 1940 3409 2592 3179 3953 3412 2263 3886 3851 3263 3684 3036 3577 2419 3501 3797 3456 3049 885 879 1432 3579 2497 1956 1415 1929 1388 1632 3508 1344 2940 1858 2930 1307 3214 2132 1050 2340 1258 1227 2303 1221 193 705 1216 2555 1473 180 3115 951 3912 1207 179 1457 3494 1330 2312 689 3902 1197 669 1186 1179 1663 2329 1247 1120 1377 1867 1095 1042 1096 14 1256 3136 431 1513 147 1770 742 1002 997 970 429 1511 2926 221 989 3146 982 2091 468 1315 2911 1829 801 934 3125 420 917 3338 1174 1945 3901 3360 1196 682 275 29 1996 914 3051 1428 62 1685 400 3924 1219 137 2274 3356 651 1301 1558 1360 1106 2418 1877 4004 2922 217 129 1023 2416 252 7 3489 243 61 3740 2117 1202 120 3882 1177 2198 34 47 3047 342 85 576 1117 101 3604 1440 358 250 1021 310 1595 3475 2393 1311 1852 567 119 890 23 3445 2904 1822 259 911 654 267 3561 1397 2183 363 1339 2294 1212 955 1469 3315 69 583 2477 3018 1395 2531 367 194 1479 1142 2197 1656 253 2903 198 996 455 906 1677 3795 8 3094 389 2503 1421 339 2720 15 786 3515 269 274 2641 1559 157 284 1916 1375 293 340 2166 1625 597 944 2727 22 563 3826 39 580 1481 1488 1493 2264 722 3682 3141 977 1518 2063 3145 1522 1525 1526 2068 1527 3156 992 1533 1020 1561 2154 1613 1586 2127 2384 1650 1110 1651 1660 2227 3309 604 1686 1694 409 1695 81 1704 3870 3329 1706 3877 1713 3367 1203 121 1744 1208 667 1749 142 1765 737 2851 1769 3945 158 1781 3120 415 2038 496 212 753 3431 2890 1808 1810 2912 1289 1830 1854 3510 1887 1932 1991 2135 530 2153 3316 611 2223 2472 2494 3665 2583 379 3629 383 3642 3101 396 1735 1194 653 3123 418 452 3704 2622 3163 999 458 471 481 2142 519 1087 1628 546 3313 1149 608 2239 616 3867 3326 621 2291 127 668 3454 2366 1284 3989 3470 4011 149 690 701 2342 719 724 727 1811 729 3992 746 777 3522 817 1913 831 870 
4030 4010 4008 4006 4005 3997 3995 3991 3987 3986 3974 3971 3968 3965 3964 3946 3940 3936 3934 3927 3921 3912 3909 3902 3894 3893 3891 3875 3874 3873 3852 3831 3829 3815 3805 3794 3788 3786 3762 3761 3758 3743 3737 3736 3735 3730 3729 3728 3714 3704 3702 3701 3665 3659 3645 3637 3630 3627 3617 3613 3612 3600 3599 3596 3594 3585 3571 3557 3533 3498 3497 3486 3477 3465 3450 2659 2645 2614 2587 3694 2585 2570 3667 2558 3666 2557 2552 2549 2541 2515 2514 2507 2499 2493 3575 2466 2464 2456 2443 3549 2440 2437 2430 3523 2414 2407 2406 2395 2382 2381 2380 2374 2349 2346 2345 2316 2313 2312 2305 2300 2287 2272 2262 2245 2229 2213 2179 2175 2170 2166 2160 2154 2139 2118 2110 2109 2100 2092 2090 2088 2083 2078 2060 2058 2057 2050 2023 1997 1993 1982 1965 1956 1943 1934 1924 1915 2330 3434 3433 3424 3415 2299 3408 3384 3376 3373 3368 2256 3365 3359 3356 3352 2230 3339 3336 3330 3327 2207 3316 3313 2197 3306 3305 2192 3301 2188 3297 3291 3287 3274 3273 3260 2146 3255 3247 3243 3241 3240 2119 3228 3221 3220 2108 3217 2104 3213 2098 3207 3183 3171 2051 3160 3155 3150 3148 3145 3143 3141 3135 3104 3096 1984 3093 3081 1966 3075 1944 3053 3036 1917 3026 3025 1914 3023 3014 3008 2997 2970 2955 2954 2952 2949 2933 2930 4036 2927 2920 2915 4022 2913 4018 2909 2879 3982 2873 2861 2860 2858 2851 2848 3951 2842 3949 2840 2829 3933 2824 2823 2804 2795 2756 2755 2746 2745 3840 2731 2723 2721 2715 2703 2691 2690 2676 2673 3778 2669 2668 3771 2662 2707 3097 2616 3691 2582 1609 1603 3253 2144 1601 519 1049 1574 1549 1538 2633 1524 3174 2065 1497 2038 1493 2061 952 3734 407 1488 1470 2561 1452 1429 2511 1416 1414 1955 3631 1413 1981 872 2497 1388 1386 3063 845 1359 3572 1354 2444 1335 3526 2417 794 3542 1324 1580 1039 2432 1323 3487 1318 3529 1311 1852 1304 3509 2400 1291 1290 1826 1276 2926 1817 3440 3749 422 1531 963 2072 192 1815 2951 733 711 2359 1250 1248 4034 707 1228 146 2335 1226 3441 1223 1205 3673 2564 1455 3700 2591 373 2307 1198 1194 648 1188 3652 1434 1177 3648 1430 1173 2309 91 632 2276 1167 2844 626 1149 608 1148 2798 1689 1143 1142 2278 60 1110 569 1105 2187 1096 555 260 801 256 797 217 2390 172 2375 157 3649 2540 1431 1999 890 908 1168 1421 136 118 1081 1595 2704 540 2271 53 111 3555 228 1336 3013 795 51 1133 3892 2783 1674 178 1801 913 3699 2590 372 3158 940 2839 1730 621 2601 1492 3534 207 1830 1450 1274 165 47 3915 2806 588 2308 1199 2876 658 3795 1577 1036 3822 495 3741 1401 292 1063 1251 223 985 105 65 1300 15 1638 556 327 2340 122 376 3607 2498 280 821 2228 10 2174 1341 56 2788 1679 3924 597 93 1202 2852 634 1743 3393 1175 66 2284 174 2906 1797 3163 945 2027 404 148 2291 3400 73 1696 2548 330 1980 3089 871 17 906 365 3755 428 1537 1361 252 793 1014 193 1351 3028 810 3312 1094 3258 896 355 3776 2667 1558 1125 16 1252 143 1225 657 1766 684 3461 2352 134 675 1189 80 2298 3123 905 1360 3037 819 1103 2780 562 1184 75 2807 1698 3389 62 2794 1685 2821 603 1454 345 1546 4 2467 249 1020 2102 1605 63 520 317 858 1940 1466 151 3388 1170 92 3451 124 1013 1807 1420 311 852 259 1368 2301 83 84 1707 3538 211 184 1293 1834 1372 1021 3844 1626 517 30 544 1653 1085 2194 287 3560 1342 2451 828 1306 765 298 45 302 309 2500 1391 850 2694 1585 2180 1071 2885 2344 315 3561 1621 3582 255 1364 336 1986 3095 877 2560 342 1491 977 2571 353 1435 3690 2581 363 3811 2702 484 3784 1566 3467 140 1249 526 3115 897 3092 874 921 3480 153 2912 694 2033 924 2035 3144 926 1453 939 959 3718 2609 1500 2069 3178 960 3746 419 1477 2018 1504 395 968 3188 970 2423 205 719 1828 976 2350 1241 3202 984 986 3481 2372 1263 3224 1006 3748 1530 1016 2612 3721 2231 13 2150 3259 1041 3527 1309 768 1052 3838 1620 511 2682 1573 288 1059 1627 518 521 1630 2171 2757 1648 1658 3878 1660 1667 1677 1687 601 1710 3955 2846 628 1727 2268 1758 3983 1765 1775 3999 1781 674 1783 4003 2894 1785 677 1786 1794 1798 2911 693 1802 3452 2343 2917 1808 726 1809 727 1810 1813 2928 1819 720 1829 1833 1856 1858 2972 1863 2999 781 1866 1867 1880 1881 3003 1894 3517 1898 1926 1951 1978 869 2009 2116 1602 493 3226 2117 3237 2128 2183 2778 560 1338 2447 824 3570 2461 1489 2598 2660 2572 354 3113 895 1471 362 1506 397 3740 2631 413 3750 1532 423 3752 2643 425 2648 1539 430 2650 432 3773 2664 446 2678 460 2684 466 469 1579 3797 470 3801 1583 474 961 3179 1586 477 3808 1590 481 2705 1596 487 3817 490 506 3834 507 531 3862 535 1668 559 561 3899 572 3918 591 590 2186 3295 680 3947 2838 620 593 3900 2791 1682 573 3278 3908 2799 1690 581 583 2817 599 3939 612 623 1748 639 650 3998 671 1185 76 2294 3437 2752 534 3861 690 696 723 1849 740 741 2979 761 2980 1871 762 766 2991 1882 773 788 792 804 1859 2968 811 822 830 836 840 841 1962 853 3072 854 3082 864 3083 865 3084 866 867 2524 1415 3633 901 2010 2670 452 3779 3164 213 3540 616 3943 783 3001 2059 3168 3034 2191 2555 3751 2642 992 2101 1625 516 2734 883 3101 3350 23 2241 1285 2394 1356 2465 
