1494 2007 3750 2767 3246 1956 3811
1728 352 743 2768 3043 3210 2557
248 930 1295 529 760 2988 2120
1753 1880 371 416 761 3272 2204
222 1340 368 767 847 2644 3833
1581 562 2328 3214 2011 2288 3881
1290 585 835 839 3022 3590 3906
1210 1373 1561 441 485 3151 3568
138 1543 1805 2793 1944 3630 3776
1577 807 3099 2160 2167 2428 2439
1377 1876 521 843 3948 2010 2005
120 979 4011 2964 2517 2565 3557
284 369 829 2800 3281 2060 2232
1799 434 452 3182 3588 3782 3891
1127 1792 2684 2796 3187 1968 2326
345 1531 1655 2768 2921 2562 3576
281 1128 486 2368 3018 2020 2075
1416 1757 2471 3023 3335 2235 3879
2264 3053 3147 2309 2556 3970 3985
979 1199 507 558 890 3030 3182
780 824 1979 2232 2318 3455 3527
18 44 1114 857 2351 2970 4001
1841 506 2754 2809 2842 3199 3972
15 1425 3456 2258 2379 3616 3971
81 1234 3487 814 3464 3769 3895
56 1462 1770 856 2263 3745 3993
48 310 1181 1245 1873 620 3947
1075 378 3334 3353 2525 3615 3747
1561 1627 1719 726 2198 2952 3198
154 420 2032 407 2965 3279 2177
1666 371 541 3948 2569 3524 3870
921 997 1498 882 2594 2836 3026
258 1062 891 2053 2567 1963 2061
3779 2893 3004 2404 2408 3708 3819
1417 1844 1945 545 2075 2275 2641
970 989 385 2716 2965 3336 2006
979 1524 894 3943 2357 3500 3956
1554 1758 1810 1879 2162 3648 3656
1009 1991 2904 3089 2179 2181 3619
55 1232 3265 2269 2546 3493 3835
1326 2605 3301 3357 2396 3468 3781
3 114 1804 1813 2693 2100 2256
1189 1417 1519 1654 463 626 3304
974 1256 1899 3198 3434 3508 3811
9 48 1705 568 870 3148 3882
210 1857 2494 469 559 613 3912
293 2864 3414 1922 2086 2638 3947
260 1001 2445 741 3099 3107 3951
1472 2809 2824 3060 1927 2186 3553
116 1126 2605 2842 3293 2251 3702
983 1398 1638 1766 2138 2266 2015
968 1531 2472 2728 2947 3590 3796
981 1158 1164 1237 2942 3074 3909
1111 1522 1764 2848 3666 3675 3868
1842 1847 1906 2538 619 786 806
1308 1542 2137 2681 2969 3348 3963
300 997 1214 1380 2298 2594 2350
932 1434 1463 585 671 2630 3977
1080 1637 2660 681 769 2519 3581
197 1095 1887 2519 3371 1980 2310
1221 1773 677 2470 2591 3731 4036
93 1355 1639 614 3310 2483 3986
4 165 1000 3366 2191 1923 4006
3003 1363 1829 682 3116 2206 3787
1513 1532 1778 584 3309 3340 3428
928 1148 1607 892 3255 3681 3978
1580 1600 622 2969 3738 3883 3995
119 2857 2860 3074 3273 2532 3449
312 1029 615 662 875 3388 3546
113 324 1136 2819 2847 3423 2503
275 328 981 2829 1924 1971 3584
1195 1890 2929 3090 2392 3605 4029
40 915 1718 1733 444 891 3462
182 993 3861 3517 2597 2810 3104
1422 1759 2223 3319 3108 3197 3579
1133 1269 2914 2986 2217 2435 3808
1158 1690 2337 431 697 706 737
291 1117 1882 3119 3191 3202 3899
76 1601 1818 2344 3156 2112 2473
49 500 2776 3220 2360 3598 4021
1086 1572 1683 2892 2580 2638 3505
59 1007 2510 569 3101 2334 3587
1041 1187 350 3861 2738 3778 3906
331 1246 628 3437 2221 2243 3574
1301 1776 678 701 815 2565 3504
47 106 1115 2024 2675 2722 3483
335 1719 662 859 3263 2919 3259
1328 726 2846 2955 2290 2406 2517
961 1403 1432 358 762 1920 2495
334 1666 1743 1821 1875 1897 2750
117 1236 356 722 2782 2805 3046
108 188 1835 1906 3313 1983 4000
931 1040 1088 396 2701 2753 2083
234 973 1111 1831 1907 3506 3836
1201 1461 795 2706 2743 2600 3503
380 492 600 2678 2840 1946 2500
1075 1694 1809 390 875 2621 3844
154 2042 2054 404 723 3199 1964
942 1419 537 2519 2738 1989 3526
257 941 1868 647 2719 3152 1982
44 1085 3019 2829 2943 3781 3814
319 1457 465 768 816 2628 3506
1298 673 608 626 715 3750 3292
1161 1635 472 507 2710 1996 3916
1199 1789 2702 3060 2229 2230 3507
2117 381 2877 3151 2100 2210 3711
179 927 1068 1902 866 3366 3575
1435 1603 365 491 2167 2297 3906
249 330 1860 2384 408 522 2070
1354 1618 3046 3232 3345 2150 3571
946 1269 1841 524 836 3386 3929
1029 1063 1374 1885 1893 2043 3869
67 3173 1316 593 706 2590 3439
71 1208 1472 3797 2922 3109 3405
386 430 3055 3266 2019 3689 3754
37 1423 1800 3195 3486 3918 3923
1656 513 2118 2123 2359 3777 3937
1471 1530 3078 3368 2560 3759 3999
18 1127 786 3276 2269 3627 3899
134 260 2941 3062 3323 2374 3694
3173 1059 1066 1206 2208 2213 2492
287 1609 707 853 2616 3073 2300
1784 2042 2310 2590 3798 3875 3992
26 182 960 2101 2570 3523 3695
1491 1900 2054 511 3607 3728 3914
2445 2635 2904 3042 3204 1981 2424
82 1736 625 3366 2057 2607 2611
32 1443 2893 2930 3091 3114 3984
1866 378 406 3113 3285 2424 3503
672 851 3287 2150 3656 3768 3887
289 1242 2865 3158 2590 2657 3769
162 1595 1741 762 2730 3587 3866
1304 1815 458 848 2825 3612 3867
904 1081 1256 1348 446 3300 2303
1417 1558 440 737 3390 2083 2229
1076 1117 1263 1578 1751 2302 1962
218 1287 1310 1477 1717 2102 506
1845 2780 1966 2078 2175 2181 2449
972 1224 1382 1449 2791 3329 2615
1736 838 2582 2810 3194 2485 3746
341 1075 1594 464 801 3346 2354
1621 1636 774 775 2732 2211 2460
1482 1791 595 3205 3077 3204 2342
934 466 2854 2325 2074 3459 3530
973 1503 2533 2824 2867 1997 2331
366 1095 1804 417 888 2752 3344
1066 1792 2696 2793 3129 2658 3687
91 1175 397 809 822 3153 3351
40 192 259 697 1913 2863 2036
331 943 1592 1602 3228 2193 3485
1338 1559 518 585 594 3791 3936
210 1650 1819 2071 2072 3182 3844
75 134 3173 1370 441 2786 3121
1131 1245 1648 2914 3161 3458 3699
2814 981 465 2052 3262 3742 4035
2814 2844 3218 3362 3782 3971 3978
266 1231 588 2282 2772 3224 2367
188 2588 3049 3284 2379 2654 3807
1084 3621 2981 2238 2356 2446 3963
922 1580 1909 390 2063 2524 3506
965 1328 1702 824 2413 3236 3593
1079 1782 1840 368 3414 2059 3867
538 1238 1779 446 2530 2235 3464
1506 1645 1714 1800 2052 2037 2602
1241 1405 570 630 3082 1937 2229
3189 3235 2362 3479 3483 3914 3994
112 258 1270 1827 3437 859 2776
1096 1549 2187 614 653 819 1962
980 1041 1168 1260 584 2961 1966
1657 535 2666 3316 3431 2300 2486
1205 1423 1672 3124 3212 3571 4004
1065 1075 1334 424 2600 2651 3727
190 484 1069 1239 1556 3176 3317
1808 2794 2920 3159 2082 3680 3887
1116 1625 1819 2799 3110 2392 3636
414 1312 488 605 2829 3392 2082
21 1307 1421 1502 1744 756 2288
1765 851 3022 3160 3421 2229 3707
1365 1681 1748 506 3487 2792 3430
191 301 1819 439 2901 3009 2546
959 1450 1669 857 2705 3016 3217
1180 1195 1712 415 823 2389 3921
946 1495 611 635 681 3391 2086
991 392 513 557 2828 2013 2236
1178 1386 758 781 3418 2426 3629
1737 2267 2273 1974 2195 3639 4000
1315 429 443 3272 3317 1936 2371
303 1190 499 1987 3490 3868 3987
1255 1286 1998 2449 2611 3625 3889
1697 1875 1891 2458 2488 2610 3490
1082 1873 3406 2530 3028 3230 2593
43 158 1590 2529 2808 2532 3566
30 989 1711 2647 1984 2323 3786
115 214 1669 2980 3089 2005 3803
1040 1738 631 691 849 3279 3453
526 1243 1618 878 2552 3645 3783
127 152 370 379 561 2705 2276
32 517 1119 2719 3286 2311 3475
1229 2635 449 670 3206 2193 2208
2 1608 1882 2024 369 2932 3098
73 897 1515 877 3136 2561 3758
1175 1279 622 791 2818 2020 3601
1144 535 762 3143 3563 3772 4037
118 1545 1753 397 2666 3238 3853
154 2128 368 3723 2986 2989 3519
935 1205 1500 1528 408 450 2929
300 1803 573 694 884 3818 3967
10 1332 2378 474 530 1946 2430
1563 2735 3073 2162 2409 3594 3654
911 918 1610 738 2665 3155 3228
332 1165 1756 357 537 2422 2639
1442 624 648 2670 2291 2410 2418
917 1196 1229 2055 2115 3492 3867
103 1398 1534 1862 605 2650 3888
863 2938 2190 2286 2297 3595 3946
334 925 1316 589 653 2065 4033
1449 1660 3440 2874 3224 3484 3946
53 331 1791 478 2897 3417 3749
1459 1901 2289 2999 2864 3212 2139
641 995 1011 1108 1486 1926 354
43 211 2498 398 415 771 2002
517 1032 1276 1471 623 3250 3292
1147 1592 1604 1734 2825 2858 2242
1825 2295 2994 3329 2320 2404 3854
1881 543 830 3440 2994 3457 3883
1911 2617 2496 3216 2159 3514 3899
1118 1228 1932 3633 3530 3772 4025
940 1614 378 676 2995 3308 2367
1239 3157 2473 3464 3529 3842 4004
1297 1505 2038 2156 2369 2537 4012
911 1347 3877 3372 2210 2427 3893
1037 1078 1491 1538 1741 2414 3971
207 957 862 3263 2734 3236 3396
1134 1426 1509 1580 1763 3739 3848
1233 1336 2691 2706 3322 1985 3660
1371 1395 1418 1572 1765 1921 2209
992 1710 2688 2965 3014 3668 3685
139 1241 1312 1653 674 852 3593
1180 2691 2957 3272 3299 2409 2474
262 1132 774 1950 2037 3955 4028
1272 1412 1834 2068 795 2204 3492
1431 451 2753 2782 3232 2208 3963
24 1861 489 533 3018 2632 3482
37 1059 1239 1330 858 3087 3429
228 1025 1926 449 585 2906 3952
1270 2347 2703 3226 2485 3575 3976
1381 1675 1719 2697 2259 2562 3968
64 193 760 889 3410 2124 2534
59 673 2394 2821 2871 2901 2310
1471 1537 570 2749 2981 3053 2070
10 187 1539 2667 2973 2234 3981
106 410 3163 3209 2033 2460 3963
943 1386 2264 664 2904 3612 3790
1573 2529 2053 3089 2012 2270 3675
1338 1431 2699 2739 2090 2644 3596
497 522 848 2951 3322 3459 4004
244 1509 520 2986 1958 1981 2200
1152 1830 1857 3162 2945 3277 3407
1099 1830 813 2047 2239 1946 2044
241 1656 1821 2502 3289 3126 3138
86 341 1317 1387 2649 814 3041
1016 1197 1278 1454 3229 2136 2564
56 1238 1683 393 2869 2862 3225
448 3721 3057 3122 3376 1979 2281
516 694 884 2947 3221 2481 3654
2629 759 3162 2880 3172 2383 3941
1146 1166 1701 863 2329 2645 3791
1572 1642 1673 1725 3521 3931 4032
1789 1900 514 2855 2920 3214 3867
155 1297 1671 474 3245 2073 3499
339 878 2176 3006 3329 2446 2550
1391 1452 2702 3081 3088 3794 3931
1736 1786 713 2713 3050 3827 3959
245 276 1388 1494 421 1947 2019
1786 1807 378 3830 2813 2805 1957
198 1006 1122 1755 1797 384 469
966 1506 2728 2888 3207 3267 2131
79 1023 1258 1581 1779 2085 4022
1070 1137 440 2835 3066 3112 1969
221 1085 1601 500 560 895 3308
150 343 1089 2135 3230 3273 3535
125 3173 937 1199 494 3479 3837
63 1415 1565 2018 478 3351 3444
79 282 1361 2918 3006 1970 3942
902 449 721 755 1987 2122 4038
255 1740 3109 3174 3343 2482 3567
1558 1884 506 686 2025 2360 3667
1767 371 2728 3106 3115 3714 4007
1556 2024 2705 2985 3303 3318 3929
990 3233 2835 2051 2140 3690 4030
1385 1725 1887 1908 693 2690 1917
1684 1044 1344 750 2294 2528 3614
1019 1187 1256 2683 2746 2232 3744
956 758 3420 2888 2973 2520 3532
74 1101 1816 495 632 837 2217
981 1290 2734 2690 2954 3013 1984
1085 461 2923 2986 2989 2278 2300
231 923 1723 411 628 2824 3071
424 2821 2895 3182 2040 3739 4003
916 1483 1709 690 2732 2950 3531
307 912 918 1061 1310 535 2269
65 1452 1634 760 3160 2252 2556
1 50 198 1413 2819 2411 3482
201 234 3886 2737 2808 2352 3553
637 1189 1363 1510 3144 2515 2527
1139 1420 1628 1674 549 3961 3316
82 1075 1613 3036 3220 2601 3839
452 2779 3223 2186 2406 3559 3893
245 1358 1746 659 3305 2366 2460
16 1084 1674 399 2086 2193 3902
1031 1042 1673 434 691 890 2971
190 1006 1183 1783 3272 2523 3571
1140 1633 1691 3313 2456 2610 3562
165 961 1386 1737 3105 3743 4000
200 1291 3211 3427 3869 3922 3998
109 281 1287 3245 3265 3004 2280
974 1324 1782 417 3424 3929 3972
1813 541 3049 3085 3446 3566 3649
712 889 2731 2779 3121 1962 1997
30 1239 1598 441 501 3608 3836
1208 362 813 1916 2996 3306 4002
214 1220 362 736 3385 2493 3826
1884 3437 3138 2277 2407 2416 3696
280 1155 1632 467 509 3606 3879
77 885 886 3383 2192 2549 2604
139 441 3025 3052 3293 3413 2197
1344 1800 2471 747 3132 2077 3668
201 2755 2767 3465 3699 3789 3914
207 1622 672 2101 3244 2058 2651
234 1411 1572 1650 2133 2364 2325
1910 582 829 2837 3434 2409 3824
973 2714 3244 3306 2197 2206 3905
72 1008 1203 1607 461 2836 3174
2384 443 3540 2714 2812 3115 2427
34 1105 1238 2368 3149 2108 2112
1720 1820 439 620 3779 2962 3125
1218 2459 2702 3076 3214 3430 3660
989 2081 668 830 2903 3347 3430
896 988 610 3341 2109 2244 2535
1029 1819 761 2594 2895 2051 3727
1345 525 3352 3377 3413 2565 3792
139 187 1187 534 2826 2926 3197
1142 1205 1212 1908 2494 654 2146
1135 1463 2336 3176 2311 3455 3661
131 1520 442 3023 3089 1938 3895
897 974 1550 497 3182 2604 3610
1411 1565 2285 2062 3345 2253 3467
1402 1551 350 618 3165 2252 2657
1691 1769 548 598 3148 3398 2317
147 1328 2302 536 2062 2559 3698
1052 1467 792 3556 2276 2405 3471
206 2336 584 3356 3528 3901 4009
1224 1467 700 2844 3115 3157 3316
29 62 248 1329 1488 1598 3020
1191 1237 446 2098 2627 3729 3743
210 911 1578 2640 449 738 2514
1629 1698 1824 3267 3340 2553 3972
1873 3160 1919 2353 3443 3532 3763
216 1070 619 653 3132 1914 2085
12 996 1377 1437 3406 3052 3548
252 1191 1238 2007 556 2707 1914
1371 1869 2895 3130 2326 3720 4016
211 1179 1592 2071 3015 3377 2428
1327 2666 2930 2352 2366 2489 3464
336 2494 3061 3158 3288 3397 3845
100 712 3020 2874 2414 3489 3864
373 762 2258 2532 3659 3767 3990
99 897 914 1517 495 2910 3778
242 2189 2398 490 2670 3659 3669
1389 1763 1911 804 3009 3012 3521
12 3003 1306 2840 3058 3475 3624
66 312 1299 390 450 3396 2313
42 1036 1637 1833 3196 3864 3901
32 1493 1761 2364 372 3347 3774
951 962 1008 1466 2148 2905 3392
39 155 258 1587 3147 2606 3889
1592 1910 3392 2046 2147 2654 3911
1430 1644 1837 540 2582 3236 2388
54 171 517 871 2509 2712 2872
90 1250 1302 757 838 3426 2245
146 964 1825 2128 3333 3567 3597
1082 1103 1674 412 3218 2098 2618
324 1240 1369 358 2818 2108 2306
3943 2921 3145 3147 2182 2545 3934
831 872 2729 2156 2222 3523 3719
1726 560 2852 2934 3087 3175 3351
1334 1458 1553 1954 2413 3349 3648
259 1400 766 866 2690 2868 2918
1281 1397 1556 755 1947 3194 2099
164 902 954 1537 3175 2078 2467
305 1054 1280 1363 882 3651 3334
80 134 1592 690 3122 2043 3766
1346 2133 520 2857 2889 1944 2535
1056 1926 500 3000 3009 2422 3591
381 387 2789 2960 3202 3462 3491
131 649 464 373 2723 2877 2936
1497 418 3123 3144 3151 2095 3819
677 3307 3421 2076 2209 2386 3603
733 740 809 830 2241 2956 3078
262 955 1165 448 2002 3996 3998
84 217 1039 698 3005 3210 3795
1031 1494 1651 3125 3509 3785 3801
1328 3592 3205 3097 2863 2100 4005
1041 1894 397 594 2293 2827 3502
94 1158 1716 633 3385 3208 2036
89 1511 1824 3256 3330 2359 3901
289 1081 1372 1811 1836 2164 3714
2224 3386 1942 3464 3658 4024 4036
1276 2760 2822 2530 2948 2429 2627
271 272 1065 810 2293 3144 2504
1218 2671 2808 2882 3307 1975 2022
1156 728 2802 2908 3257 1953 1965
1625 1770 616 2047 2829 2564 3453
172 188 1465 610 3053 2361 3828
1103 1426 3411 2179 2574 3484 3709
12 77 147 965 1241 1597 3865
1219 1250 1270 854 2139 2270 2329
1165 1650 1973 2971 3459 3690 3693
273 2660 799 2544 2857 1924 4003
2787 2214 2346 3504 3575 3751 4012
101 191 1052 1566 1779 728 2837
290 1226 643 871 3219 1961 2205
25 1609 393 539 790 1963 3856
989 1358 510 852 2191 3294 1975
253 1284 1540 453 2746 3048 3177
1 1569 1719 1955 732 3045 2578
961 1127 1505 2721 3061 1984 2454
1369 1450 2128 491 3247 3372 2575
253 1440 498 3147 3360 4005 4007
10 197 1562 1838 634 2950 4029
666 873 2734 2744 2998 2612 3565
1326 2772 3099 3225 2076 2348 3693
125 1240 1926 879 2720 3372 3919
1348 2940 1930 2269 2329 2655 3799
191 1660 1670 1884 652 3373 2238
11 1319 1535 2174 537 3006 3137
94 1252 1382 706 718 2983 3526
192 260 1276 1852 800 2681 3921
1077 1268 1362 2007 774 2022 3765
102 211 1134 1317 767 3200 3716
1492 1803 534 615 2360 3531 3892
1875 2831 3418 2350 2359 2586 3441
0 47 136 1364 1369 3389 2593
258 1509 1681 437 3053 2089 2099
1612 1725 2508 573 3797 3148 3628
181 1571 2810 2920 1974 3883 3940
1287 2171 2247 865 2582 2080 2098
243 1213 1285 1318 2124 3879 4033
236 637 957 1145 1434 1694 2359
1018 1462 3961 884 3748 3863 3868
174 1678 748 2984 2349 2638 3811
232 955 1718 3100 3128 3426 3513
1064 1270 1524 1722 866 2151 2924
69 995 1053 1608 435 2762 3631
909 1361 1469 1943 2476 2630 3801
243 305 1547 1700 2135 817 3860
1470 1529 694 769 2556 3588 3591
40 345 1004 1489 498 2964 2727
136 566 1585 2338 1925 3648 3673
1234 1311 2836 2942 3041 2611 3585
47 1415 2660 551 3428 2168 3641
33 1473 370 832 2125 2761 2505
220 403 558 595 2058 2321 3754
331 574 3501 3272 2488 3945 4005
93 1006 1728 2511 2282 2079 3720
979 989 634 681 2345 2388 3955
2071 2267 501 811 2728 2791 2792
70 148 1012 2247 3151 3415 2131
1215 1308 791 2291 2429 3680 3801
2838 1245 1631 1784 3115 2229 3581
1163 372 748 849 2248 2607 3689
1495 1857 2458 520 3149 2110 3469
233 3003 816 3872 3062 3398 3423
1728 1973 2419 2955 3235 1969 4012
1055 1324 2042 2597 2330 2541 3793
1508 2246 2797 2807 2453 2484 3580
155 1305 1908 2451 2555 3294 2083
606 1772 721 3756 2815 3181 3904
935 1350 605 3016 3056 1987 3509
1280 1651 2284 442 2132 3321 2566
1244 777 3165 2698 2208 3467 3477
463 2896 3047 3392 2185 2599 3654
67 1378 736 2642 2178 3473 3616
1074 1494 1598 1904 455 3075 1950
2111 2649 550 3336 3363 3411 3909
9 651 1538 416 3118 3490 3972
1093 1635 534 3134 2119 2358 3690
337 1469 1608 2730 3198 2323 3557
1414 1536 1848 2417 3217 2192 2370
270 1581 618 2884 1985 2160 2275
1173 1449 1839 2798 3116 2075 3913
5 47 1638 3041 3364 2335 3780
131 1706 1714 1906 861 2994 3082
1687 2516 2757 1950 1990 2323 2621
113 1291 1842 2502 2914 3180 1978
1340 1485 2194 2304 2312 3557 3671
1289 754 785 857 2787 3246 3638
1544 1819 731 2394 2232 2235 3469
4 63 100 1510 2319 3380 2367
82 1607 1672 2087 2604 3468 3532
1371 2529 383 397 548 687 2306
5 3151 3286 1921 2238 3664 3667
182 199 734 2315 3161 2233 3894
52 290 1590 2840 3059 3715 3755
1197 1338 2709 2527 3655 3777 3959
1059 1144 471 505 550 759 3908
927 1098 1114 673 2695 3802 3960
1536 3561 3184 2172 2652 3841 3993
1585 735 2721 2864 3185 2146 2308
907 1454 1498 2710 2216 2339 2430
1201 522 548 813 2976 2706 3981
337 1235 727 3050 2067 2480 2553
248 322 1496 372 747 3013 3717
76 823 2221 3446 3451 3458 3883
1899 752 2077 2539 3455 3462 3755
70 230 1278 1671 2721 3283 1985
1065 1487 1816 2121 2441 2628 3492
296 317 1093 1170 2211 2305 2350
1665 2910 3051 3152 3267 2321 3582
142 952 1571 632 827 3010 2158
1135 1725 407 765 3361 3443 3489
88 2838 651 2666 2745 2973 3734
267 863 2999 2737 2634 3463 3534
4011 2813 2841 2094 2227 2503 3887
1366 419 2285 2994 3423 2208 3833
117 262 445 593 714 748 3923
1078 3989 859 2372 3024 2549 3566
1346 398 412 704 3132 3388 2185
1482 1951 2636 759 2746 2808 2375
163 1796 1831 448 2739 3327 3854
936 1241 599 3372 1964 2466 3934
905 1043 1162 1211 875 2720 3268
2932 3081 3232 2008 2034 2528 3945
1426 1753 3043 2200 2261 3786 4034
1172 1712 2816 3306 2066 2425 2602
1038 1389 2468 2877 2972 2361 2393
976 1067 1417 1565 1789 891 3807
198 1051 1119 489 837 884 3261
668 719 2252 2261 2383 2523 3639
99 218 1043 1333 643 2067 3696
242 426 665 846 2130 2271 3968
1279 1694 2143 375 3877 3282 3423
355 520 2669 1936 2460 2541 3954
1254 643 2967 3335 2274 2405 3474
288 1042 1451 3257 3383 2035 2513
1027 1409 1650 2787 2993 3340 2098
1182 1848 2647 2684 2100 2357 2634
1235 1448 1498 519 2710 2954 3125
2268 2273 2214 2366 2370 3930 3944
12 2002 3334 2121 2249 3811 3920
99 965 982 986 1700 3042 3875
1275 2751 2846 2899 3271 3367 2108
278 526 1376 2512 3099 3161 3411
3361 3174 2240 2446 3451 3617 3748
297 580 1240 405 654 731 2944
1021 2704 2351 3037 3183 3374 3696
138 966 1448 3420 2582 3119 3189
151 1327 1370 624 3592 1942 1992
1038 1455 1717 1824 3149 2123 2528
85 1308 851 855 2241 3124 2348
86 1331 1478 1824 516 1966 2422
40 261 1333 3359 2008 2580 3867
31 302 1087 1663 2649 380 2886
5 1282 1436 490 578 2793 2994
1025 1382 1394 1625 1772 2826 2231
259 567 662 2944 3427 2220 2340
133 154 1276 368 1937 2427 3915
1643 375 2496 2741 2891 2596 3857
1178 1440 3263 2338 2294 2969 3523
1274 1577 450 1916 2031 2638 3588
985 1527 1578 2368 2468 3438 3882
70 1388 661 3304 3058 2499 3909
58 1483 1723 2533 355 2725 3664
1672 2979 2902 2209 2212 2316 3951
27 2814 1267 3410 2794 3015 2645
1462 1887 628 778 2795 3427 2414
1623 3020 1992 2321 2537 3438 3835
1544 442 604 740 3609 2083 3833
1205 2734 2764 3132 2620 3764 3887
1238 1817 2764 2676 3333 2658 3570
318 1184 1688 2737 2749 3714 3977
89 186 1462 403 2944 1952 3464
580 1283 2888 2905 3277 3781 3811
304 1151 2254 2798 2980 3309 3493
1587 687 2941 2715 3182 3300 3321
1197 1274 1388 1449 1734 3203 3995
30 1476 1506 3163 2118 2536 3604
1202 1457 2845 2565 3457 3486 3831
1232 1267 1530 401 415 3387 2599
99 1249 619 654 3454 2197 3551
1458 4011 2256 2634 3510 3513 3996
1016 1039 1097 1245 2958 3353 1942
43 1454 1498 788 2125 2786 2983
960 977 1216 1814 3202 3757 3953
622 2927 3037 3087 2379 2495 2632
281 947 1155 1893 1906 394 2595
1650 1663 1677 408 604 2809 1923
1556 1723 2267 2196 3336 1931 2165
51 577 718 784 2994 3326 2541
1039 2511 2640 615 3233 3074 2646
51 1184 1712 795 2817 3330 1921
1776 846 869 3409 2736 2893 1925
1506 597 2931 3431 2234 2577 4016
923 1162 701 738 2908 2936 2366
1054 3258 2761 2917 3279 3293 1988
742 3877 3276 3291 3629 3800 3835
26 1274 2583 472 2026 3367 3708
1099 1197 377 3577 2273 3084 3448
114 1760 412 3280 2094 2095 2119
27 1510 1756 2647 2775 2714 3148
1413 1445 1542 795 2712 2170 4037
99 1203 1713 514 2758 2879 2411
307 1818 2018 575 2795 2109 3714
282 1196 525 3217 3395 3707 3780
924 1818 673 2907 3056 3778 3941
1228 1610 2461 3195 2000 2067 2658
73 1003 1157 1175 1857 2458 3451
329 427 627 2690 2832 2300 2655
111 1586 2445 3261 2146 2366 3584
303 1329 3157 1918 1931 1946 3662
95 1136 1274 2413 3187 3384 2230
1016 1377 1686 1703 894 2942 1996
900 1722 390 3980 2843 1980 3530
2199 2649 444 587 3072 1999 2277
1066 1376 691 3190 2261 2446 3623
1679 1880 884 3067 3145 3496 3846
996 1075 1217 433 2707 1923 2334
254 1298 3886 2558 3530 3608 3923
99 124 1168 1747 1899 3073 3691
1509 772 2730 2961 3078 2331 2548
5 1480 3093 3247 2207 2271 3629
95 1216 1454 2117 412 1925 2480
1421 2225 3289 2720 3368 3415 2050
1496 3271 3337 2011 2286 2624 3854
71 92 1792 1916 2313 2415 3679
145 365 3130 3157 2610 3575 3629
1156 1403 2223 2419 2943 2382 3919
2143 765 1947 2879 1966 2182 2546
902 1630 1806 783 3140 3772 3911
1050 1229 1502 1711 1803 3440 2766
1716 881 2884 3083 3378 3392 3622
82 1826 1903 554 626 725 1924
30 182 1753 2679 3131 3148 2150
1264 1671 679 3525 2827 3514 3969
1570 2756 2829 2981 2985 3132 3919
1411 1902 778 2952 3220 2077 3749
919 1239 1608 384 874 3380 1928
569 1941 2788 3108 3172 2576 3852
1000 411 3055 3177 2092 3507 3776
1005 1402 2732 3125 2070 3471 3983
1059 1724 850 886 2642 3500 3902
112 1049 1280 1326 1527 893 2178
87 129 927 3242 3288 3595 3856
30 90 181 1590 1810 2738 3465
1093 1911 3011 3085 3098 3199 3914
124 1369 1530 832 2399 2987 2374
19 75 1347 1844 2144 2907 2324
46 1116 652 2555 2448 3758 3949
363 3392 2452 2659 3439 3838 3976
1209 1415 656 3677 3034 2946 2353
1239 1348 712 3386 3017 1917 1978
900 1409 1836 844 3332 3457 3693
98 1172 1580 2705 1942 2271 2554
153 263 1225 1538 1616 390 3920
627 795 843 3501 2290 2402 3654
335 2779 2798 3293 2202 3714 3738
821 3042 2229 2480 2528 3574 3739
36 1408 1796 556 2764 2470 3687
351 452 542 3059 3362 3379 2058
4 116 1252 1830 384 3360 3850
944 1729 1911 550 3131 3266 2382
1075 1213 1438 1447 1637 3328 3046
44 96 200 1523 2681 2044 3512
75 1339 1637 643 2049 2245 3675
1074 1414 3741 3385 3056 3584 3940
167 1639 2475 794 2743 1989 3696
240 1636 1646 2194 2687 3084 3221
1828 862 1959 3052 3246 3613 3813
1125 1322 1581 779 3421 1965 3503
78 113 1341 2054 524 2961 3969
147 1363 1384 1715 2786 3063 3581
434 543 760 2827 3130 3267 2222
16 126 269 288 963 1654 1809
1158 1179 1635 2293 2920 3817 3915
218 1871 500 742 2420 1934 3687
284 3003 1484 2892 2233 2462 4006
64 116 1018 1424 1653 3163 2046
205 280 1082 3129 2255 3480 3812
173 1117 439 889 2726 3066 2317
428 1593 761 895 2773 2595 3630
99 1471 2589 2982 3109 2019 3884
985 1415 1605 1634 700 3405 2410
283 483 1210 2176 3012 1983 2569
194 1098 1304 421 2352 2628 3732
272 1366 1864 1885 2660 891 3258
1371 1568 1655 1926 2891 2957 3627
324 1280 833 3140 3199 2464 4002
1105 1171 1745 736 2965 1919 4014
72 280 1208 1646 2194 2070 3635
542 2668 2750 2044 2363 3663 3999
1060 1676 1721 862 2915 3330 2558
1354 1527 393 2705 3030 3142 4028
1284 1800 889 2664 2890 2957 2416
196 1159 1309 1391 351 1941 3775
1449 1622 1733 1864 1995 3059 2233
47 1257 450 657 2670 2858 2041
366 1352 557 3961 3637 3893 3933
1293 1585 1802 1818 2547 2944 3449
286 1885 2024 3092 3180 3318 2303
1168 1486 694 2716 2503 3445 4016
1611 1812 3332 2409 2506 3761 3801
1456 2724 2145 2492 2585 3862 3868
563 1175 1374 2174 2629 3083 2536
2007 2708 3204 3368 2428 3665 3878
293 1445 2642 2742 2859 3203 3362
2267 558 2241 2747 3270 3428 2097
425 598 866 2695 2772 3519 3876
132 202 1644 1781 602 856 2258
208 925 1800 3015 3812 3874 4009
936 1546 3140 3144 3308 3610 3679
199 1068 1829 1867 3023 2019 2130
97 999 1755 441 3397 2646 2656
1481 1867 2850 3359 2245 2381 2448
295 942 738 2573 3443 3508 3768
1382 1419 443 2886 3431 2581 3584
43 1137 456 743 2890 2207 3875
925 556 1949 2079 2318 2568 3995
428 1168 1258 662 2790 2258 3482
176 1633 3409 2667 3358 2326 3893
1249 1471 1588 540 2519 3321 2334
1287 1376 2313 2392 2564 3634 3747
67 236 1486 482 2779 3543 3855
1024 464 402 403 717 3741 3317
1344 1822 550 646 3245 2973 3537
160 1430 1776 2268 2417 2828 2290
540 707 821 2975 3081 3303 1952
265 2319 711 2680 2766 3219 2182
1305 794 2941 3082 2243 3498 3675
190 973 1041 1181 2660 2853 2606
94 1452 870 3886 3038 2029 3526
916 1083 1774 2665 2945 3312 3630
1477 413 846 3006 2623 2634 3824
1017 1881 461 3024 3060 3500 3718
1390 1614 1659 1694 2133 2689 2987
452 2688 3032 3169 3352 2305 2346
187 321 1638 495 2945 3365 3694
276 1693 2028 2714 2952 2650 3700
915 1153 1753 2102 2571 3304 2051
1411 774 2674 2973 3312 3389 2083
1823 2302 2440 2476 3661 3735 3976
1292 1619 1819 769 3070 3253 3315
297 310 1634 858 3069 2443 3800
123 270 637 954 1180 361 3515
156 1356 1456 1880 2378 525 621
1175 846 2820 2825 3293 3802 3883
1185 1613 565 2998 3390 2017 3494
73 193 3173 1735 3304 2873 3569
968 1397 1405 1719 620 745 3218
640 755 2851 2216 2248 3758 3969
1277 1723 2571 1916 3090 1963 2412
14 950 958 1407 2748 3524 3967
1370 1371 1782 868 2668 3635 3738
186 359 2332 2295 2927 2096 3880
1376 1615 1719 2884 3305 2098 3445
1319 1322 2538 670 2148 2969 2095
909 409 628 863 3750 2837 3251
1333 2224 842 2070 2276 3513 3610
70 475 1670 568 760 2584 3859
412 804 3248 2947 2301 2532 3549
649 1192 1661 379 3127 2178 3808
110 156 1706 2458 2650 3576 3640
1597 2458 3386 2693 3431 2427 2479
333 1526 1712 1791 3292 1971 2136
1772 557 650 714 2468 2114 3781
970 398 2185 2166 2341 2525 3967
978 1301 1638 2913 3144 2400 2558
948 1272 1976 762 829 2034 3477
1393 2921 3093 3108 3138 3743 3776
987 1125 1652 2649 2769 2217 2631
1117 1660 852 1914 2089 2272 4022
103 1042 2398 530 718 3656 3734
1476 1506 1588 2143 3540 2795 3789
242 1293 1528 500 879 2096 3706
1912 687 2794 2973 3167 3608 3796
306 1077 824 3164 2063 2221 2558
1416 470 653 2255 2342 2523 2614
2384 2704 524 2456 3765 3774 3928
641 1448 1578 2533 827 3540 2986
1802 1841 2241 2716 2330 3842 3899
994 1387 2543 511 661 2588 3415
2289 371 2770 3145 2141 2318 3768
679 3948 2876 3086 3415 2063 2481
1239 1325 1812 1921 2030 3729 3955
1422 1510 2042 1979 2270 3528 3668
57 353 1469 2762 3096 2553 3573
50 1056 1945 3353 2105 2214 3758
8 1434 1842 628 2803 3510 3814
3057 3289 2582 3060 2034 3760 3834
1066 1428 1629 411 849 3141 1950
946 1378 1487 2009 768 1994 3720
334 970 1102 1329 2776 2811 3619
8 387 683 648 2344 2851 2525
1335 1650 2640 397 3079 2222 3915
1244 1743 652 611 616 2530 3761
12 1055 1103 459 2761 2871 2011
202 343 1328 1335 412 2766 2446
1159 2636 770 2864 2940 2482 3912
2571 624 2904 3103 3363 2462 3782
191 1103 1185 1663 462 3236 3516
247 606 1874 2800 2887 2637 3773
336 1064 1310 1457 2905 3103 3529
249 789 2246 3161 2345 2574 3598
293 1780 1890 3284 3362 2631 3614
299 990 1122 1145 670 1970 4014
1323 415 2688 2980 2480 3805 3856
330 339 1185 1722 3412 2746 3102
10 2555 2719 2909 2441 2587 3898
918 3062 2871 3146 1960 3644 3952
1153 1375 1770 528 545 3278 3109
929 2461 748 3102 3120 3351 3705
1123 2509 2544 3021 3236 2181 3591
1148 489 680 2778 2911 3307 3848
908 942 1224 730 2671 2894 3463
651 1327 1407 1733 1867 840 3118
56 1101 355 429 3302 2450 3531
1349 1848 385 2725 2742 3038 3566
1051 1712 405 611 760 3056 3635
318 636 2723 2987 3022 3234 3522
1250 1534 1901 775 2872 3380 2312
910 1304 2719 3317 3368 2043 2201
1364 1544 1554 1811 496 3886 3772
2004 438 631 2950 2245 2554 2572
1448 1586 659 767 3132 3670 3816
177 930 2093 2373 2557 3646 3661
29 1301 1451 1658 3962 2431 2473
1873 457 2738 2492 2580 3475 3875
1512 1604 1861 396 3692 3240 3243
932 1364 1643 1654 3721 2273 2709
239 915 1613 434 2689 3399 2388
1738 1899 2642 2685 2296 3503 4032
19 320 913 1570 2081 811 3761
1291 1302 2267 3525 1947 2720 3155
1496 1862 1893 2945 3043 2356 2659
1890 758 776 2516 2687 2815 2269
899 1195 2183 2787 2505 2658 3632
269 556 3989 870 2294 3201 3392
15 58 1005 891 2731 2896 2031
422 2941 2943 3002 3572 3654 3818
1203 1277 1827 831 3039 1962 2648
1153 1445 1635 1849 2134 3155 2216
53 327 3290 1407 1649 749 858
1245 432 2026 3191 3214 2318 3668
923 1170 858 2674 2397 3708 3941
140 174 1265 1692 2283 807 3913
913 1307 491 749 3305 2029 2621
1412 1536 661 787 3032 2599 3702
8 348 1202 1266 3552 3590 3822
1739 1794 1868 695 2987 2388 3616
958 1216 569 2468 2868 3209 3270
906 2111 2769 2044 2210 2412 3862
299 1001 1251 1479 754 3267 3516
284 1569 1734 464 872 2516 3439
1322 1599 2636 577 632 3659 4018
289 1019 3633 3154 3255 2124 3619
1819 2468 3417 2023 2218 2435 3572
251 1562 804 2773 3004 2103 3679
312 916 972 877 3170 2301 3820
938 1178 1823 2970 3262 1957 3998
271 1465 2472 464 599 2705 2473
288 1030 386 680 577 2210 3816
1620 2458 638 3454 2343 2908 2550
1021 1349 2529 439 2676 2798 3824
637 1489 2384 2851 3129 2097 3844
1650 1810 589 2700 3158 3699 3722
1081 1665 691 750 3077 3180 3809
1096 1322 1445 2827 3560 3619 3981
67 112 915 1139 1148 2941 2947
1171 387 461 3501 2866 1987 3728
1385 1798 3255 2452 2540 3881 4007
180 1177 1282 1727 432 2466 3733
173 188 2284 2975 2166 2632 3737
961 1012 1321 487 3677 2328 3945
967 1180 1282 1328 1376 3645 3854
1033 727 2687 3224 2435 3615 3719
1422 1758 1794 406 3357 2474 3659
342 940 1842 468 3111 3318 3687
1399 1594 707 3331 2134 3716 3772
930 936 1098 2199 755 2800 3364
318 989 1464 2583 3091 1935 3871
234 1184 1198 1547 859 3349 3481
247 1376 1794 1866 390 3190 2539
1183 638 2351 2954 1993 2092 2641
141 1255 1401 352 833 2163 3296
961 1008 1616 755 782 3367 3946
1531 1631 402 688 3061 3424 2639
1869 2138 3797 2802 3183 3369 1924
1631 2538 679 823 2134 2771 3683
1002 1006 1401 1756 1853 2592 2092
1190 2617 581 2365 2619 2646 3789
163 203 1398 1574 1783 2994 2015
1410 1878 2459 3872 2759 3174 2229
109 1230 1301 468 2805 2967 2318
1031 1484 1503 2681 3161 3657 3839
139 390 2787 2866 2173 2652 3516
1461 1858 399 672 3162 2272 3957
1053 2268 714 2675 2757 3432 2113
1348 1523 442 2616 2665 2307 3531
925 1149 602 2821 2930 3172 2604
291 1351 1561 1775 359 688 3028
1711 1762 2153 458 2003 2095 3683
1500 370 1967 2898 3236 2218 3605
1662 768 2738 2965 3032 2019 3772
903 958 504 572 2851 2969 4022
38 651 2472 578 3961 879 2837
1515 2072 699 784 812 2961 2397
233 1093 1679 694 2842 2006 2439
188 1962 2140 2334 3563 3809 3906
970 2494 598 2771 2799 3007 2252
1282 521 720 3350 2314 2623 3813
189 1106 1604 1911 796 2747 2984
1329 1425 2663 2896 3058 3512 3669
1040 1275 1425 2983 3286 3553 3583
301 413 658 2206 2218 2525 4034
1627 2830 2860 3190 3194 1958 4013
267 1807 2009 2436 500 817 2868
223 1021 1751 2872 3247 1952 3653
335 1769 1858 2609 3194 3302 3459
78 1451 1515 387 458 2369 3470
954 1139 1217 653 3211 2457 4022
198 3388 3391 2574 2577 3834 3889
991 1010 1440 370 2567 2964 4028
1761 1998 738 3355 2850 1992 3718
1379 1746 728 3412 1920 3352 2450
95 1147 1433 1493 2224 685 3033
305 1890 2247 3002 3032 3094 2455
157 1114 1668 787 3068 3252 2415
953 1274 2398 2285 2779 1933 2070
1813 2362 2396 2611 2630 3462 3608
933 1140 1280 1859 674 3886 3287
1119 1390 1622 2157 3267 2219 2549
179 1033 1578 665 2101 3089 2404
275 301 1172 1711 3495 2905 2316
342 614 720 743 2240 3571 4009
1896 430 558 734 773 3524 3543
1079 1474 2640 2849 3416 2156 3722
1662 1709 2111 377 3454 2545 3785
1504 2180 2224 3263 2154 3494 3730
145 1521 1651 2116 378 2984 3384
2378 3577 3276 3394 2056 3499 3968
1373 1454 3140 1914 2416 3764 3795
1339 1674 564 2794 3037 3184 2558
325 1232 725 2726 3048 2269 3629
682 2745 3049 3243 3299 1999 3919
172 222 1810 818 2926 3307 2290
120 596 1151 1728 861 3261 3336
1323 1368 1526 1627 391 882 3955
101 149 1371 3487 3013 3809 4012
1489 1769 1932 2065 2162 2304 3899
239 1798 2350 3732 3742 3853 3953
1105 1245 771 3304 3033 3690 3931
232 1403 2127 2463 782 2328 2902
1342 1543 1645 418 3406 3459 3807
1496 1620 495 624 2855 3060 3416
312 1025 1293 2723 2340 2434 3460
1045 1309 2899 3189 3316 2088 3846
921 1144 827 2817 3010 1957 3499
159 946 2247 592 635 2290 3718
938 1084 355 749 2351 1960 2366
956 1245 1704 482 2752 2772 2079
308 1724 3943 2889 2960 3407 2166
106 934 979 1774 503 3541 3947
31 32 1164 1366 1726 581 2537
83 1141 357 762 3314 1983 2595
270 913 1476 1478 848 3495 3151
353 374 703 828 1920 2591 3507
2814 1336 1339 1875 1893 2587 3573
345 1335 1568 3258 2938 3210 2603
235 1419 1880 2902 3297 3309 3563
2814 1489 355 3057 1948 2827 2871
161 281 1616 398 666 2735 2160
350 352 636 2746 2961 3515 3568
1848 2962 2995 3146 3414 3468 3574
21 1102 1824 2886 2126 2205 3810
19 133 1039 764 3178 2965 4012
1395 1972 669 3165 2949 2244 3729
9 1484 1796 692 2442 3814 3940
1085 1256 1861 3295 2164 3523 3699
482 3319 2882 3252 2115 3496 3557
1437 355 2825 3007 3219 2073 2375
975 1626 1828 608 719 830 3430
141 1972 2319 2458 2132 3211 3971
1249 1409 391 772 3450 3461 3708
251 985 1395 1398 1538 3031 3836
227 732 3851 2687 2774 2780 2139
209 1175 2529 387 3153 2209 2444
258 2838 978 2598 3143 2170 2414
483 1466 830 2948 3061 3074 2312
1000 1272 3137 2240 2539 2614 3898
994 1248 865 3048 2205 3671 3821
80 1554 535 582 3042 2572 3752
