104 1614 1667 394 541
1438 700 1934 2156 3900
374 739 2679 3025 3152
911 1072 2729 3411 3415
1207 2865 3306 2350 3852
253 324 2563 3601 3816
273 1042 2284 2918 3075
336 1239 3105 3314 3907
70 1343 3402 2360 4014
73 2081 3096 3229 3975
856 2774 3199 3543 3644
1271 1769 453 671 3249
653 784 2567 1990 3522
2471 2726 2898 3132 3612
3409 2729 3197 3720 3941
978 797 3070 3151 2152
919 1411 2822 3114 3432
16 612 2368 3388 2208
5 1951 3087 3117 3554
609 2031 3604 3987 4017
2635 394 3176 3394 2121
1274 371 740 2929 3092
1283 1457 1502 2669 1989
1939 2745 3096 3544 3657
979 1216 1583 1610 1990
380 2755 2875 3151 3563
1383 1439 480 3485 3564
141 629 1108 1599 1667
2042 700 3750 3481 3748
1296 437 3193 2411 4032
2491 387 804 1944 3669
332 718 2922 2365 2556
1183 1505 3429 2155 3767
1098 1338 1650 3084 3428
339 1108 3797 2416 3584
559 2913 3314 1922 3735
3626 2896 3346 2361 3641
61 475 1313 3270 2651
912 1595 3040 3080 3815
877 2904 3200 2446 2541
160 761 2810 2314 2412
1860 421 3017 2013 2154
367 505 594 2968 3473
370 754 778 2310 3819
1043 1646 469 632 2034
1626 762 2017 2370 3840
943 2660 2966 3402 3972
100 2143 626 2827 3802
1349 761 2929 2048 2297
248 287 718 3768 3843
151 254 1177 471 756
87 898 1062 2923 3280
1035 1382 1523 3300 3453
186 264 2027 1920 2056
2047 2125 2501 2930 3805
1132 1246 1868 2945 3985
231 1080 1120 2189 3621
1399 2742 2937 3104 3821
59 60 2838 2813 1936
538 1493 373 2134 3261
1270 2501 2730 2824 3255
1492 2491 2742 2766 2600
318 3861 705 3412 3863
1778 644 2567 2055 3465
600 3006 3035 3300 2487
170 249 1045 1604 2172
151 330 2047 2764 2146
302 978 1420 2033 3546
902 1542 1852 423 2370
1732 372 390 620 3285
874 2916 3045 2341 2448
1327 3238 1949 2334 3811
116 972 624 2229 3532
555 2555 3353 2188 2590
1068 2771 3018 2088 3445
1653 1883 673 2732 2084
1503 1606 818 2414 2426
1038 1131 2246 2751 2506
1783 825 3021 3345 3771
1218 2836 3043 3581 3921
341 1204 1834 2247 3811
929 503 3437 709 3527
1080 1221 1542 866 3529
956 1891 2458 3182 2483
1074 1583 1641 2886 3204
1432 1875 879 2691 2069
47 283 2965 3317 2490
968 1423 1474 2423 2437
1558 388 2465 2862 1936
49 1347 2094 3599 3938
1040 1046 1300 1392 1501
296 538 1106 2142 4026
1615 1662 1804 2673 2429
48 2203 432 723 3584
193 982 2399 2761 3151
911 1495 2023 2238 3574
1010 1619 1758 2886 3927
2 1187 1479 3187 3292
1338 1542 499 647 3977
275 3248 3088 2507 3655
73 107 1617 2369 3680
1087 2754 2274 2515 2655
158 3961 3041 3105 3358
152 994 1814 766 857
920 1747 1863 419 3203
1567 473 3175 3769 3862
1404 2133 513 895 3089
2071 758 2702 1971 2503
1060 1754 1908 510 3860
1754 377 2029 2100 2438
1434 1862 2117 373 3655
1051 1576 3162 3627 3955
952 1635 2778 3611 3804
1894 451 2717 2218 3511
1013 1869 864 888 2618
55 276 566 919 2416
1731 497 652 3165 2409
1431 2039 3454 2703 2096
110 955 458 2809 3964
1244 1414 1876 3251 3374
353 1026 1643 2297 4023
1481 1502 564 2681 2022
146 1339 737 3680 3764
1030 1057 3013 3293 2161
1706 2676 2920 2234 2525
2979 1947 3175 2308 3701
1006 1733 2506 3656 4034
417 2698 2113 2358 2628
480 3209 1975 2524 3439
975 2065 2761 3695 3808
104 1284 784 3077 2556
1079 2327 3756 3185 1965
1201 1472 2886 3026 3942
175 210 1096 1513 2621
1036 1230 1675 2571 3420
779 2933 3050 3066 2076
1004 1714 431 491 3152
3290 839 3741 3355 2520
526 1269 1454 1648 3764
281 1174 1676 792 3458
1495 579 2316 2484 3531
1008 1359 2279 666 2091
1498 678 2293 2101 3053
65 332 1476 1521 3072
284 1510 450 512 2850
246 3404 3158 3381 3810
1521 465 3223 3291 2140
1000 2337 393 740 2141
24 926 1022 2606 3783
931 1581 2791 2030 2181
2660 449 2859 2230 3699
301 651 1330 1379 3008
64 294 1887 656 3460
35 1150 1182 1502 745
1203 1963 2467 3669 3922
1235 581 723 2065 2013
106 1056 683 765 2948
1348 740 792 3517 3607
1206 586 2962 2092 2195
143 1061 1390 1517 556
157 1708 3232 2497 3950
256 822 2889 3334 2593
926 3357 1950 3890 3904
424 855 2646 3892 3979
1162 1976 572 3187 3870
11 1439 2846 3751 3832
1287 1754 794 2825 3086
393 458 2734 2861 3658
55 1868 2351 3141 3332
254 1195 468 670 3275
183 1000 1905 2399 3334
1167 1831 539 2999 2738
1353 1502 443 3551 3640
116 614 2887 3223 3875
899 928 1405 2958 2488
979 1154 1340 880 3068
296 1408 876 2698 3145
332 1456 761 3040 3431
3677 2824 2898 2383 2572
196 333 1611 3408 1914
3280 2578 2595 3503 3801
1556 2127 893 2421 3500
1718 2672 2803 2987 2424
1124 388 1947 3558 3835
222 323 1326 1378 2344
2867 3426 2586 3466 3758
1246 613 624 3580 3793
1276 2018 2662 2477 2521
70 1425 3369 1938 1980
1042 1098 2134 2434 3757
947 1054 1537 375 3825
239 1278 2943 2423 3704
912 1343 3206 3602 3917
1056 1604 406 2718 2121
97 3290 1537 2665 3753
1556 352 2786 2970 3887
1054 1093 2870 3465 3965
2949 2076 2405 3483 3549
1149 1225 1425 512 3991
1479 2168 2237 2541 3542
1338 1668 2848 2261 2630
406 3494 3789 3910 3912
1055 1153 1616 3209 3689
1101 1857 2253 3718 3993
1026 1423 554 3062 3974
203 2629 3454 3341 3825
430 628 786 877 3615
1044 471 645 824 2899
1063 1363 1901 2963 3327
1821 2784 3108 3337 2497
1035 1793 676 776 3580
1201 1270 2191 2945 3572
985 696 2182 2550 3883
1290 847 3111 2772 3285
962 1360 1842 459 3104
1696 3090 3480 3915 3936
338 960 3335 1929 2482
14 1649 1906 2394 3416
87 233 1647 783 3226
267 609 3054 3058 3421
2653 751 2981 2244 3481
63 986 825 3440 3740
315 2233 2449 3591 4015
281 465 2234 2257 3916
990 2939 1961 2277 2578
584 2530 2748 1944 3932
1400 763 2976 2687 2141
65 1336 1697 3162 2803
2054 3188 3574 3636 3817
1145 1427 2967 3330 2201
145 1544 2273 3359 2318
1322 1421 1650 1910 2706
1702 2533 608 2914 3169
111 1568 3750 2725 2658
161 1074 1153 2668 3325
118 1715 2782 2396 3856
323 1281 1358 1516 3185
1792 703 3156 2464 3458
1206 1360 402 2282 2354
1863 523 634 617 1929
1857 2855 3273 3519 3596
1116 1251 1284 1784 3008
1280 2754 3000 3281 2631
483 1038 1237 510 2905
1233 1517 2915 3221 1986
158 1863 2366 2644 3839
1591 830 2516 3562 3959
954 988 1341 2900 3695
933 766 2672 3719 4000
142 2838 1116 581 3154
213 307 562 880 3137
1 2547 2960 3815 3850
1050 1337 868 3075 2159
1187 1820 543 2540 3654
1435 1454 2141 2425 4005
41 844 3178 2131 3953
1140 1935 2360 3532 3542
240 920 2054 2956 3038
277 1614 1749 2234 2352
982 1780 3362 3531 3860
296 1622 663 733 3488
949 520 784 3779 2125
901 1784 2819 3090 3789
11 314 1384 3063 3526
676 2191 2896 3000 2346
76 172 1076 1341 3574
2000 3808 3810 3867 3937
1200 2062 2176 2762 2222
160 2212 2499 3483 3827
164 301 1144 3592 3603
1133 2870 3348 2467 3606
490 698 789 2964 2441
1502 1857 2984 2277 3702
1015 1266 1814 2717 3604
1466 2768 2858 3007 3279
414 933 2817 3364 3987
1303 2741 3395 2277 4006
289 905 881 1992 2262
1424 477 3343 2478 2499
220 1616 2249 2409 2646
1039 1324 733 1924 2252
1979 2023 2115 2164 3806
925 2039 2667 2350 2513
1433 1566 765 3863 3874
2510 3779 3317 3541 3731
1444 491 3388 3509 3799
1346 1623 2820 3399 3635
993 3057 2652 3655 3819
3961 753 833 2122 2613
1129 1696 2062 2387 3477
213 907 4011 3275 2345
1708 2789 3043 2257 2604
207 266 1475 534 2124
176 1522 1562 685 3406
1457 1868 2082 3476 3549
3027 3104 1918 2365 3632
86 1939 2788 3720 3765
259 1529 440 869 2573
1064 1120 1750 2083 3862
790 848 3064 2403 3560
1188 3345 3534 3799 3831
328 428 979 716 3740
2838 695 776 3834 3928
1096 1262 2063 3544 3732
938 1134 1434 3609 3733
1120 1499 2109 2231 3847
49 3124 3367 3676 3682
1507 1886 2199 2508 3728
699 832 2994 3234 3803
336 2629 473 2368 2495
283 1041 418 470 3559
25 990 1190 3027 1962
1840 3005 2351 2825 2842
953 2283 3328 2232 3977
1991 2169 3246 3781 3799
71 915 1233 2181 3914
842 2382 3569 3680 3921
1461 2436 2927 2630 3996
1668 3100 3314 2452 3673
1908 473 816 3424 3985
1100 1235 360 783 3855
1640 2720 2946 2645 3956
185 1412 1511 2398 3101
389 1200 360 570 680
319 1316 788 2534 3716
964 2732 3574 3787 3845
917 1606 1787 466 2403
902 811 3633 3133 3528
10 998 1609 892 3922
1854 461 698 2891 2525
335 1551 1900 3194 3443
311 1348 1828 750 3304
1211 1406 1812 843 3222
141 1293 2325 3570 3951
1023 1175 2102 3445 3880
1480 871 3165 2837 2392
201 215 1380 2377 3557
972 1499 2283 2073 3515
1039 2101 2753 3345 2305
1013 1546 1751 424 3221
1623 1663 2971 3205 3239
916 1545 2248 3616 3853
688 2916 3033 1969 3896
943 1757 2848 2453 3623
1336 1449 1846 1879 3932
987 501 683 2844 3570
953 1025 1644 2399 3699
1815 573 830 2696 2735
2459 567 2844 3574 3812
186 1939 3861 3193 3920
14 1053 1651 1671 2008
1114 1720 1863 778 3880
1078 598 2296 3539 3654
1366 1433 1478 1788 2106
155 1589 397 569 2570
161 1122 628 2698 3832
927 1089 1872 2538 2616
1432 796 2970 3421 2096
25 27 143 2650 3585
1693 2583 647 3067 3910
982 1311 2678 2227 3564
967 1076 1085 1819 3822
139 404 792 3614 3809
180 1095 1994 2033 3463
159 291 909 2761 3109
1572 1587 1838 464 4016
359 512 2210 2630 3906
188 1048 1114 1130 2914
1318 1600 826 2185 2339
921 1632 511 2709 3746
155 1168 1482 1563 3268
132 1273 2955 3294 3843
207 2125 1987 2428 3810
2538 849 1953 2522 3981
43 624 725 2800 2805
1564 3062 3155 3181 3991
928 1411 2502 3234 3515
1046 1911 3226 3700 3979
1905 473 854 2129 3865
65 930 604 3106 3985
1399 1635 892 3088 3219
1831 423 2562 3532 3620
3245 2828 3339 3403 2360
252 1601 1861 3243 3429
286 1444 572 1949 2252
1106 1737 755 2823 2919
1867 650 3264 1925 2521
249 3003 1678 3741 3784
1682 1833 3046 3088 4025
249 2948 3035 3196 2452
229 1154 3354 2214 3922
165 1129 1612 2459 1921
240 263 444 2586 3927
719 3392 2634 3549 3567
1457 425 2878 1915 2190
1015 1237 1394 497 3352
90 299 1673 3797 3351
1235 3194 2346 2446 3622
1298 1630 1855 2089 3686
974 1798 550 2822 2888
1165 1203 1422 1976 3202
1488 1802 3076 3113 3840
1861 804 3860 3873 3987
20 1267 2807 3053 3096
572 762 3254 2322 3818
2797 2827 2888 3434 3930
126 2024 443 2781 2871
225 3086 3221 2622 3700
223 918 1335 486 3979
991 1413 2668 2929 3715
343 2026 2616 2840 3425
260 2543 646 2978 3322
2475 751 838 2823 3706
335 2905 2947 3439 3482
611 2295 3009 2121 2506
1490 640 3199 2435 3671
1253 1619 2729 3370 3822
3525 2985 3113 2658 3464
1042 550 784 831 3696
1513 2831 2097 3464 3659
964 1905 2861 2428 2610
1271 532 883 2248 3485
177 1748 1792 3429 3793
1728 2529 2803 2482 4028
336 1349 782 2151 2367
55 1002 2161 2271 3470
1094 1469 2801 2082 3959
141 420 956 3243 2159
1048 1659 612 2023 3703
167 734 2702 2779 3132
1224 746 2062 3180 2192
1391 1829 438 746 3696
199 541 684 2141 3484
1789 2704 2745 2005 4010
1753 490 2978 2140 3817
459 2887 3239 3416 2097
269 656 742 2170 3672
1308 1528 2547 1942 3950
118 903 1502 889 3057
249 1147 1531 2289 3618
1701 415 2674 1963 3493
1 1892 1919 2317 3726
1638 525 710 2795 3485
994 1300 769 1928 2426
1069 1387 2734 3343 2381
1100 1207 732 3271 2405
2384 575 797 2321 3502
420 2589 504 3134 3301
2024 746 3872 2527 3471
196 205 418 481 2418
977 1701 2614 3458 3920
1760 2770 3251 1957 3484
1564 1825 504 3235 2316
2081 2445 467 2015 4038
98 1729 621 2991 2478
931 989 1320 2923 3544
1259 2871 2114 2562 3588
227 3677 2770 2218 3808
1034 450 2759 2648 3969
1087 1851 3013 3087 3130
1000 1733 1764 3217 3548
1184 2225 834 2863 4023
1190 1432 2997 1933 2186
160 330 1488 2498 1966
226 1002 1186 2137 3927
318 1001 1262 822 3490
1502 1596 2782 2428 3685
278 3272 2340 2570 3997
278 1647 726 2903 2896
60 1064 1690 765 2229
3284 2193 2477 3473 3920
46 2758 2806 1933 3974
253 983 1057 690 2862
1696 2653 2661 2331 2403
1657 753 2939 2365 3634
1347 1429 1483 1600 1804
83 1019 1356 2758 3931
1062 1393 2083 3527 4003
198 957 3095 3419 3548
2922 3297 2313 2360 3646
963 3217 3227 2493 3815
1180 671 2916 3117 3775
1053 1178 1800 2028 2728
3082 1918 2156 2197 2421
2372 2823 2453 3622 3874
173 1046 1549 429 1966
3405 3557 3572 3590 3864
1858 3189 3351 2408 3547
648 743 3243 3325 3616
805 2869 2808 1977 3553
535 2806 2022 2231 2286
685 3440 2622 3749 3889
1082 1624 507 599 3775
1714 3058 2123 2602 3977
263 1215 1845 1873 2767
1364 1852 718 2879 3606
68 1788 890 3907 3936
1691 1722 1879 556 3018
848 3062 2974 3688 3996
1555 468 2155 1988 2050
1107 1628 435 575 3642
37 1322 625 2422 3887
81 254 1013 1798 3413
1042 1217 556 3208 3635
1426 1454 605 3071 4033
750 845 3427 2017 2514
1717 1786 849 2317 3736
126 1296 1910 774 2777
1157 624 841 3319 3634
1827 2589 2737 1935 2396
106 958 1468 2937 3004
2730 3113 2023 2232 3604
194 1184 1393 2782 3519
231 1309 3125 3244 2008
1267 2116 471 2943 3354
942 1515 2074 2208 3580
1173 1354 2723 3634 3660
1026 373 2706 2843 2580
943 2882 3207 2569 3594
992 3592 3147 3573 3667
88 2459 506 2377 2352
341 1089 2289 3577 3524
1062 1485 1573 1717 2980
1237 1913 2858 2357 2433
124 265 1239 3310 3590
271 2068 761 3324 3895
93 1002 1085 3722 3727
1228 1513 638 2669 3393
1099 1324 3684 2964 2562
1101 1711 1756 3105 3488
262 1600 835 868 2489
1016 690 2870 3634 3688
122 1946 2209 2228 3868
1635 1787 558 762 3837
901 982 1622 373 3612
319 1061 659 705 3300
1073 1200 1891 400 3531
184 293 1319 2351 3818
68 115 345 1242 2736
1760 804 3268 2386 2469
1148 1905 2846 2905 1935
1155 1274 2348 3706 3944
1837 2122 2474 3884 3922
1080 1877 2302 2878 2229
408 2873 2505 3689 3967
259 1840 3283 3906 3938
289 937 1600 3107 2362
322 1743 1894 535 2679
1164 1268 1544 1924 3867
483 1294 781 870 2418
1882 2812 2900 2322 3760
2267 417 739 2063 2536
1026 2268 694 2280 2600
272 1784 506 3129 3339
3 455 3515 3791 3939
1813 578 621 853 3492
43 948 2909 2958 2069
1044 1238 1860 2567 3907
54 232 950 1886 835
132 1363 1413 2947 4021
88 113 1742 435 3108
1345 1894 3017 2416 3660
442 3134 3197 2371 3657
1424 773 3692 3280 2455
135 143 1806 3165 3798
2018 665 724 3050 3820
197 1541 416 879 2675
1481 1536 1545 1919 3624
86 1143 1416 402 3036
1215 1837 3112 3451 3815
287 963 1029 2465 3612
196 1414 664 859 2544
181 208 1765 2880 3716
113 2928 3108 3679 3714
1089 1451 1759 2320 3604
131 926 1109 3592 2699
297 1008 1994 2710 3172
279 1482 372 857 2937
1504 577 2210 2321 3734
1882 2985 2046 2382 3994
1863 2018 3072 3234 2410
282 1260 3886 3963 4036
338 1140 1155 658 3110
36 1657 2716 3322 1984
243 1079 1755 2224 2099
556 869 2662 2147 3541
1103 1108 1287 614 786
16 1357 2215 3039 3775
958 1637 2149 2705 3905
1366 1446 2799 2147 2406
966 1022 1903 3052 3969
1391 498 608 3428 2288
1184 1483 2850 3572 3922
1160 817 3520 3881 3882
1452 2681 2923 2634 3450
979 3133 3166 2612 3988
1163 886 2985 3594 3987
1169 1228 1351 2583 3168
326 1692 3369 2162 3753
1458 1850 2154 3619 3657
1309 1388 2748 2909 2077
190 1145 3115 2245 2579
55 664 692 2176 2331
245 1479 1604 3057 3791
145 1173 2789 3155 3778
389 1722 1748 2990 3138
194 1871 648 2879 4020
1036 3877 2298 3143 3905
264 637 649 2938 2504
951 1494 505 2167 3574
286 554 2053 2363 2603
185 456 3213 2057 2222
1813 593 2485 3567 3658
420 1170 895 2271 2525
1422 1877 2106 2439 3438
429 2851 1922 2037 3778
89 1868 1884 411 2644
47 1226 1805 524 733
124 970 975 1332 2803
271 1230 2137 3172 3846
1317 3592 3335 2164 3791
1257 427 863 3346 4018
48 726 2736 2218 3834
22 1723 742 2632 3610
946 1219 1381 1411 3282
2239 2963 3311 1984 3623
45 1791 377 3909 3930
122 341 3034 2103 3709
381 3980 778 3154 3842
1707 1791 634 751 3676
145 576 2333 3277 3552
1324 1647 2952 2565 4035
236 1450 2351 2809 3579
281 1432 1897 2248 3696
952 1161 1190 1219 1917
1657 1902 814 3209 3395
1024 1665 685 2509 2884
1131 1238 1281 1817 3118
1522 1743 3207 3806 3871
295 656 2684 1914 2056
983 821 3063 2314 4022
339 945 852 3301 2060
1175 1475 2081 2370 3596
1149 2471 703 3353 2331
165 1010 1750 4011 2862
1004 1432 1652 3424 3612
1469 1592 2879 2323 3984
1892 612 3004 2226 3560
1318 2529 3404 2123 3488
1658 2981 3426 2136 2600
1418 1643 2157 1925 2361
1211 2254 776 842 2879
100 515 3227 3381 1936
277 1065 1209 3403 2390
1381 1671 1826 2073 3733
1070 1573 3057 2829 3184
609 760 3414 1930 2505
1426 1599 3097 2832 2015
1353 1562 530 2878 2280
353 494 2892 2687 2716
100 1709 2101 2667 3176
1530 740 3060 3743 3971
1081 1820 2472 3592 2928
47 3050 3402 2387 3477
12 1057 1195 2542 2473
1119 3296 3431 3447 3875
185 420 452 2093 2639
14 126 398 2762 3175
914 1701 2319 3306 2464
1695 354 374 3712 4037
134 1908 623 840 2140
162 1718 415 3182 3939
155 2976 3187 3724 4024
1464 2776 3928 3991 4025
11 1576 1751 1957 3534
2052 3184 2340 2562 3995
30 278 900 2203 2473
1244 525 2732 3212 2131
173 214 1125 3961 3466
28 1248 844 2049 3642
2864 2945 3023 3382 2348
1727 374 2399 3292 2386
1654 1888 869 2935 2977
1243 1768 656 594 3336
1173 1636 816 3286 3800
1608 714 3059 2242 3995
1520 1578 683 845 3158
17 1511 812 877 3236
1130 1575 2225 396 2928
606 1353 412 2857 2934
1084 1280 774 2328 3884
441 1941 2915 3271 3934
1502 1602 768 2714 3695
905 781 854 3143 2100
1448 3192 2564 3613 3761
3270 1931 2479 3822 3902
1483 1676 1696 2559 3565
253 1519 426 479 3597
1090 2475 762 3728 4001
1113 1855 409 2172 2627
1069 1492 571 2700 4029
1708 2886 3332 3950 3999
1848 2755 1982 3762 3987
1192 1607 727 2681 3769
171 272 767 799 3160
232 1526 723 779 2195
131 1035 532 689 3541
1689 3019 2266 2777 3464
1652 619 889 3268 2652
587 3386 3265 3427 2584
925 1967 3066 3172 3632
1420 1487 1849 2656 3444
1299 1324 2745 2418 3618
578 584 594 671 722
1689 2751 2637 3820 3973
1012 1536 506 893 3622
0 924 1702 581 1959
2024 2746 1924 3563 3913
103 1000 1729 2302 3692
181 1826 1847 1991 2385
974 1705 534 2866 3513
213 1267 2378 762 3569
912 1363 1978 3695 3769
316 1855 522 3294 3384
588 789 2194 3435 3833
809 2860 2325 2440 3927
1734 1868 611 763 3728
46 806 3040 3154 3528
482 614 3058 3365 2105
942 1009 417 3045 1952
842 2332 2536 2562 3635
1743 2589 884 2344 3904
1018 1368 1731 607 3182
352 3022 3198 3792 3847
1641 2183 3412 2064 3455
1033 711 2124 2160 2431
115 1603 1613 3561 3510
641 679 2484 2604 3580
306 577 2795 2846 3323
223 1480 3232 3348 3656
107 187 1252 3343 3375
1721 531 3168 3397 2069
121 337 1140 633 640
52 1677 1722 1874 3694
539 562 860 3248 3660
1026 2644 3549 3656 3869
1378 605 2728 3307 3825
518 2692 3040 2460 2576
1388 3071 3074 3076 3569
1085 1123 1363 2597 3151
471 500 650 2912 2312
301 526 1730 3741 3242
1693 624 3371 1938 2100
1529 2508 2529 2800 3782
1044 1663 836 3385 3547
25 3290 1799 2211 3863
331 987 1961 2432 3874
2647 362 3065 2624 3461
1103 1119 1534 1767 2443
1079 1199 1445 1597 2023
1024 1183 3281 2060 2551
363 1256 1701 539 4002
322 1706 824 2768 3849
582 2661 3318 3446 3594
63 1589 1593 733 3370
76 194 1142 872 3776
283 1027 1430 519 2952
4 2138 515 2182 2206
1902 787 2002 2817 2181
1598 2004 511 3577 4019
279 1063 1451 623 3213
123 1523 2247 2744 3006
968 2325 2139 2262 3910
611 2775 3356 3378 3613
926 973 1971 2160 3778
968 1089 2132 3045 3762
1533 2333 3161 3425 3583
89 1816 2447 3145 2537
1800 356 3245 2916 2214
374 3300 2182 2628 3637
146 324 1795 2708 2395
83 1670 2705 3356 3545
1001 1026 1316 2395 3854
1245 2530 3118 2100 3512
297 1049 2447 749 3407
1072 699 2914 2051 2055
1326 2797 2977 2070 3905
150 1213 1875 2698 2917
1826 383 435 3023 2613
956 3247 2601 3823 3883
1071 1966 2406 3717 3944
683 873 2738 3557 3675
1021 2254 1986 3529 3575
1744 1884 3281 3422 2600
440 3192 3358 2316 4003
3173 1055 2346 3737 3952
155 1141 848 1961 2008
1817 3253 3300 3453 3508
38 901 1953 2040 2517
420 1200 573 884 2519
119 1705 2279 736 3587
1701 599 2637 3694 3994
1449 1633 2640 2517 3537
292 960 1700 2292 2877
88 1251 1493 2315 2827
229 1114 1539 599 2757
237 738 2800 3424 3965
63 1227 1813 2776 1929
180 2256 2402 2562 3652
924 1095 548 3469 3659
1545 2734 3052 1925 3606
896 2787 2997 2058 3884
1123 1737 575 2590 3785
187 1155 1571 2794 2190
1220 2247 386 638 3822
1051 359 2140 3742 3848
1008 1463 3018 2548 2595
1401 1482 861 3070 3094
1126 3123 3192 2407 3497
891 2266 2002 2750 2069
265 946 1566 2783 2421
8 548 3005 3129 1979
32 204 1071 1297 2922
92 857 2355 2205 2460
980 1810 574 1947 3372
467 470 599 2901 2147
116 1848 692 1993 3658
1090 1846 1908 572 3728
1273 2811 3190 3216 3966
164 215 1781 2133 3493
1758 2720 2984 2570 3768
1147 1581 1693 3536 3665
3003 1501 2698 2992 2049
1135 732 3307 3370 3381
1567 1592 469 2555 3312
197 1217 1449 1506 2106
1249 379 2846 2907 3504
1542 1806 466 2908 3371
226 963 3639 3819 3987
1791 710 752 2824 2373
1425 636 3247 2114 3862
1912 1072 2703 3343 2526
18 1060 431 3250 3532
758 3164 2994 2013 3567
210 412 848 2669 3513
1209 1678 3042 3508 3730
442 592 2938 2104 3910
1022 3096 2373 2397 2606
756 2710 3144 3316 3801
66 2071 2793 1987 4019
2133 426 1959 3421 3661
1887 362 466 2497 3891
948 1629 445 559 3285
306 892 2817 3358 3774
227 987 2273 3547 3909
1087 1698 794 3050 1989
262 279 2698 2059 3745
154 1515 2832 2889 3945
3231 2626 3538 3687 3719
1459 1795 2582 2904 3246
209 1717 1780 1818 564
951 1887 2769 3134 3937
1395 1446 1618 1900 2449
1055 1530 1657 3211 3341
238 563 1020 2749 2383
1174 1205 1544 1880 2274
1057 1775 447 742 3076
1204 3961 788 3168 3395
373 3222 2141 2258 3745
543 663 853 3465 3735
3877 3372 2387 3939 3952
190 1663 572 3346 2213
1246 3339 2257 2497 3567
1028 1512 1862 556 2586
1033 1437 550 2056 2423
172 565 3479 3648 3933
2279 481 2259 2570 3876
2997 3229 1964 3452 4038
110 471 3001 2866 3372
1571 2151 2689 3018 2482
1144 634 838 3179 2881
321 1263 1504 3536 3884
165 566 1140 3354 2566
1081 663 866 3717 3730
9 1771 2907 3237 2330
896 977 1005 1369 2932
250 1932 3190 2243 3762
704 3343 2166 2638 3720
968 1512 2343 2403 3711
2571 638 812 1977 3735
1516 356 3105 3151 3649
1252 1579 577 796 2642
2726 2754 2766 2990 3623
75 217 1092 3332 2350
1627 1855 689 3903 3914
901 1573 1726 3026 3271
360 440 1950 2226 3870
58 64 207 3331 3848
72 1191 1208 1262 3869
959 3102 3230 3522 3852
1439 1705 643 2462 2532
912 1241 466 3550 3993
1721 1820 2943 2387 3499
1081 1425 1903 2891 2118
1081 1609 1774 810 3499
1901 2786 2791 3040 1969
16 858 3476 3559 4007
1247 1602 1762 369 4011
1355 671 848 886 2089
958 1578 2616 3417 2299
526 1559 2434 3694 4026
33 1903 2378 3779 2850
436 872 3321 2154 3567
1451 747 2986 3260 3855
966 1227 3204 3740 3858
1778 431 2582 3426 3463
1328 1945 2034 3870 3883
972 995 1385 2076 3901
1406 1900 604 2782 1944
972 1752 796 2873 2106
1020 1425 2529 654 3134
1548 2203 769 812 3969
1147 1212 419 452 3523
1649 381 790 2801 2622
1835 834 3397 2162 3903
1263 1279 2128 2503 3874
180 1200 1245 1249 3873
1532 2116 3097 2732 3138
277 313 1218 3127 3997
1192 1647 827 2420 2078
105 1047 3061 2218 2656
120 714 794 2093 2136
80 1342 424 3591 3796
345 382 2421 3441 3660
48 2538 813 2569 3595
1197 1217 687 2724 3453
1265 3201 2112 3809 3955
1223 1305 1640 627 3536
940 1175 396 3078 3315
1207 1228 1774 870 2662
1344 777 2355 3381 3451
66 297 345 1652 3292
3 1014 2895 3049 3226
119 1332 1382 451 2930
2516 2705 2256 3699 3839
1721 2302 2163 2943 1961
1150 1776 2731 2619 3703
30 942 2134 3691 3976
2805 3044 3418 1930 3474
1736 753 2721 3085 2227
1310 460 3038 3583 3976
606 1431 1814 2796 3668
1696 2689 3476 3781 3814
984 1490 1885 3651 3229
1561 3329 2020 2049 3615
217 662 3533 3922 3973
263 580 1645 2805 3476
1541 1548 1794 2721 2536
1217 1834 2327 2323 3616
311 1277 680 584 2418
31 991 1485 1678 3933
201 1134 1292 356 3975
346 1152 1289 711 3563
41 1025 495 571 2484
3290 1366 1455 1480 2450
190 339 1585 3797 3963
3328 3087 2214 3805 4037
1689 2179 2427 3507 3944
1197 1456 2931 3432 1952
1081 711 2854 2201 3471
609 2595 3742 3853 3903
241 3032 3673 3744 4021
1364 765 2237 2657 3452
163 308 3692 2765 2006
1332 1704 838 2073 3883
169 1546 2449 3557 3883
1893 467 2737 3145 2286
1121 2138 2315 3241 2432
1175 1689 1920 2426 3682
526 1733 3586 3780 3963
1559 393 603 3422 2188
255 414 1248 1626 1770
1851 2007 2292 491 3944
1246 691 3392 2055 2374
37 420 3242 3358 2242
1327 1615 3141 3557 3862
566 1730 1861 864 2287
74 363 603 805 1918
1442 1560 530 2955 3012
1152 1647 432 3100 2420
134 1208 1299 546 4033
1376 2199 2528 2602 3762
401 588 806 3294 2380
1418 461 532 2830 3121
101 191 1458 2858 1988
182 565 3066 3095 3208
2187 1934 2040 3580 3955
171 191 3248 2766 3390
1438 813 867 3334 3670
1297 2719 2470 3761 3922
