1139 2900 3546 3562
974 2273 3128 1963
1077 2330 2075 3573
25 2813 3347 4007
183 1668 1800 2255
748 793 2347 2211
1251 1756 3035 3955
931 1468 2153 2542
1255 1552 2983 2330
1488 553 3287 2115
1781 2330 2179 4034
1013 1645 2643 523
810 3297 3430 3513
1670 3557 3753 3918
543 1967 773 2043
1192 1404 1862 3164
1569 1873 1949 2352
1322 2724 2813 3942
233 1690 2295 3694
914 831 2668 2537
1686 529 3034 3418
88 950 469 3803
252 1903 875 3053
112 553 783 3250
174 1050 1227 1702
3406 2856 3060 3705
2302 3304 2970 3826
9 927 1110 2750
917 1738 838 2794
118 827 871 3234
2054 803 866 2913
10 1404 847 3839
160 2829 2064 2301
19 1860 1976 1929
311 1709 3357 3720
2740 3005 3140 3566
133 1174 386 2273
15 1232 2906 2525
371 1950 2211 2444
386 2389 3269 3898
745 2673 2259 2310
152 481 3245 2622
138 1271 1792 2401
1212 755 803 3515
1719 2203 643 2942
99 2196 3345 2560
911 610 3523 3625
1160 845 2800 2595
280 1650 1847 2500
1749 2372 3285 2526
162 3162 3106 3142
1019 1594 396 3328
578 2778 2930 3617
1536 688 3501 3452
881 2857 3318 1999
3065 3219 2444 2467
1200 1847 2787 3159
1170 488 2325 3959
1124 670 825 3348
601 1009 1375 3259
1342 1462 3303 2076
1820 494 2723 3494
137 930 3037 2221
158 778 2669 2113
993 1502 574 2850
185 487 539 3809
3886 2990 3078 2067
969 603 3163 3432
2148 2476 2488 3737
1611 369 690 3973
1026 1856 2457 2545
931 2241 2303 2392
1589 864 3375 3612
285 2149 2983 3964
563 905 1527 1815
1845 3266 2226 3536
211 2355 2828 3448
578 3062 2756 3000
859 2680 3897 3973
158 3011 2343 3734
63 998 1829 2669
38 1696 2677 3518
155 3268 2565 3915
294 1470 382 2739
1853 3125 1956 3982
3019 2012 2307 3455
290 502 3301 3632
1034 429 584 2080
343 2465 3145 3798
274 1249 2034 3641
229 3437 2812 3963
2417 638 3185 2528
1255 3089 3129 2404
803 3015 3499 3947
651 2010 2006 3894
1091 2116 771 2771
121 1409 3150 3519
442 817 3042 2287
1779 2764 2950 4006
220 1668 823 3654
930 1382 3540 3693
1536 576 3196 3390
1149 395 574 2837
1307 476 2478 3726
1145 2148 3000 3239
1462 2981 3580 3857
124 2072 614 3131
48 2831 2858 2258
1313 1523 1589 3762
1769 1814 2865 3421
37 314 397 2691
771 1942 3607 4010
345 397 551 3493
1875 1890 2365 3470
1782 3186 2854 3620
332 1129 3680 3755
1082 1355 511 2552
1021 1646 867 1964
1042 2224 2332 3787
1727 1859 2659 3999
2697 2901 2581 3950
204 2004 3306 3820
956 2149 2185 3511
1085 1440 2334 2646
453 813 3674 3827
133 2543 690 2253
929 2279 2708 4038
529 2820 2856 3594
1830 3070 2129 2145
1159 2796 2801 3831
1144 3763 4020 4023
2711 2805 2222 3824
282 1203 1945 689
316 1640 1735 2552
1714 2555 3330 3492
543 3961 746 2154
140 1258 1277 3141
396 468 3261 3448
39 2496 2487 3689
1066 1866 2199 2567
771 3048 3272 2165
215 1647 2780 3236
1100 1894 2239 2608
1142 1552 3075 3691
1715 2421 2499 2540
922 1146 2264 3985
975 1570 1622 3430
1157 1685 2300 3457
3214 2363 2572 3661
159 1440 2128 2345
1356 1443 3389 2011
1222 847 3211 3791
1010 585 635 3972
639 3540 1920 2577
308 873 3289 2834
3187 3827 3854 4016
1433 3086 3253 3970
1084 1409 2491 3996
270 1220 1476 1683
1891 3677 2293 2824
341 1875 471 3287
319 859 2903 3623
2529 2198 3415 2221
60 551 807 3858
1069 1445 1525 1712
42 1831 2249 2346
241 864 3010 3793
1264 1717 3091 2428
2087 3013 2526 3541
2817 2878 3219 3315
337 1546 1705 2909
1097 1274 1983 2210
1663 754 3112 3261
1099 1176 1678 3149
525 610 3948 2699
1117 1451 401 3062
947 2844 2935 1997
1729 3068 1928 2190
1095 1363 1521 2381
258 1018 778 2922
1044 2122 2200 3852
924 565 2791 4022
39 907 3429 4004
108 3630 3696 3917
924 2724 2947 2553
290 387 2295 3299
15 71 2830 3380
1247 1426 3677 2760
1619 1765 2234 3749
397 3487 828 3339
960 1903 2343 2723
2452 2657 3809 3822
1132 1254 776 2107
187 1390 1823 2692
47 1165 1307 3812
1042 1186 1628 1892
420 830 3528 3653
120 127 2927 3463
1127 575 2333 2633
1104 1110 1908 2502
1720 2964 3018 3390
314 1658 549 3915
935 627 778 3070
1052 2873 2099 3893
124 1877 2048 3461
1505 1841 2802 3216
439 2831 2906 3679
2838 1710 548 895
1346 581 874 2780
1083 476 773 2104
1796 3019 1925 3486
1404 1463 2588 2879
1356 1758 3741 3320
870 2273 2452 3725
1494 2224 2288 2405
1099 1203 3604 4017
60 1230 1946 3596
1537 853 2000 3814
3265 2052 2970 2994
1644 459 2772 2063
3980 723 3807 3987
121 241 831 3562
1589 811 3476 4027
199 1151 3535 3612
1926 504 731 3151
1533 1589 380 2354
44 1320 3064 2147
2755 2823 2837 3403
1172 591 2718 3104
321 1493 1611 3590
480 3044 3078 3341
160 2273 3428 2444
325 2331 3682 3702
1863 708 3186 2779
2384 3013 3088 3921
3348 1999 2320 3946
165 488 877 3088
490 558 3011 2852
1156 1157 489 4022
2931 3337 3402 2590
1558 2950 2281 2528
1500 2996 3291 3868
1461 2844 3251 1949
1294 1321 1661 1975
345 976 1374 2987
496 3226 3844 3914
134 1591 720 3750
772 2301 2648 3728
902 3356 2366 2522
1744 784 2630 3618
898 1465 784 2109
363 1136 658 2291
2009 2475 699 3398
313 2127 2203 2275
1223 1381 1638 2928
975 1555 1840 2192
1886 3712 3900 3910
1466 1655 2985 3150
202 3128 1927 3461
525 2840 2415 3686
1791 492 3321 2123
1665 647 2882 1931
1177 851 3193 3955
1061 1291 622 685
175 1498 2657 3645
26 1157 2276 3446
950 1283 762 2455
1306 1448 2990 2085
364 3069 1956 4022
276 429 2685 3860
339 354 2945 3349
284 713 3141 3860
407 2779 3333 1988
928 3699 3806 4006
803 3321 2482 3511
489 2741 3381 3972
634 657 3386 4002
10 938 1803 3679
517 2999 3083 2517
1874 2643 2125 2666
1503 620 3078 3524
361 3224 3772 3970
689 3067 3656 4017
207 1928 2232 2505
606 716 2788 1933
339 3540 3215 3687
326 2953 1917 3494
1049 1157 358 635
4 1077 3288 3457
312 1335 3459 3479
1724 3523 3781 3790
306 1245 1581 3128
951 1187 3010 3848
1808 2223 3835 3919
1102 1183 1734 2503
75 1354 3530 3746
998 1224 1582 2702
1378 1426 2116 616
1424 3269 2514 3474
52 1662 2491 3835
1148 1767 2660 3134
175 1491 355 3904
71 124 1420 3297
709 3051 2639 3490
210 742 767 3281
896 2705 2168 3491
1271 392 575 3011
1230 1293 1531 1793
640 779 2889 3074
1381 2933 3325 1963
298 2494 3454 787
924 892 3161 3791
236 3422 2310 3514
1562 360 3062 3462
1074 2688 2987 3030
3003 3440 3559 3788
1744 581 2228 3672
791 3119 3256 3924
360 620 622 3204
232 1316 3741 2126
491 2277 3666 3715
1345 3247 3383 2596
1425 1454 1753 3303
217 998 1007 3582
104 1690 846 3424
76 1550 1712 3686
1558 1870 564 2246
2838 1033 3032 3064
1532 695 776 847
957 3245 1927 3755
1574 3030 3457 3826
1476 396 502 3310
1292 387 3395 3781
1416 743 2798 2407
971 716 2501 3230
20 2117 482 709
1160 1166 2273 3500
570 3284 2374 3882
527 775 2982 3124
1166 2366 2429 2656
276 937 1722 2705
1275 1463 2790 2118
1809 460 882 3922
2117 2749 3188 2412
181 1343 2963 3073
1472 1818 2323 2397
1122 808 2756 3708
915 3378 2556 3518
57 793 2172 3915
1061 1713 1848 2969
258 1588 3034 2839
99 1527 3068 3121
970 2066 2630 3503
1355 1614 1675 478
15 256 284 381
726 753 783 2891
44 303 1875 2886
999 1308 1371 2495
363 1339 3517 3366
1065 1115 1872 2506
1210 1704 2073 2269
1409 2678 3567 4004
16 1586 3222 2648
1703 2708 3587 3923
2333 2694 2819 3180
1134 1446 1668 3351
674 3304 2698 3247
1039 1807 816 2318
1313 1490 1699 2709
1760 2706 3125 1933
300 1577 1711 1743
973 405 2799 2488
315 1301 2704 3275
1001 3583 3835 3901
1432 2784 2943 3133
221 1203 2510 3912
102 1030 3114 3632
1140 1574 1667 2971
455 3427 2535 3713
2917 3512 3541 3866
3 477 3474 3738
1113 1299 3049 3473
194 2958 3494 3946
1371 1907 2223 2613
294 1703 3113 2545
829 3245 2052 2705
1405 1722 418 3518
950 1261 590 2878
499 3626 3568 3865
1448 1454 876 3838
694 779 2609 4023
231 1192 1924 3717
1628 1773 3139 3722
268 3188 2238 3836
224 1321 3861 3529
87 2224 2074 2644
1259 1752 545 3554
1815 669 3250 2112
27 664 4031 3707
52 3152 3227 3596
1160 762 2792 3782
1448 2268 3426 2226
1491 782 3372 3787
2543 565 2041 3506
1449 1626 710 3797
1337 1658 1962 2591
169 1308 3096 2044
598 3399 3831 4005
1750 3592 2804 3320
282 3240 3678 3804
188 588 2978 3040
982 815 2882 3230
2203 595 2362 2422
662 2210 2441 3552
68 1573 462 2286
406 412 756 3329
1786 426 2712 3293
451 656 2453 3768
1545 2617 2440 2614
472 675 3483 3673
5 1818 849 3085
944 960 1014 3081
1865 2617 838 2541
625 2383 3653 3857
1713 3487 2261 3891
1372 585 722 791
1674 1683 2595 3597
106 123 160 2264
1625 378 3484 4029
1435 2285 2588 2200
865 3252 2504 3492
814 879 2991 3800
216 1111 1291 822
898 736 2975 2255
1097 1736 708 3906
1132 1826 557 2456
203 2791 2287 2619
228 1418 2685 2859
1333 2458 692 2291
140 2699 3254 3521
483 1250 2846 2097
1192 1896 3550 3403
1803 2555 2011 2540
246 1463 379 4029
1613 2594 2692 2201
1300 1607 450 2096
2283 2453 2611 3553
1519 1627 1858 536
942 1290 2175 3509
112 318 981 833
326 1515 1691 3809
2038 3779 2055 3482
954 1377 1479 4030
339 3003 1242 393
110 2054 2005 2313
59 1554 3684 2285
993 1820 752 2557
1752 2002 3140 2404
1459 772 3269 3660
1842 3830 2331 3638
1022 3541 3771 4012
930 2708 2448 3558
1289 1382 1909 2401
106 1472 545 3311
149 1322 2148 2324
433 826 3351 2195
1787 1821 2715 2073
96 606 885 2218
586 3361 2465 3246
159 1154 1889 3583
203 214 3451 3845
32 92 969 1740
479 2550 3463 3580
36 1609 1987 3611
1217 2876 2963 2242
1175 402 1920 4016
1350 2842 3273 3473
1199 3182 2340 3516
98 285 1051 1094
969 1236 2957 3734
2461 2990 2381 3837
1544 1935 2005 3629
293 1097 3004 3664
1957 2427 2607 3900
920 1046 349 3371
1384 2811 2259 3664
990 3458 3493 3966
442 2943 3339 3991
9 2957 3250 4022
633 878 2535 3529
1029 594 3166 3776
1068 3360 2397 2534
1761 506 2273 3367
1189 1646 2364 2998
21 1890 2503 3616
224 1805 3680 3894
898 3185 3405 2585
1362 849 3086 2637
905 941 706 2665
1494 3033 3644 3925
155 1640 3951 3956
673 752 3296 2214
199 483 1088 658
1433 1486 1673 2740
127 1412 1714 3140
1330 2051 2100 4009
1015 1713 689 848
1048 1304 2180 3119
3073 3365 1969 2280
1725 1741 2680 2434
1448 1612 3626 3925
164 2407 2559 3944
1516 1871 3269 3792
154 1208 1638 2114
933 2177 2276 2379
120 677 2505 2506
1252 1312 656 3836
2282 2430 2462 3812
1686 397 2496 2402
2174 392 2855 2204
1645 2819 1922 3573
2818 3341 3588 3590
2770 2887 2232 2280
255 3411 3796 3815
1541 680 2509 3401
1528 2413 3247 2318
69 936 2583 3221
1112 1738 3169 2601
2957 3475 3571 3903
1694 847 2817 2628
114 1208 2451 2498
774 826 2026 2123
639 1923 2312 2474
1777 891 3466 3591
2965 3241 2624 3915
1091 2912 3056 3634
1352 2816 3230 2179
1241 1686 2578 2591
1583 1898 469 3718
365 2190 2559 4029
934 2731 3421 2035
953 730 2794 2272
3090 3144 3212 1977
1394 1822 2158 3837
29 1506 356 3399
933 1580 1944 2359
1253 3189 2474 3482
492 2811 3637 4018
1028 1655 2640 532
796 3079 2534 3543
1152 3409 3035 3314
898 2917 3452 3978
2680 2712 3255 3913
1589 2323 3827 3847
1433 2168 3645 3844
1750 3104 3107 2429
1528 1577 1909 3656
330 1477 3684 2903
81 3550 3851 3070
1991 3454 891 2020
1275 555 2943 3573
1021 849 3476 3946
147 3070 3273 2003
972 2724 2749 2896
1080 1896 867 3959
367 3233 2277 3982
1582 1656 3710 3802
1043 512 716 773
833 3192 3352 1936
242 1202 3350 3799
1570 2908 2085 2438
1430 739 2103 2395
256 946 1783 3441
924 2787 2499 3463
398 755 3692 2697
1733 3323 1960 3565
1052 1842 3568 3878
1023 656 3101 3981
275 1716 1802 1913
2878 3112 1961 3850
1529 542 2761 3259
1506 2313 2395 3441
76 2081 578 3339
3003 591 2470 3583
239 851 3295 3109
242 578 3095 3625
2471 1930 1950 2401
243 2729 1937 2142
189 1499 1737 2804
1219 3021 2064 3770
23 1160 2938 3694
2247 3561 3212 3748
34 675 2843 3806
21 880 2862 3287
1342 3025 2335 3533
1883 2788 3321 3907
788 2350 3467 3842
7 370 2775 3968
1456 1571 3172 3419
1186 1344 3377 2309
1031 539 2192 3927
1043 1191 1224 2162
1714 2589 2413 4015
1443 767 3123 3720
1148 1478 1542 2134
1694 2451 640 3875
158 1385 2589 3793
1381 2827 2860 3787
1418 3621 3886 3722
1389 496 3248 1924
3331 3187 2057 2310
235 1032 1382 2754
1 430 3366 2601
234 1654 3275 1970
1688 503 3251 2578
1596 1772 2189 2811
1006 1029 1895 3327
486 2115 2560 3938
1082 3283 2360 3841
2780 3229 1970 3716
966 1306 3218 1978
172 1066 1841 3185
1830 3098 3275 3746
1162 1343 1777 3798
1018 1413 2027 728
1612 1886 729 2650
919 2359 3582 4005
1245 3364 2041 3490
322 1811 2292 2523
1407 1760 2271 3941
1650 1671 3723 2821
301 2706 3583 3995
1069 1685 1792 2779
1196 1545 3344 3748
132 1518 1609 3630
2962 3122 2067 3457
183 1093 1503 3310
3286 1963 2596 3640
934 951 3723 2847
201 1051 3140 3253
1796 1843 2225 801
907 692 2935 2481
1126 1828 3075 3563
1418 3176 3225 3387
962 1696 1776 2819
960 1258 3235 3952
1123 1790 715 3383
56 2859 3751 4013
414 1035 406 3231
227 2741 2994 3118
304 2459 607 3045
329 1258 1747 701
1517 768 2443 3975
866 2717 2237 2637
83 2640 2911 3813
1671 3124 3160 3655
1078 1311 1772 2151
118 2957 3413 2596
7 1744 2169 3875
1277 1287 2087 2914
451 3089 2645 3764
2918 3064 3232 3905
899 1340 3948 2448
87 2980 2371 3710
948 1641 2022 3995
1886 2743 2612 3974
1621 1948 2912 3040
1818 360 702 3528
246 1096 2889 3906
403 3222 2125 2129
901 3383 2046 3926
941 980 803 2241
7 3830 2953 2435
235 997 2489 3685
83 1670 464 2481
343 669 2259 2430
2436 402 3355 2396
890 2785 3502 3921
1490 610 3361 3544
964 1111 1803 3510
913 1026 2498 2988
1426 2835 2406 2522
1776 1804 886 2521
1289 780 3098 3312
231 973 2949 3996
2 807 3532 3733
2727 3190 3424 2407
1824 847 3220 3990
1101 2765 3155 2275
139 1327 792 3907
997 1655 1942 3442
1041 1327 1879 3372
208 2054 2921 2603
1023 1950 2303 2586
1624 2451 2271 3847
210 966 1327 675
1039 3123 3711 3809
330 1395 2377 2527
194 1203 3132 3432
1211 1838 2595 3794
259 1458 384 4023
3220 2341 3566 3831
260 1025 1064 2833
1043 1687 3750 3384
982 1384 392 710
1895 3245 3112 3920
343 1385 3362 3563
923 2267 2959 3194
342 1718 3300 3814
1035 1154 2311 3806
1065 1719 3121 3192
1544 3586 1914 3784
2198 1923 3746 3844
263 1289 796 875
1405 2142 3464 3532
1146 1167 1554 2545
1569 1682 2907 3814
140 3510 3848 3985
3385 3261 3537 3728
1785 2135 2745 3706
233 2838 955 3089
1029 638 3113 3996
62 1528 1809 3804
1084 1663 1727 3898
1200 829 3500 3511
1258 3577 3040 3935
212 1344 1613 848
188 229 2601 3857
1712 471 2357 3912
1689 447 487 3826
847 2282 2091 2654
714 729 2662 2818
1318 1729 1730 3972
159 1742 1897 2613
1246 1260 2000 2359
1069 721 2851 2114
1201 2772 3006 3707
268 1821 495 4034
141 1015 1060 572
1048 3002 3337 4023
1245 704 3018 3172
72 1762 2533 375
1085 2667 2757 4018
82 954 1237 3256
44 208 2555 3340
1399 3063 3247 3518
1214 1221 1799 3476
350 3369 3695 4002
446 2061 2548 2562
32 1448 2928 3080
517 1821 2099 3580
1253 1724 1758 3488
962 2171 818 2881
912 2179 2514 3950
114 238 515 3281
126 1849 2733 2450
1378 2543 520 2967
1388 1476 1753 720
208 1439 2385 1979
615 3119 2360 2537
938 1023 504 3953
2698 2927 3708 3995
1115 2319 2340 3477
1174 2907 3054 3534
2885 928 1105 1778
1174 1565 2647 2188
1189 1995 3335 2585
770 2132 2791 3436
2068 3354 2008 3494
969 618 3561 2809
62 207 369 3750
687 3410 2743 4036
325 1188 662 3978
994 1301 1400 2726
180 253 1579 2491
91 3236 3552 3929
140 1064 1488 2798
62 1813 697 3191
385 3401 2423 3585
348 1714 507 2085
1078 2074 2179 2350
1225 2735 1974 3739
309 1305 3218 3430
1282 1532 2038 2220
1382 3267 3378 2554
304 1171 2077 3462
1542 485 3165 3250
1138 373 1941 3242
58 1065 1193 1967
929 976 3791 3950
2533 621 796 807
942 655 844 3569
934 1996 2030 2092
1766 590 624 2352
16 48 2368 3399
3003 632 3060 3476
877 2608 2697 2746
208 325 1834 3189
1240 2498 777 2793
690 2105 3801 4014
0 11 1555 1916
467 2213 2515 2610
645 2760 2079 3654
162 1959 2367 4003
41 1206 742 2605
1371 481 3264 3919
419 1941 2748 2269
1281 2244 2537 3897
1887 523 3002 2393
800 2161 3512 3774
469 2026 2607 3936
1701 1708 1824 3046
2303 3757 3760 3769
7 641 1093 3036
1221 432 515 3820
1203 1691 3370 2305
229 1559 888 3292
1264 446 2614 3865
2849 2593 3552 3817
163 325 635 889
2293 2805 1964 2162
122 1416 673 2422
206 1543 1570 3726
0 1703 845 1929
941 3206 2303 4007
48 220 1047 714
1394 519 2805 3824
1712 436 3002 3252
737 2285 3362 2407
327 1316 3178 2716
1377 1885 717 2258
2024 855 3059 1990
275 408 2802 3416
591 2368 2818 3435
986 3645 3739 3931
554 823 3381 2161
484 3440 2002 3768
2072 2224 2912 3183
1238 1314 890 3544
363 642 2902 3893
1060 1192 1568 3930
1232 3861 3153 3947
482 3181 3336 3364
946 724 796 2819
30 830 853 3511
824 3146 3448 3650
231 2771 3166 3604
125 2753 3069 3866
176 1587 845 3827
131 303 1705 1830
1391 3123 2100 3937
139 1566 542 2092
1038 2139 2146 2427
1651 468 2932 3015
849 2632 3731 3992
147 1285 1349 3912
1528 502 2828 2136
288 1212 2576 3866
1700 3592 3028 2652
1358 2038 3738 3757
1327 3217 3494 3828
1772 565 2500 3843
1411 1513 3382 3711
2837 2587 3625 3840
160 1244 3213 3650
154 2111 499 3198
2191 2530 2273 2721
9 1462 367 3938
487 504 2741 3122
1009 1141 2372 3020
1221 3723 3168 2800
1139 1349 2779 3118
727 2976 1949 3707
3123 3166 2093 3898
2002 3000 3084 3323
1087 1825 639 3608
1894 2605 3121 1977
706 1919 2029 3559
128 2111 3026 2563
1503 2840 2051 2397
278 1057 2711 2946
340 1115 1712 2213
35 1415 450 1924
1308 2593 3564 3571
1184 1499 2026 2377
1102 3073 3755 3910
1467 1775 1967 2184
286 1736 492 3784
1190 2511 831 3921
2771 2107 2374 4017
1748 2875 3338 2564
4 1262 1429 2745
120 1711 3058 3655
934 2475 2827 3059
1129 1316 2492 2513
208 1426 379 2832
1437 1837 1901 2949
239 2621 3494 3976
22 149 1344 2048
89 1634 731 2736
1167 1235 633 3507
181 1797 2134 3417
69 3201 2809 3050
135 1410 578 2206
907 1053 603 3734
242 2129 3566 3801
546 639 3281 2438
2897 2980 3491 3878
13 1020 1481 1604
2567 2060 3785 3931
245 1406 3147 3449
3 26 941 3838
81 2974 3018 2467
228 934 1441 3372
668 2588 1982 3924
1342 1490 2188 3691
1129 1461 1750 2677
1397 1399 816 2618
1020 2267 556 3672
16 716 3217 3468
936 612 2750 3917
176 797 2692 2773
1008 466 2014 2540
312 420 3062 2166
1339 1444 2594 1987
955 1365 1567 3160
1506 691 2944 2362
319 609 2848 2953
896 1093 1698 841
1113 373 689 2592
296 1517 391 2383
1440 2027 782 2870
945 1633 2763 3200
209 729 3689 3778
124 1056 1066 3968
683 2939 3618 3810
134 954 2825 2130
612 2756 2946 3109
1038 569 2544 2978
637 1464 2851 3436
1512 3057 3301 3890
1541 1671 2564 4004
413 582 3017 3145
189 1485 3043 3383
1797 3190 2197 2537
162 538 3043 3051
616 3039 1993 2067
201 2567 2810 3300
818 3247 1944 3666
1471 1827 1995 369
737 2307 3438 3686
1177 1271 3366 3424
49 1303 433 2813
1820 3261 3653 3699
1808 2191 3276 3706
1848 2760 3949 3978
1843 464 741 803
1505 1945 2965 2234
117 2838 2559 3791
294 2337 441 3414
1560 1717 499 3065
181 955 1958 2489
1905 453 2512 3368
126 1129 1916 3203
111 1164 359 2349
272 1894 801 3783
294 1865 3260 1961
183 1881 2254 2512
249 1688 713 811
37 46 1243 2484
1401 808 834 3430
186 1449 1559 2614
320 2436 3240 2000
3240 2147 2546 4032
1335 662 2314 3566
1690 1867 656 3968
116 602 710 3426
1972 707 856 2113
1795 509 3026 3243
946 2443 3522 3688
1038 2024 453 3422
1198 1808 392 516
931 2541 2577 3860
215 468 3989 3551
1187 519 2234 2526
581 2801 2955 2975
1071 1631 413 2994
2111 3065 3145 1984
99 600 2893 2526
1821 772 3194 2058
109 1945 2661 3338
96 1468 1613 1710
1483 1569 2279 3252
2254 474 3007 2600
1297 2837 3202 3471
158 2163 2561 2648
2502 642 769 3411
67 632 2772 4035
414 719 3450 3564
300 3232 2357 3927
