1427 843 2856 2182 3992
1039 1451 1709 504 2214
194 238 1615 429 3100
156 2979 2978 3374 2648
968 1268 1747 3069 3920
1850 848 2161 3640 3986
188 1888 429 3768 3850
965 1237 1252 535 2096
139 1246 1484 3198 3702
1417 1815 2538 2911 3654
298 1217 868 2347 2803
4 1056 1523 758 834
1399 1621 435 653 2757
26 1734 858 2872 2500
1643 351 3259 2576 3952
27 1002 1624 816 3540
9 269 708 2185 3767
1140 1533 3773 3801 3818
1272 1657 2893 2621 3500
57 1142 3238 3275 3831
980 1392 463 3151 2576
1361 536 543 3307 3972
1384 2844 1918 3672 3790
1224 1784 3750 2920 2485
184 1504 1629 2693 3152
1135 498 3501 3345 3630
1395 1665 4031 877 2626
1499 491 534 2286 3883
920 1107 2099 2409 3727
599 842 3210 3530 3978
1491 1841 2113 2323 3685
1181 1252 3180 2520 3593
194 1531 3057 2960 2274
139 1477 2371 3688 3958
2765 2129 3558 4014 4020
980 794 2684 3004 3824
988 1520 2682 2978 3783
927 1588 1642 726 2439
1177 1390 1553 799 2374
1008 2268 357 2141 3526
1222 1579 1910 399 2430
124 1309 886 1986 3900
1072 2157 443 647 2970
1705 1852 458 605 1989
2 1401 1808 3168 2146
1394 1964 2261 2322 2484
984 3348 3767 3784 3856
44 1864 3233 2745 2975
1707 2817 2918 3616 3880
1155 1313 699 2207 3896
939 1002 1194 401 2747
1812 469 3741 3219 3947
1564 1660 1868 2347 3612
2547 2059 2066 2356 3993
1078 670 3224 3332 3463
1420 743 847 893 2846
1297 2102 2498 639 2781
287 924 1509 2182 3824
1259 872 2191 2303 2311
1501 1633 2860 2972 3502
188 975 1501 453 806
169 905 1559 2655 3771
221 342 1076 2806 3447
417 591 2800 2238 3603
60 257 1678 1904 3693
1241 1489 732 3051 3761
1195 3213 2269 3664 3752
1809 758 3314 3535 3676
912 1146 781 3002 2140
1595 3250 3424 2162 3729
280 2803 2079 2122 3539
954 1624 535 3272 3878
297 2852 3170 2626 4016
220 501 645 3545 4000
1165 630 3200 3787 3997
1038 1491 1875 3621 2865
2635 2865 3029 1949 2499
1430 1751 3026 2096 3554
54 987 2362 3947 3977
250 1433 2766 3187 3640
920 1818 1866 567 590
110 318 1452 3346 2255
2740 752 3384 2120 2141
310 1339 1542 3112 3908
213 1479 583 622 3289
1051 1823 2686 2690 3932
446 889 2773 2365 2652
1121 1716 2294 3159 3639
1313 1729 2038 695 2990
79 428 1076 842 2439
101 1326 1443 3097 2949
234 939 761 2017 3706
2225 701 2865 3206 3461
1684 3241 2013 2603 3839
236 2007 482 684 2209
1939 3007 2216 3634 3687
1497 1580 3009 2334 2658
681 2979 2377 2831 2837
1639 519 579 3322 3628
865 2700 2836 3140 2480
224 1428 1795 552 2365
150 1613 1955 1993 3757
526 1184 834 2577 2614
1626 1728 644 3788 3798
1205 2358 2561 3747 4029
100 1117 1548 2122 3754
2538 430 2894 3378 3719
1290 1700 1867 850 2325
422 3495 2971 3134 2252
1501 1572 1792 3872 2132
5 1436 636 3268 1934
213 251 1311 1340 1964
1661 1852 588 2864 2335
241 1840 1972 2945 2514
1112 1355 3031 2415 3955
348 1032 1667 539 3204
1109 1306 1641 2962 2839
1459 1765 718 2092 3544
979 1330 1814 3493 3604
128 1980 2488 2554 2572
220 289 3379 1989 4036
184 931 997 1581 2962
1349 446 2542 3445 3650
273 394 2979 2904 3786
236 1118 2695 3109 2625
1721 1859 3201 2686 3896
283 923 1369 1543 2170
47 1363 850 3488 3757
269 1397 1427 2948 3121
1172 1454 1455 2424 3675
192 1428 2065 3591 3648
65 2696 2904 3705 4022
146 1484 2571 578 3885
2135 2640 3386 3981 4030
1133 1665 358 871 2356
188 882 2968 3324 3470
1474 784 1943 2360 2590
949 2660 2964 2672 3190
1410 1630 487 740 2477
731 2699 2852 3755 4022
1337 1707 1866 1997 2311
1023 453 681 776 2179
1584 3053 3217 3753 3915
1089 1851 403 416 3115
205 1365 734 3703 3964
1351 1407 1753 704 3593
960 1939 750 3922 3960
1081 1167 1562 787 3837
1034 1189 3246 1975 3860
927 362 3095 2069 3764
1032 1187 728 3410 3757
1031 1141 656 3378 3380
684 2924 2965 3630 3991
563 1188 2471 706 3129
898 1053 1585 1825 667
194 1663 1869 2133 2047
1152 1721 886 2335 3686
1788 2447 656 2616 3052
1334 1692 1733 1884 2200
30 1156 744 2881 2304
968 1122 776 2053 3973
181 1201 487 661 748
337 1310 378 3741 2163
1476 837 2749 2990 3815
91 919 2209 2596 2638
1190 1322 647 686 843
975 1072 3193 2166 4036
484 974 1877 1894 2469
837 2789 2900 2427 2618
1183 1480 2135 2837 3866
795 3721 2998 3376 2622
22 202 1899 696 2788
78 1266 1739 3015 3710
1378 2134 3371 3623 4021
220 1679 3321 3415 4036
1247 1779 2850 3118 4009
173 925 1448 398 2855
1660 2333 3026 2548 3840
304 975 1847 1994 3512
1162 1901 772 3674 2385
91 211 1226 1422 3030
1162 1456 624 753 3425
1338 3437 700 3310 1989
1459 1804 502 774 1981
812 2129 3449 3904 3987
103 652 843 3304 3636
153 347 2922 3416 2046
1623 350 3380 1953 1982
1442 1671 565 2942 2565
341 1599 3592 3024 3562
293 1086 1405 2977 2109
517 1306 554 3319 3435
1616 1696 3060 3574 3668
1437 739 2043 2090 4015
1441 588 4031 2355 2777
978 585 3052 3492 3958
947 2082 2240 2243 2353
978 355 2758 2804 3063
263 898 409 620 3667
154 1606 2534 3795 4001
917 920 1185 774 2580
1406 572 595 834 2248
969 2351 2807 3325 2142
262 1911 443 3052 2142
273 462 2936 1986 2637
102 1609 672 2175 2577
319 1331 1545 744 2435
192 605 786 2836 3209
901 1903 3224 3301 3568
1133 1412 2019 2405 2526
1098 1308 719 2142 2390
1435 2637 3544 3773 3865
523 827 2952 2585 3784
124 1231 3102 3899 3995
1722 2724 2991 2207 3666
1344 1527 658 2105 3475
414 1157 1348 547 3557
355 2996 3288 3374 3958
29 1457 1832 377 3687
909 992 419 3253 3731
1511 1728 2824 3144 3362
379 698 2782 1963 2261
1309 742 3621 3411 2023
330 1136 873 2888 2243
144 386 513 2087 4037
31 160 1394 1428 2494
225 2898 2016 3722 3860
1209 568 633 2912 3860
1108 1650 3349 2330 3891
216 1517 2950 2525 2604
994 1727 454 721 3414
189 985 1062 3193 2556
1133 1778 2976 2293 3650
1738 2971 2857 3405 3837
147 256 1656 387 3365
1225 1546 490 545 2404
295 1871 3289 2134 3135
1476 848 2685 3448 3995
60 1550 2247 3305 2499
1504 3071 3524 3619 3634
438 861 3332 2014 2470
1526 3089 3219 2356 2360
110 991 1467 1886 628
210 1814 833 1994 3921
174 959 1813 2247 1958
1511 1682 2979 2273 2906
26 1674 553 569 2895
1040 1796 1900 617 1984
845 2768 2878 2560 3445
158 1880 3026 3268 1985
1866 2295 3689 3829 4022
211 978 1600 2374 3902
1106 1157 1555 2680 3130
517 649 1272 1797 3754
538 3207 3397 2335 2454
1137 1244 886 2869 2796
1911 3412 3083 1964 3859
8 1270 1899 2075 2576
455 616 2213 2469 3582
1572 407 630 2084 2585
967 1493 1586 3057 3560
46 1512 3304 2343 3033
1113 1643 746 881 4010
210 901 1197 1221 1726
930 1440 1622 2610 3471
1103 1262 2820 2921 1922
133 2039 498 2803 3704
1142 2935 3327 2303 2428
1341 1847 3851 2914 3963
910 1539 799 3470 3894
132 437 2812 2129 2376
1669 1735 487 2908 4006
1847 1973 476 463 2863
70 264 1412 1586 2151
249 1087 1736 3744 3838
2319 370 3070 3398 3977
1460 1882 3183 2391 2415
1354 1510 2543 2568 3964
1388 1852 413 2890 3799
1206 767 3412 2866 3689
1554 1762 846 2380 3735
940 1342 2873 3129 3999
917 1001 1834 2673 3676
2468 2519 2829 3447 3485
1042 1213 1563 542 3568
1756 3633 3293 3424 3768
78 764 3288 3402 3623
2768 3055 3098 2200 2280
2508 416 486 2836 3107
502 769 2990 1931 3838
929 2962 2397 3631 3882
84 1180 1313 1799 644
1114 1478 560 648 3308
1040 1522 2708 3181 3643
374 608 2696 2553 3474
2543 560 739 3512 3568
445 2895 2905 2300 3938
289 905 2171 609 874
46 539 2852 3301 3716
1881 2910 3273 3573 3620
297 525 2822 2948 3224
1543 741 3284 2255 3974
71 1209 1568 2896 3316
1553 2571 537 2148 3063
1270 1849 2256 3661 3893
171 546 1953 2076 3644
2738 3077 3617 3667 3710
1241 1315 3376 2200 3512
14 1535 1595 2931 3762
1081 1604 1800 2788 2834
209 1847 624 2896 3029
217 280 3097 2819 3058
208 1863 1932 546 2094
1838 510 3045 3133 2503
1115 1345 3162 3281 3375
51 483 955 1466 780
1229 1651 1848 494 3811
340 1683 430 2696 2291
331 2203 2137 2741 2481
266 1715 684 2782 3906
1788 356 512 3770 3879
446 479 576 2983 3154
282 1837 2270 2401 3749
1154 565 875 3476 3929
224 2701 3128 2322 3694
353 848 2648 3599 3965
113 1797 2899 2353 2371
935 2171 3363 1922 3646
1632 2936 3030 3455 3644
297 450 573 3319 3335
190 1576 2640 865 3876
125 271 903 3364 2152
91 1128 1364 3161 4037
438 525 2597 2798 2147
840 3214 2156 2158 3585
128 1822 2006 2059 3639
1534 1660 2588 3529 3801
146 1195 803 3285 2514
1539 1762 1828 3112 3194
196 353 1538 838 3810
12 1333 664 2812 3112
1495 1784 3078 2467 2659
1491 1644 1806 2668 2955
1066 1393 1519 1719 1839
480 3407 3697 3837 3854
999 1425 412 2995 3225
164 1560 423 469 2652
1851 3128 2243 2539 3458
1295 2284 3288 1924 3452
1466 1568 3055 3106 2650
187 1080 1685 2588 3133
183 1065 1581 2389 3114
1041 1071 459 594 2719
2289 2635 3651 2728 2061
2931 3206 3628 3931 3933
206 917 2264 2778 3280
2157 3320 2408 3557 3763
907 920 1904 856 2049
101 1330 1793 444 2650
296 1375 1553 2075 3979
1523 3334 2430 2479 2614
1277 667 2905 3029 2477
906 3262 2152 2356 3924
1501 685 854 1994 2446
241 965 1435 3090 2093
1413 2690 3223 2614 3952
320 1130 1409 2060 3786
197 1054 2128 2818 1934
1800 2042 2475 3649 3909
3386 3177 3318 3639 3937
195 1310 2101 2679 2409
978 1181 1590 574 4017
1430 3961 2588 2031 3822
1432 476 445 2939 3676
167 1147 1182 1742 1814
1312 1651 1801 2775 3630
341 1447 1773 753 2395
1488 564 2874 3391 3901
193 208 1352 2902 2219
414 405 3090 3121 2234
1116 1185 844 1941 3757
125 142 904 615 2844
1861 2780 3153 3446 3763
195 624 849 3340 3955
1540 1792 2895 2235 3470
3290 1554 1718 2855 3881
956 1790 1818 2033 2115
1629 456 2863 2084 3442
1136 1369 510 2664 2195
232 366 677 2083 3959
1446 2018 480 2886 1919
223 1991 576 3034 3572
83 267 1542 833 2370
2344 2801 3036 3514 3594
275 294 1083 1160 2324
1599 2676 2680 2367 3866
42 2598 854 3673 3956
284 1078 408 3350 3527
1100 1326 1381 1489 2716
1406 1690 1796 868 3524
526 950 1988 2316 3672
73 169 1023 1029 1128
94 1518 1680 3961 3711
192 300 396 511 887
1192 1778 421 3690 4033
910 1288 2417 3072 3387
154 1842 682 2488 3912
1491 756 2870 3571 3608
1166 1400 2913 3032 2086
2384 431 541 2105 3765
996 1581 457 2949 3498
1685 2053 1954 2987 3051
844 2136 2392 3555 3856
960 1867 2728 3272 3785
922 1259 2027 816 4033
593 2847 3392 2221 3720
331 1878 456 3281 2395
2143 496 2414 2584 2606
1391 1635 2700 3707 3902
3035 2349 2632 3485 3576
1203 1610 1708 3452 4000
1286 732 776 3967 4036
1605 2465 2884 3163 3311
2543 2730 3369 1936 2490
1224 1846 3948 3178 2658
1511 1516 1852 3175 1993
124 1394 749 2036 2040
640 871 3304 2239 2890
1089 1513 533 2357 3636
2901 3212 3449 3469 3747
1718 2851 2358 3794 3859
1307 1376 2871 2994 3504
1684 689 3055 2409 3479
363 931 1038 1654 2979
963 3041 3128 3342 4033
187 1212 1714 2401 2404
731 3197 3657 3809 3821
1141 1576 1711 2875 3151
1812 807 3542 3785 3890
273 1336 1522 865 3936
1013 648 2833 2212 3818
1823 572 3234 3286 2330
153 556 708 882 2931
70 1039 1426 816 2368
106 119 273 2802 3863
459 2844 2212 3513 3916
48 974 1121 2285 3116
2417 702 2542 2079 3890
240 263 1878 3684 2687
1503 747 3103 3170 2161
939 1125 1560 1818 2777
54 299 309 936 1466
87 1084 3460 3616 3875
548 2905 1979 3473 3965
859 1948 2484 3722 3817
240 3074 3347 2520 3986
192 1055 2189 2986 3037
1713 1827 2039 2021 3551
1432 1753 1885 558 3846
1719 367 3038 3115 2393
123 283 1385 3517 3311
1041 1064 1391 3409 2200
606 1909 588 2632 3711
242 1770 3389 2227 3782
135 3626 2903 1923 3715
1368 391 778 2129 3804
127 1801 528 856 883
289 2246 2022 3601 3938
1311 1948 2515 3504 3950
1719 2065 2281 3610 3670
2498 589 3495 2532 2579
88 1177 1604 1898 2755
954 1200 544 2666 3834
974 1357 1405 1561 2362
911 404 3386 2749 3855
6 2547 3031 3088 2550
1663 515 3779 2432 3925
270 649 2610 2624 3568
1399 1618 1829 642 3481
1416 1774 3239 1938 3653
199 1185 687 2101 3885
1284 1778 2565 3593 3923
1270 1932 2185 2437 3557
1359 416 3387 2353 2393
187 396 2555 3969 4007
107 273 622 2385 2330
69 1174 3205 3258 3711
2594 2954 2963 1952 3832
327 538 1253 1393 1999
8 1513 2250 862 2831
1995 537 741 2391 3691
519 3101 2343 2812 2227
1017 3328 2954 2253 2313
2027 773 871 2881 2342
124 262 1372 1905 799
1542 369 2975 3472 4007
444 2246 2671 2956 2236
157 1431 608 3256 2296
191 1572 1639 2508 3482
33 2692 3308 2593 3491
1201 2930 2046 2269 3539
937 1218 2038 549 877
1726 2187 3033 1983 3526
176 595 3138 1942 2632
1756 459 2705 2796 3077
1695 718 801 2854 2966
243 911 1888 2850 3715
915 1617 1621 2795 3854
13 388 2787 3099 3428
1042 1191 1806 2150 2365
337 1227 2132 3006 1957
353 662 2013 3510 3645
1072 1535 3284 2503 2628
1456 2116 398 2079 3584
1544 1854 3294 3829 3834
134 1468 1569 464 2212
283 1458 742 2855 2243
563 1875 463 3033 3711
1046 1093 1264 799 2108
74 1070 634 3437 3856
208 3431 2211 3460 3544
222 881 2688 2625 3603
908 1460 527 2262 3510
1297 1581 2387 3493 3771
1234 848 2046 2366 3620
1121 1442 2713 2357 2411
1534 794 2963 3297 3343
1552 464 3267 2228 3748
2289 3100 2295 3237 3455
3034 2751 3275 2473 2495
2704 720 2795 3132 1925
297 915 1762 536 2576
1810 480 3313 3453 3694
634 676 2824 2096 3984
326 2271 2600 3845 3860
1026 1862 1926 3110 2350
1079 536 803 1984 3953
341 2128 3779 2972 3027
117 1137 2990 3170 3992
3108 3372 3374 2262 2297
916 1456 793 2715 3997
1464 2761 2772 2918 3036
1371 1526 2399 2877 2951
1837 542 2808 3184 3262
1340 381 675 2757 2919
836 3232 3358 3566 3922
483 467 813 2793 3308
963 1579 1839 3364 3940
966 1599 3100 2977 3302
135 956 690 877 3690
3056 3327 2402 2442 3541
145 299 1902 746 2794
1204 3741 3111 1981 2379
207 639 3556 3460 3857
3111 3211 3375 3417 3776
790 2062 2815 2918 3154
1062 1873 2839 2237 3531
96 922 1019 3540 2070
1159 1295 3294 2012 2652
1382 2511 705 2782 2658
83 1006 1874 463 2708
2544 3151 3371 2159 3951
302 1209 618 2152 3737
1101 1843 2629 3050 3068
974 1808 764 2271 2324
910 1205 3259 2618 3446
234 632 3178 3059 3357
100 329 754 829 2739
1468 515 2927 3511 3968
261 1775 1955 621 3899
132 290 1120 2813 2602
165 1163 367 775 2907
167 483 1882 3447 3882
1391 1908 370 1948 3785
408 3102 1978 2150 4007
202 1577 2279 576 3356
1489 1798 1967 797 3489
1795 543 2811 2320 3683
950 1194 1483 695 2464
1111 1679 1878 2097 3709
1171 1289 3037 3069 2638
1911 2824 3194 2096 3944
150 1017 1412 369 2803
1569 1888 2032 452 455
1791 801 2767 2652 3863
2026 2722 2631 3639 3695
1612 747 2582 2489 3995
265 1270 445 3980 3370
1129 609 3684 2688 2606
1016 814 3122 3287 4010
1273 1439 889 2860 3605
484 2001 888 2505 3663
173 1895 569 2915 2008
1362 1881 3204 3425 2251
909 1864 2111 481 3640
1260 1314 617 3182 3679
280 1285 2458 3013 3270
91 1300 3409 2772 3516
61 1870 2337 2511 2802
1875 610 2512 2147 3787
345 1622 730 3274 2237
1235 545 3125 2008 2213
181 1037 2319 2197 3559
155 1492 713 3381 3647
900 3260 2086 3474 3690
1202 1904 543 3214 1961
1486 3091 3146 2181 3942
302 1663 1707 3756 2265
99 1272 571 2087 3987
483 694 3540 3291 3357
1461 1545 3114 3189 3778
37 239 1586 1710 3839
78 1447 1640 858 3846
336 1190 1670 380 3969
990 2635 2929 3398 2130
1021 1516 3010 2546 3480
1408 2187 687 3306 2376
940 958 377 874 3531
1612 886 2439 3443 3954
873 2812 3140 2318 2580
165 906 1598 3201 4032
929 687 3118 3715 3917
947 1167 436 2862 2263
189 750 2682 3768 3981
1018 1378 2327 2752 2670
0 1084 1308 1896 1937
278 514 2887 3403 2130
1143 1727 3989 2718 3529
949 989 1854 2662 2431
330 2814 805 3864 3942
251 946 1486 1636 3263
252 3186 2811 3022 3810
201 2722 2552 3543 3885
124 1383 1660 679 3658
491 586 2867 2443 4033
1577 2111 2879 2912 2335
1365 1814 618 2218 3745
1827 2196 2998 3749 3854
526 673 2235 2391 3724
129 2471 799 3779 2867
233 928 1976 3011 3835
934 1596 784 3479 3839
276 1077 1423 1708 440
13 2094 3643 3922 3966
280 1059 351 530 2963
1132 1189 553 3142 3216
256 1316 1470 1639 3846
1120 1258 1351 797 3589
412 801 2931 2955 3494
979 1185 1340 2680 3041
294 1236 2246 3393 2260
158 2555 2720 2750 2591
1526 1730 1786 2571 2952
668 2592 2887 3125 2158
105 2332 2865 3545 3720
1592 2001 3249 3308 3383
456 663 3373 2050 3914
89 1361 2285 3553 3653
1173 1543 764 2952 2122
1633 441 2936 3230 1997
1455 2778 2824 3218 3693
236 598 2924 2108 2277
183 1773 2939 3048 3530
1141 1350 440 3143 3403
322 1424 2766 3482 3808
41 2718 3037 3545 3781
152 980 1531 481 4026
545 830 2501 3545 3610
1028 792 3404 3199 2631
215 1596 1812 2255 3841
243 328 1205 406 3049
1072 1266 2009 3980 3365
366 1859 2187 3355 3752
1834 430 2818 3015 2657
1847 2962 3465 3579 3882
2635 461 729 2776 3587
342 1444 856 2078 2373
1837 2928 3267 2639 3837
2292 600 2757 3359 3737
127 1413 1635 3583 3906
1746 427 460 2941 2381
1125 1407 1618 3006 1949
327 1400 1887 3116 3895
90 290 619 2733 3685
2814 3111 2852 3579 3828
293 1151 1371 2266 2400
240 988 1911 3043 3623
1035 1479 1967 768 3656
62 95 166 287 1615
917 1070 429 700 2067
14 1585 1857 2760 3072
346 1001 2336 3084 2193
1645 633 728 2788 2092
1184 1698 791 891 2778
1188 2773 3191 3614 3658
1452 685 2052 3347 3920
1321 3178 2201 3567 3713
107 1009 1165 3179 3004
1004 1400 1648 2967 3564
1229 1342 1751 1754 656
52 1585 2809 2953 3955
237 1502 820 2546 3926
1207 1545 2647 2118 3843
963 1139 3296 2095 2521
85 336 1972 351 352
939 941 1800 527 2599
367 553 718 3353 3493
1301 1440 865 2169 2485
239 1639 798 3431 2526
1591 681 2260 2425 3874
940 1377 1421 3225 3657
41 1506 2914 2988 3618
8 107 952 1217 3252
2116 806 2365 3618 3828
1576 1900 3592 2759 3184
153 1812 855 3136 3975
596 3385 2877 3477 4030
923 1337 1368 833 3095
1483 1579 1783 3089 2448
121 234 1057 1554 3795
757 762 2718 2758 4012
1167 1813 447 2793 3480
1430 399 3109 3112 3256
13 60 1674 553 3714
375 676 3354 3563 3835
6 1289 855 3592 3540
77 2759 3398 3497 3499
1784 510 879 3948 2523
1717 746 787 2122 2131
935 1679 2138 844 3969
47 1114 2430 3923 4023
296 1414 1955 2845 2147
1222 1274 1603 3375 3629
1222 1577 3010 3424 3558
1899 552 2052 2546 3439
1887 861 1922 1977 2585
486 3222 2922 3807 3916
341 1665 1852 3158 3530
295 390 2721 3434 2227
921 1376 2824 3463 3627
197 354 3065 2628 3974
92 407 577 2727 2878
998 1291 2496 2756 3800
1461 1672 438 2808 3623
275 1689 2962 3131 2036
143 1028 2089 2612 3983
1091 1417 1788 1801 2817
1002 1160 1553 1864 2283
977 1223 1757 1837 3921
160 2224 2289 2061 3620
1627 570 743 799 2261
716 2939 2108 2121 3993
1130 1723 2547 818 2419
952 2355 2706 3223 4019
1998 564 520 1929 2202
1939 2203 2472 840 2301
152 1525 1785 2229 3691
105 1809 3016 2387 3474
1342 591 816 2604 3827
1441 3677 2985 1992 4013
229 1420 1842 3272 2531
1211 1740 598 2546 3547
33 936 662 2605 2981
991 1183 1206 2208 2569
1235 1469 551 2658 3814
1200 486 2997 1937 3444
1570 1776 1995 2410 2637
2829 3345 2249 3478 3843
173 363 1586 565 2825
374 426 2266 3576 3675
324 1321 2530 3083 3204
242 3169 2201 3646 4027
55 201 1137 409 2297
66 925 1583 1865 846
760 798 3203 2373 3486
2247 2806 1993 3527 3545
85 720 2084 3690 3988
1907 2511 510 567 879
207 637 1646 547 2249
2533 479 794 3190 2478
1858 351 2404 3475 3909
1784 3374 1964 3844 3912
97 558 787 894 3805
1419 2685 2739 3429 2403
1391 740 2389 3220 3824
1044 1665 3440 1960 2312
1126 1430 1509 2346 2375
1043 839 2840 3124 3954
325 1256 1618 1815 1871
166 1227 1847 2090 2388
2848 3353 3457 3516 3623
166 235 2988 2534 3557
29 2028 3239 3353 2524
319 1211 560 2169 2088
1031 1223 1406 1737 2595
1374 1500 594 2822 2361
1079 2332 2062 3153 3696
1797 431 515 3469 3530
116 1232 1967 1950 2603
1063 1391 2782 2317 3904
173 327 3267 3356 2075
1776 2203 3495 2367 3780
1090 1447 384 2069 2120
954 1409 370 3106 3281
1619 1830 360 591 2348
227 1804 644 2751 3469
37 1447 1959 2062 3445
922 1435 1945 3902 3950
221 1485 634 2691 2115
805 2450 3565 3762 3869
106 1187 1823 3067 3510
179 962 1325 2542 3132
234 1014 2674 3855 3955
1797 791 3039 2130 2489
1370 1392 1627 2929 1950
1465 822 2670 3303 3889
629 1337 1658 1803 882
422 3674 3559 3693 3737
206 1382 1659 2920 2548
1103 1610 1637 1800 2057
158 2512 2870 3241 3659
35 274 1559 720 797
1611 530 2974 3493 3927
90 228 1186 2000 3705
3196 2058 2139 2226 2228
78 960 767 877 3645
1550 2776 3167 3349 3399
347 2180 3353 2408 3929
131 195 555 759 2433
942 499 2703 3453 3815
1729 2295 2679 3799 3874
1638 867 3361 2026 2188
54 1228 1524 2544 3548
1878 727 3750 2785 2290
972 1143 675 2808 2249
98 1002 1291 3723 2488
16 312 1100 1791 877
2838 3009 2228 3708 3940
319 1182 1997 2654 3708
3383 2011 3485 3546 3640
44 158 1763 3852 3885
1388 1623 3388 2430 3820
897 1353 1752 3268 2514
113 1152 788 3150 3821
162 1017 604 2120 3468
1792 1891 378 2093 2208
600 3272 3394 3398 3505
972 1165 643 770 2675
3290 719 2793 3430 2100
1363 3851 2828 2963 3314
1050 1116 1334 1843 3745
1248 1676 3248 2672 2780
649 1023 1585 2938 3915
1389 1498 1784 3577 2195
93 1201 1385 1389 3459
202 1602 1675 3075 2304
1721 2024 3435 3489 3946
1414 1592 685 697 3128
1008 1176 1322 1846 2656
75 155 1074 1753 2533
94 858 2677 2014 3445
1049 1579 3454 3359 4005
91 494 702 2328 3753
259 1537 2837 2192 3548
59 966 644 2101 3985
1445 2417 2750 3095 3698
316 930 1504 2559 3925
1156 1242 1283 2778 3880
310 911 1859 2525 3652
1003 2283 562 696 3176
1640 3245 2762 1966 2560
180 3299 2497 2648 3780
1208 1344 1716 375 2803
946 1187 1437 1745 2939
151 483 1447 1568 2776
806 2125 2900 3349 3774
1519 3244 2129 2407 3632
518 548 2690 2444 3835
178 1035 664 3752 3849
345 906 3105 2395 3858
2458 865 3032 2012 3476
192 1252 2199 1988 2641
1048 1218 1686 1918 1943
1973 2840 2882 3905 3938
1714 533 2933 2118 3742
1196 778 2829 2897 3411
1210 3797 2872 2657 4032
1129 1532 3487 892 4029
1258 1355 784 2722 3423
224 1867 3750 2970 2574
1535 399 3045 3166 3570
2008 2262 2452 2480 3578
90 680 2920 3391 2521
294 1470 355 3773 4030
58 74 1228 3708 3863
433 803 3331 2075 2382
2471 3633 3877 2208 2539
1145 1172 1680 3371 2414
1183 1826 591 2136 3478
236 1055 1737 1824 3724
913 1455 1828 3327 2482
1775 1794 851 2419 2303
406 2848 2584 3720 3912
1397 393 675 886 3891
1622 1830 1834 2292 2475
1507 748 3162 3426 3782
122 221 2762 3015 2006
237 1313 1411 463 2421
103 169 621 3201 3434
2885 1550 1855 349 3953
1316 1332 3162 3052 2145
1343 1710 1773 2371 3614
2797 2900 3411 2008 2513
103 1457 1759 2616 4029
47 1453 3148 3243 3885
1568 1877 2027 406 2530
272 976 1447 380 752
148 171 916 2912 4024
54 344 1192 571 2727
1892 3103 3283 2033 3767
115 197 1695 823 3626
1087 1449 2695 2737 2253
262 1578 1856 2702 2507
26 1630 858 3711 3895
149 1741 491 557 693
1355 2557 2638 3706 3760
1652 2547 3209 2435 3910
31 783 3383 2495 3940
1372 541 2980 2025 3563
366 1256 411 718 3842
1283 2042 3382 2290 3936
1169 3206 1986 2206 3966
1815 1850 3141 1979 2269
911 1122 1808 2909 2977
1086 1718 832 3245 2962
83 1852 3007 3398 2573
2930 2022 2061 2107 2473
63 1403 1782 3467 3994
1194 1282 1539 1774 2204
1715 1924 1989 2204 3859
1293 2009 2328 2986 2565
1576 2106 3566 3765 3982
1329 657 2046 3530 3618
41 1373 1999 2352 2657
933 976 2996 2217 2278
1677 3398 2091 2435 3748
239 484 898 3505 3968
1825 858 2680 2800 3902
977 1021 1022 1802 2746
1572 1667 3327 2152 2291
1344 1783 1902 4031 738
1325 1428 1806 880 2467
641 1240 1432 3383 2252
2289 2834 3423 2321 3974
1806 2333 2577 3510 3999
2498 2792 2902 3559 4017
1419 2793 2904 2996 2581
318 1596 2969 3372 3482
1548 1669 1768 1796 3976
1105 1517 856 3253 3429
1650 1901 2223 864 3865
264 2947 2988 3642 3679
33 163 2885 2494 2754
1321 1470 1610 648 2387
1286 1428 1701 394 2884
1241 624 2333 3074 2623
208 230 646 769 2231
899 1012 1781 2753 2797
1268 1487 2955 2488 3665
1206 1724 632 3830 2306
18 677 2333 2791 3657
1807 3066 2323 2353 3597
151 3886 3072 2487 3805
1790 466 839 2804 2630
152 2436 595 3190 3815
419 3282 3904 3931 3976
1572 2239 2881 2449 3757
1552 738 2105 3460 3825
970 1884 854 3238 3841
1256 3741 3022 3516 3717
2174 697 3162 3578 3912
84 982 2746 3279 2611
301 1233 1584 2540 3451
1854 1871 3989 2113 2205
1050 1349 3737 3789 3799
1688 1750 402 3163 3298
1073 1192 2387 2395 2466
256 1479 397 1964 3994
663 835 2273 3655 4007
272 310 1669 2776 3053
21 1237 1586 411 3631
1277 1737 2743 2306 3668
2838 912 515 3784 3788
1114 1202 1783 729 2021
1471 1783 2718 2765 2353
2007 2932 2948 2109 4035
17 2360 2565 3881 3949
165 1329 1592 769 1997
166 941 1248 592 737
78 295 304 1236 3741
