1528 2111 3771
1119 2962 2380
1702 3351 3537
2163 2900 3581
3190 2154 2645
2852 3607 3724
368 3026 2487
2336 3449 3696
1599 2336 2807
963 1173 1234
252 2279 3421
848 2922 2261
1064 2667 3937
637 1742 3652
270 1196 3719
1172 1465 834
2975 2537 2569
346 2789 3172
919 1333 1587
793 3478 3760
13 1695 2706
29 3145 3576
2678 3481 3820
923 550 717
1280 2259 2568
1296 2194 2875
1632 553 589
1384 1578 2418
1206 1308 2458
1694 3023 3524
2797 2310 3554
213 1203 631
2555 3528 3531
3180 2123 2568
1399 3227 3853
788 3273 2000
3210 3838 3924
744 3301 3310
2355 2429 2503
1586 2240 2339
2865 2943 3661
1515 3317 2565
1216 382 3292
125 1109 2740
3328 3279 2046
1426 504 515
535 2214 2238
1406 1804 3573
1128 2231 2428
3677 3145 2641
1091 2203 707
42 1344 3294
1304 1705 3503
195 3066 3929
1529 1711 2043
14 3303 3558
1578 1623 2792
1626 3245 2008
318 1425 3678
1689 2067 4023
96 2585 3825
1716 2785 2882
622 3258 3785
1263 2812 3558
208 1324 1815
435 568 3260
2812 3461 3809
964 604 3433
200 648 3826
1335 1601 559
2771 2079 3558
1414 701 2222
3279 1946 2098
962 1069 2853
302 1952 2591
2053 2343 3678
283 376 3796
2676 2695 2730
1836 2268 417
568 3641 3976
80 1588 3369
1375 1419 1834
1932 700 2754
3551 3895 3933
1025 1338 2503
2868 1927 2106
599 618 3012
347 3031 2186
2289 372 3936
1044 1616 663
1386 3525 2956
346 2879 2033
334 3068 3532
34 1658 858
2608 2779 2858
1543 752 2891
108 1207 1672
344 422 2050
1632 2144 3828
1816 3265 3319
136 2773 3566
2302 3156 3298
1678 1992 3688
89 257 3140
10 520 1916
1076 2582 2474
1210 620 1985
617 2969 3502
1547 1730 691
1720 732 3922
1403 570 3772
1106 1301 3156
84 3408 2108
102 2283 2409
2155 2022 2209
1663 1889 3651
1154 1323 1978
406 3264 2521
1074 2810 2217
2152 3564 4013
3019 3304 2728
287 1719 3183
1068 770 3259
1955 3330 3600
1880 1888 3412
3057 2797 3888
1394 1835 683
1241 1273 3944
2640 395 3032
298 2458 838
1284 1726 2941
517 857 3187
163 1356 3177
909 1076 3320
1335 3224 3925
284 2498 821
1140 2462 3755
2117 2711 3397
1525 1875 2605
1230 1578 2467
1550 2926 1925
607 823 3019
996 2824 3840
835 2802 2270
2706 3372 3649
2648 3865 3887
2538 2346 3506
3345 2415 3743
1671 1852 2879
3244 3668 3937
954 2778 2025
1199 488 700
208 1837 2621
726 3097 2715
1556 3304 2942
1012 1274 847
2292 2914 3516
1441 2877 3017
2738 2857 2220
465 602 2939
848 2651 3672
1184 2411 4010
75 1855 793
2971 2026 2407
926 3080 3513
619 3294 3804
459 2778 2532
1367 419 2850
1170 2061 2362
31 1232 3550
1912 1597 2333
1590 1790 2680
89 2027 2666
996 2143 813
3184 3326 1966
110 1876 3399
840 3012 3417
133 1558 3312
62 1408 3318
669 2559 3701
136 1535 467
1470 2712 4038
256 660 2140
329 1233 2624
137 381 2523
1608 2699 3307
1127 2239 2918
1281 2065 3498
820 860 3643
1014 3252 3365
1099 648 2737
1292 613 3865
1270 515 3119
1079 1891 3510
1284 873 3249
657 3055 3443
2365 3733 3974
1426 2894 2486
29 225 254
1180 2047 3411
17 1146 2135
907 3830 2497
1363 619 3743
1773 568 2100
1146 2927 1923
1200 2925 3843
113 263 3969
65 1378 3039
205 1232 3740
1264 2571 3329
933 2990 3192
30 3779 3409
673 3424 3657
992 1036 1389
1395 1409 2898
1605 2985 3508
19 1003 2368
1301 2452 2576
789 3092 2563
155 337 3946
397 837 3964
1190 1226 1577
16 421 3272
588 2136 2310
1849 871 2214
1176 1932 3612
49 2451 448
324 2973 3042
1400 1545 3758
68 3283 3585
1667 682 826
1138 1908 832
2028 2597 2674
1098 1236 721
1070 779 2807
1032 667 1978
3101 2275 3624
1719 652 3709
1196 3080 3339
224 1064 2024
2883 3099 2123
85 147 3634
1099 1604 1779
299 1608 1855
226 455 569
3423 2145 3714
924 1479 2212
704 2901 3539
1492 2954 4025
1801 2068 2406
944 1589 1877
1293 2731 4010
197 1787 2522
2583 2756 3399
147 3596 3819
35 276 3164
1240 3640 3716
316 3074 3407
2826 2682 3545
1945 429 456
1071 1883 530
1779 2502 3469
1906 2055 2165
3504 3509 3796
1615 3367 3722
2 3072 3078
2472 3633 2811
1028 1497 512
84 1047 1627
1635 2944 3474
912 957 2757
55 3183 2168
324 2795 3067
92 1279 779
1338 2943 3052
987 2894 2457
222 2327 2998
1570 3083 3991
2330 3909 3912
1774 2482 3709
962 812 2066
100 3756 3568
282 1645 2929
1784 1805 545
1866 592 2676
1484 684 2691
1719 1967 2988
904 493 3992
84 1036 2015
1809 2866 3532
519 3239 3488
127 1033 821
220 1576 2794
204 2983 3919
2032 2860 3536
1036 1717 2933
3178 3043 2067
1123 453 1961
454 3101 3441
1561 411 3116
915 1100 1493
1667 2242 3515
446 2352 4038
1951 2787 3159
1016 1193 558
631 2845 3725
1037 2927 3191
1316 1706 462
1130 1374 1828
1943 2193 3770
119 719 845
45 2014 2595
1005 1893 636
1249 1537 3873
2544 3275 2402
1757 2240 3512
22 515 3820
942 989 811
1109 1927 3488
1255 2052 2326
1492 2557 2596
901 1322 2207
1261 572 2702
1865 710 2373
1063 1106 1503
175 509 3146
416 3656 3899
1103 2839 3356
1216 655 3763
1808 2930 3930
1655 730 2858
140 1920 2367
2478 3654 3990
1666 354 3608
653 2729 3918
328 2161 2353
2702 3077 2145
910 1942 2369
716 2176 2112
1133 2802 2469
899 1205 3506
1170 1479 408
180 1076 1472
281 1048 1783
314 1899 2274
345 1392 3531
1157 3415 3536
706 3726 3812
3318 2109 3821
414 1489 838
1079 2678 2513
982 754 3315
1363 1643 2011
1876 2346 3698
1027 491 3845
1725 377 411
35 3871 3888
1898 2766 3293
263 435 469
974 2718 3206
210 258 2070
307 3113 2434
915 1873 3335
3377 2108 3644
1790 1874 3195
2226 2412 2487
286 612 731
1495 1687 2708
679 2867 3884
1378 3175 3922
489 3376 3504
381 2709 2446
229 2001 2845
3651 3562 3708
842 1966 3808
1875 802 3372
1157 1273 3692
2734 3081 3090
1641 2028 3761
1182 2094 3630
105 2063 2162
1096 882 2901
155 510 2344
601 3057 3773
3109 3527 3747
313 2747 3037
122 1581 2849
1635 3487 2372
1031 1165 1934
169 1223 2601
1073 2070 2487
67 1622 2960
1972 2932 2467
2859 2359 3985
1681 2436 3660
1673 2948 3656
1403 1687 3589
629 2094 2411
1783 3127 2156
1271 1778 3299
1750 516 2410
1893 776 3039
82 2810 4035
1838 2760 3442
527 597 3110
1228 2167 3527
1705 2615 3808
1787 3216 3531
1694 2365 3515
123 674 2626
635 2756 3554
173 219 2423
52 1490 2697
370 512 3566
916 377 3841
103 1519 3719
928 1511 3606
897 524 3531
1258 2343 2200
1692 3676 3796
1030 2071 623
405 658 3348
1641 2460 2478
2753 3405 2079
2289 3186 3846
307 446 2964
552 2393 3881
690 2023 3945
369 2693 2763
1296 2332 2351
23 3406 3710
778 2852 3563
1464 1819 2653
28 1909 2733
715 2766 3197
1003 2833 3783
1888 3989 2747
1106 1534 4004
657 2811 3597
930 403 838
40 91 1883
2895 2013 2593
1066 372 3175
1614 807 2752
1035 3761 3997
1314 2664 3705
999 1101 2150
386 678 767
3319 2781 2308
1167 2163 3360
1801 482 3798
1060 3357 2431
1509 2396 3687
266 3069 2495
353 2197 2455
315 1346 2518
19 515 3552
682 3329 2229
965 1663 3455
1559 461 2989
934 1653 748
238 906 1251
241 3881 3956
432 1949 3507
921 1148 1983
3136 2955 4035
1748 2907 2490
1033 779 2701
1838 2356 3700
61 117 3053
1311 3704 3821
184 2767 3053
563 1770 2100
1674 3111 2422
197 468 3216
261 1462 705
922 1046 2562
1273 2117 352
1271 2888 3869
598 807 3204
751 774 1943
1074 373 3580
1932 774 778
236 410 2664
1747 1799 2916
1019 1739 2450
2279 2169 2434
1148 1411 700
1517 2463 3062
959 395 3517
1582 2163 3583
746 2389 3415
619 3561 3317
31 2272 2515
991 3348 2488
345 797 3118
1916 2906 3528
1065 2357 2572
1057 1793 3192
2153 485 842
1640 581 3504
1966 2146 3807
1422 2199 3965
2956 3150 2633
667 707 2299
568 3416 3880
1396 1400 3306
197 1023 1508
1361 1770 2054
1108 3329 3551
591 2750 3022
3592 3569 3881
43 2066 4016
991 2039 3662
2267 1994 3889
166 2354 3785
3078 3269 2407
1635 1706 364
4 660 3752
1910 3392 3634
488 3553 3833
651 1181 2724
2822 3141 3906
53 2932 3665
647 3386 3553
955 2776 2970
115 1344 3763
1075 1855 2669
1365 1814 422
1931 2107 3488
1782 1899 3060
983 2511 2360
538 1803 442
1393 2544 2866
1478 1852 3094
6 355 2905
3362 2155 3968
1586 2513 3858
3094 3489 3836
332 1756 476
337 2247 3763
325 1012 3029
239 418 2577
681 2720 2545
1338 1665 3389
976 2266 3337
156 959 2715
2871 3229 2227
363 1535 2355
1582 793 2402
1859 2800 3329
1171 2781 1933
304 3058 3545
1271 2976 2065
1128 1497 3925
1094 3299 2479
1991 3372 3827
317 1720 3473
1849 3583 3853
1487 2268 3401
1353 1363 3734
976 677 1938
1062 1398 2618
1527 589 2591
2684 2003 3894
3102 3479 3624
1851 2743 3515
271 1110 390
1488 2093 3670
34 242 2672
971 3601 3927
5 1524 2257
1301 2998 3503
2128 2214 3897
1042 1529 2644
59 2357 2438
2995 2585 2591
2519 2985 2650
971 1089 3582
83 771 3600
1062 2375 3680
1045 456 2222
2032 385 3539
1377 2953 2150
1544 3190 3853
1479 2697 3016
1459 2674 3915
903 1993 2040
2971 1968 3546
1325 3733 3959
772 2786 1996
298 1019 3042
682 3565 3579
1844 753 893
198 3088 1986
3162 3450 3901
1791 3376 3611
13 151 1814
979 2767 2317
438 2076 3999
2981 2276 3738
260 2959 3320
1758 700 2776
39 3331 2971
1845 539 3707
1753 2665 3476
1673 1746 1919
1267 770 2324
3428 2353 3576
63 1659 531
1028 1068 3661
506 2715 3617
1822 3597 3732
1718 599 681
2225 829 3611
1644 1711 2340
1821 2976 2328
1425 1779 2250
294 2036 3816
255 1968 2552
2883 3194 3940
272 1329 1937
427 889 2453
2993 3416 2146
29 1589 1657
609 826 1962
3084 1977 3589
1094 493 3774
167 732 3225
2446 3693 3820
542 3348 2546
206 742 2600
1499 455 2868
82 1307 2708
3184 1980 2624
339 1168 3853
872 2834 3823
3422 3695 3893
1621 3447 3584
2054 3496 3804
957 1430 892
1255 1392 3070
302 653 3650
1067 2968 3130
2138 3086 2650
345 1596 853
476 826 3865
171 1799 3865
1668 2563 3459
181 1144 2861
1276 1779 3790
1274 2994 3559
1216 2696 3596
563 2042 628
46 560 3795
1788 2562 3898
1792 2288 2646
2312 2486 3529
1671 2693 3512
1462 2134 2698
170 3722 3728
313 433 3543
1012 1486 459
1815 854 2420
1491 2353 2603
1455 1485 2530
2348 2521 3915
2986 2438 2474
173 3417 3637
1399 1722 3657
941 689 2482
420 2977 3485
1083 1547 3360
1240 1910 2415
1416 2643 1941
942 1628 2813
1528 370 2202
1015 2540 2611
1697 1715 3351
1418 2723 3500
2169 2951 2172
196 1128 378
1134 1879 3042
757 3407 2093
1451 3090 2610
69 104 3485
344 1583 3502
204 2301 2353
1444 1476 3574
1332 3619 3689
1125 1889 3034
1741 3136 3308
3121 2462 3785
496 798 2420
149 2598 3724
697 2195 2650
1036 533 3747
1198 515 2553
1211 2608 3593
2666 3396 3981
1223 1451 2628
441 712 3054
110 247 2177
936 1793 3847
537 3373 3458
3359 2615 3627
2436 3348 2652
2924 2230 3551
418 518 3520
1042 3272 3967
253 1568 3065
1996 2043 3881
70 492 2202
900 1832 2443
1131 561 3207
328 385 3885
1070 1739 819
3118 2177 2433
1843 847 3356
2892 2722 3426
1311 1627 3190
1080 1089 443
346 3096 3398
250 1432 613
902 2681 3146
228 242 1412
1195 2149 3530
151 730 3134
869 3592 2022
859 3072 3535
1542 2361 3920
2263 3766 3866
473 2272 2286
2199 602 2162
201 3285 2310
7 949 725
340 955 3339
1842 2434 2550
1322 352 792
588 2434 3631
1106 772 2350
64 770 2880
3320 3448 3676
78 520 3947
3289 2407 3930
2822 2301 3708
3331 3134 2206
1057 439 2175
1505 2332 3073
1889 2009 685
651 1313 1478
1726 647 3471
1290 531 2142
1086 1376 2236
54 778 3716
944 3681 3897
98 1333 3516
1570 1656 3920
1932 3086 2056
2461 802 2646
1039 1676 1904
1994 3017 2443
2883 3010 2575
1632 686 2158
1741 2714 2615
1653 2111 2006
1062 2030 3713
2822 3405 3567
430 672 2655
1236 1521 2033
1057 1489 3632
732 2780 2349
3075 3362 2648
3046 3421 1977
1045 3083 2063
805 2095 3624
1647 770 2206
60 1788 1915
1244 1449 478
1874 2756 3740
679 1975 3865
1009 1481 2117
2378 693 3008
201 1340 1821
536 635 3142
1743 2886 3681
1086 2886 3422
1681 1827 3800
162 1219 1635
1214 3962 3944
1471 3577 2340
710 3102 2190
457 862 2606
758 3781 3904
1902 2001 416
951 1886 3878
364 3418 3982
1788 1883 3913
313 552 3388
2137 2051 3767
239 1114 1680
1358 1398 2937
1208 1868 2152
3102 3257 3367
216 414 3558
585 3355 2627
343 992 1232
3101 2710 3984
1791 1881 2387
1892 385 423
1014 1721 3968
237 494 754
91 1626 1738
2494 431 3264
1590 2525 3929
248 1332 3133
293 624 2210
1221 411 3095
219 992 1165
1404 821 4026
1606 1734 3443
1471 1570 2022
707 768 2014
112 2372 3439
1138 2835 3041
1268 621 3090
232 1855 2556
375 2041 2067
1282 2321 2615
1100 377 3979
1256 2873 2456
2444 3778 3854
309 866 2373
1703 464 3729
170 3550 2697
2698 3074 3953
1465 582 2898
1441 466 788
56 574 721
893 2595 2621
3244 3538 3575
2491 3706 4022
123 1564 1843
1695 573 3086
62 2753 3625
1298 2007 2662
1842 2734 3919
1457 620 2466
1250 534 3671
459 2703 2712
1759 474 853
2629 2556 3956
305 622 3566
1437 1692 2386
996 3388 2534
1301 633 3223
1019 2670 2034
1760 3371 2469
247 3112 2455
1748 2063 2166
2847 2425 3638
123 3301 2575
1523 1985 2362
253 1677 2921
648 3543 3623
251 754 2720
1763 734 3505
1719 794 2836
587 756 2896
510 3201 2115
1243 2872 3282
3233 3018 3170
1279 2629 3276
637 1773 2453
3289 3126 1961
815 3063 3911
2869 2747 1985
141 302 3497
1139 1348 2620
2555 2413 2904
2038 879 2019
2499 3605 4004
2542 2061 3842
1578 1695 2066
1224 1748 3800
1373 1811 3235
2742 3070 2464
533 546 2782
1371 2771 3520
1 107 3981
1344 543 3048
3138 1914 3644
648 3781 4003
429 2912 3196
1324 1776 3548
1067 2440 3803
1658 3298 2182
3363 1966 3753
100 589 2667
1290 1530 2705
2254 2798 1930
1661 679 3468
1249 1816 2403
1075 3620 3964
1713 382 2013
152 2159 2525
1274 1815 3751
2298 3058 3824
1104 1268 3591
1894 3351 3782
802 3293 3580
3962 3177 2269
1031 1209 3303
420 1223 2938
1443 839 2311
1518 2246 3846
1538 1995 481
1872 2112 2373
578 1947 2671
1764 561 2443
2292 759 3160
1175 2267 3187
1443 1823 2193
262 1905 3704
186 1775 2214
1875 3321 3474
323 1437 1991
1435 634 2975
1766 2391 3913
724 2822 2646
1602 1947 2484
1480 819 2703
1715 2705 2487
2954 3228 3938
183 2267 2852
218 2592 3121
324 2182 3992
3170 2119 3600
654 3440 3181
1425 2448 2546
1068 1228 3986
1022 1097 3055
1593 545 3629
1244 1931 2634
506 2970 4032
1112 1364 2036
992 1909 439
941 593 3371
1350 2921 2297
3316 2325 3697
3344 1950 2573
1043 1127 2690
578 3072 2633
2703 2772 1993
1525 1858 1869
1013 1382 3771
384 3220 3825
134 3066 2307
1093 429 2026
1385 495 2989
2143 2087 2959
477 2772 2891
383 513 832
933 2473 2540
1640 2392 3716
242 1138 2837
1623 3637 3897
1472 1639 3166
1107 1604 3301
3980 3308 3936
913 1897 2288
227 2030 3849
1604 1635 3786
540 2868 3515
3029 2023 3934
214 1602 2576
700 3120 3806
3980 2853 4030
1002 440 767
275 1243 3095
286 319 1262
606 1352 2648
1083 673 3720
625 2898 3947
74 1505 1871
344 3918 3983
1794 3162 3775
3131 1975 2652
984 2259 2520
1759 2579 4023
1487 1973 3596
2502 2596 3818
1061 1978 2596
1518 1620 2549
1468 1965 4008
855 2917 3737
1711 555 3837
3173 2466 3983
1086 1113 1419
1010 1493 1620
