165 251 1594 2836 3206 3837
245 257 1645 2494 3313 2281
134 414 1343 2529 2998 3546
658 2544 3345 2029 2435 3683
943 1407 594 2700 3167 3894
536 840 870 2579 3648 3863
176 910 1029 1965 2367 2479
287 973 1626 1671 2459 2516
420 1034 1190 1370 1561 1705
7 124 1122 2071 3223 3323
1573 3026 3200 3369 1937 2407
952 955 1437 610 3435 3663
187 1003 1338 2284 654 2168
1329 1664 626 2870 3531 3992
1269 1939 2829 2837 3574 3931
3035 3157 2564 2648 3893 3993
1392 1663 1863 682 3004 3709
1851 3168 2465 2877 3510 3548
1211 1850 398 3287 2453 3465
1554 802 873 3039 2185 2580
2693 3123 3275 2536 3504 3747
986 1167 1552 1875 2729 3219
1288 1320 2001 3677 2159 3979
326 2838 1839 409 544 886
90 944 509 3561 3192 3339
137 1816 3331 2114 3835 3863
1775 2151 2745 2824 1988 2216
1229 1374 1875 2892 2849 2274
148 1327 1643 520 3038 2325
149 366 834 2918 3181 2092
538 981 2973 2639 3659 3981
41 444 2685 2846 3377 3959
420 1391 683 670 2269 3608
1638 890 3948 3096 2404 3954
208 446 813 2297 2334 2350
93 1282 1887 3218 1975 1982
390 744 2630 2652 3749 3992
232 905 1183 1438 623 2051
331 348 1147 1251 2432 3720
525 600 3633 2902 2495 3879
254 1376 519 2678 2194 3752
1169 1563 1863 2053 2563 3898
119 344 1353 548 3037 2059
61 980 2445 798 3345 2248
1088 1611 2143 578 2673 3351
220 724 775 830 2904 2934
130 265 1268 551 3830 3994
1243 1490 733 821 3361 2412
225 651 1427 1599 1904 356
475 1207 1457 1645 2663 3434
580 997 1655 2647 365 2913
59 167 1682 2660 3948 2585
1191 1909 2704 500 3157 1961
1019 1544 1882 2902 2049 3869
1295 1753 482 891 3305 3498
325 903 970 3103 1919 2263
1651 1780 3363 2386 3463 3908
161 1454 876 2215 2914 3729
16 2279 848 2992 3722 3805
255 1640 3278 2850 2626 3762
967 1349 3136 2012 2202 3543
185 1538 1744 2028 3838 3928
1447 1740 889 2979 3333 2593
1583 3251 1992 2167 3528 3896
649 643 888 2285 3658 3918
56 322 1637 2114 2621 3649
999 449 875 3264 2550 3768
75 300 1833 761 3467 3855
161 649 1185 3106 2037 3554
389 533 864 3012 3144 2373
295 956 379 2431 3623 3791
363 629 1062 535 794 2936
1475 1529 545 3245 2558 3518
1456 1976 683 3321 2252 3960
563 1587 1688 2017 3718 4002
166 1223 437 3086 3337 2639
1329 2510 814 2756 2816 2325
66 253 270 1631 3373 4005
90 310 2298 2064 2232 2452
1058 1094 1127 1262 1541 645
1792 2594 2986 3099 3566 3981
1527 2757 1946 1958 3445 3968
1003 1446 888 3119 3768 3847
566 925 1378 1509 1545 2287
1106 1768 620 856 2262 2422
1657 1805 1840 2436 3402 2029
1471 430 454 2519 3457 3472
190 596 2024 3197 3236 3558
1001 3026 3155 3283 2536 3821
917 1580 2839 3008 1962 3854
127 260 807 2776 2833 3474
946 1116 1152 1389 1571 3895
130 641 2337 3287 3718 3909
103 1458 1860 825 3234 3514
291 1789 1855 351 2375 2550
1121 1677 1843 826 2936 2019
102 1249 1319 3212 3221 2114
127 1562 527 681 2981 1990
1783 683 762 2955 3739 4012
629 454 2747 3126 2584 3904
1 270 2902 3492 3582 4015
54 3989 3304 3362 2019 2341
1912 949 1323 3037 3074 3669
513 2823 3059 2074 2624 3595
226 1179 1310 1973 400 3153
1861 528 2512 2785 3048 2659
139 2859 3311 3356 1993 3640
172 1506 1900 3124 3546 3867
1016 1115 1874 676 3035 2382
1750 2364 784 2040 2444 3509
67 1085 1207 1374 429 3524
912 1016 1144 1768 872 2897
231 1141 1253 2463 3370 3613
25 1751 2809 3423 2029 2630
1236 1256 1573 2567 3230 3745
1044 1882 2896 3219 2438 3932
177 1080 1440 1455 718 3168
1177 1444 616 780 1989 2089
285 2498 506 2742 3094 3163
1434 1699 564 415 2073 2094
116 2867 2083 3570 3937 3991
197 1242 1759 470 3319 2170
1110 1379 1844 3487 2124 3863
722 3178 3081 2623 3670 3975
1056 1388 1487 1613 3387 2276
1216 1680 1710 1861 1945 3375
1266 1550 1584 458 618 3160
901 1864 850 887 3371 2356
930 1282 1413 1771 2249 2621
1395 426 543 3720 3782 3904
1017 1021 546 812 887 2495
1158 1430 2323 2506 2619 3623
226 625 2424 3490 3736 3738
64 1143 1486 1593 3531 3864
263 271 1155 522 3797 3815
1077 2380 2548 3663 3804 3905
340 640 892 3149 3447 3997
641 1410 1620 1798 877 3466
1849 1877 359 839 878 3832
964 1131 1302 864 3166 3326
1159 1256 849 3019 2107 2586
245 1781 2293 2532 3450 3930
219 1365 434 2239 2114 3486
1388 390 2377 2846 2879 3720
1420 1581 608 3046 3689 3768
972 3409 2819 2905 3221 3806
235 1755 2024 2732 2844 2082
343 1740 1904 3261 2311 3582
209 485 3948 3128 3192 2088
1324 1608 2971 3498 3868 4021
122 1082 399 3540 2215 3735
345 2247 875 2240 2248 3876
3684 2196 2202 2369 3442 3650
314 1246 1292 1387 3425 2392
205 1114 1363 1434 2891 3780
912 954 1608 1834 3561 2107
1061 1854 1880 2091 2204 3805
54 1750 2903 3163 3840 3889
1224 3487 2989 3237 2488 3707
250 3234 3380 2404 2606 3892
228 428 2733 3029 3480 4030
363 1179 1286 3107 3212 3215
1477 577 3288 2322 3602 4017
1106 1709 708 734 3164 2263
352 358 3343 3395 2581 3822
293 995 2224 2284 2253 3657
1819 1858 486 565 3179 3330
128 2001 3177 3182 2013 3746
919 1191 1250 1689 3440 3471
156 1116 350 2029 2603 3769
192 1468 1564 613 2575 3969
1527 536 2315 3223 3528 3852
3331 2582 3521 3578 3652 3769
56 353 1248 537 2352 3880
65 314 534 3741 2198 2782
1205 1578 693 2903 3835 3925
916 1360 560 3081 3343 3858
256 637 454 3209 3393 3625
918 924 1146 1273 1836 3944
538 1253 1549 373 2968 2849
1435 2461 661 2988 3569 3769
1647 3179 2404 3734 3744 3876
93 213 987 3275 3280 3585
389 2589 2496 3778 3900 4016
226 1497 1850 3797 3174 3220
186 1279 704 2931 2949 3210
1461 571 3086 3224 2020 2159
86 2496 2275 2345 3985 4014
112 1871 358 2962 2841 2890
1163 349 3024 2404 3546 3846
293 641 1015 1605 1860 645
323 1130 699 3347 2474 3834
3003 1500 1784 2547 368 2827
1061 1379 831 2037 3502 4013
26 948 1085 582 2970 3281
297 1008 655 723 2841 3971
74 1201 1467 1936 2345 3560
218 2924 3017 3029 3618 3977
1500 615 2542 2771 2966 2324
1497 778 2169 2152 2221 2301
1391 1702 2865 2212 2584 3465
88 172 1510 3422 2426 3890
1879 684 2544 3029 2439 2593
1646 1781 458 3079 2830 3123
1676 2024 2171 2144 3743 3921
774 810 2964 3842 3915 4010
968 1902 2420 3536 3809 4013
962 1570 2653 860 2949 3623
1567 451 514 2053 3296 3856
298 816 3361 3020 2599 3559
1485 739 2057 2623 3814 3894
1325 1373 1773 452 2512 3415
135 977 1683 2960 2970 3049
1792 2018 378 876 2707 2248
1233 1414 1650 2738 2492 3641
150 1116 1124 1498 3843 3999
1000 1241 359 2052 1915 2440
1658 1734 3592 3420 2960 2421
1076 1284 586 660 2266 2120
63 235 276 1355 3012 2156
1076 388 515 2992 3627 3702
978 1219 512 3005 2906 3056
107 979 1403 1808 1972 2459
1037 1798 489 2841 3553 3965
1142 1767 3237 3573 3716 4014
1001 1714 2926 2932 2404 2564
64 552 697 854 2377 2574
963 1036 3336 3373 2088 3747
509 1967 819 2668 2074 2400
201 1386 779 1946 3652 3864
1768 1807 3389 2383 3818 3919
1454 669 777 2983 2520 3619
176 1431 2936 2987 2142 2305
245 1435 1792 3363 2412 3736
917 1795 1952 2381 2646 3979
1315 444 3651 2326 3791 3827
1856 2471 430 642 2925 3227
106 1100 1408 1993 2059 3912
201 984 1996 2202 3573 3694
983 2157 3111 3791 3959 3987
175 1142 1651 2948 3188 3799
969 561 2227 3557 3707 3994
956 1158 1184 1294 1787 547
1748 1767 1847 3381 1915 2613
2898 3124 3300 1946 2590 3451
1801 440 2056 2234 2550 3470
214 825 2935 3429 2409 2568
789 859 2758 2978 3193 2113
532 660 865 2778 2886 2118
1037 801 2298 3080 2535 3766
2838 1059 437 504 2092 2142
1195 398 534 831 3431 1922
230 1208 3228 3434 2575 3703
433 579 787 2232 2444 3733
207 438 667 2686 2855 3504
1519 2173 2248 2311 3858 3966
1365 1827 750 2676 2765 2993
1779 663 845 3456 2813 3169
1540 585 3609 2056 3772 4037
1068 1274 1689 423 3022 3555
389 1359 671 2861 2520 3472
982 1339 1650 3557 3875 3966
972 455 2877 3010 3389 3506
1273 2629 2294 3087 3159 2036
272 1307 2508 2368 3221 3848
538 1720 727 746 3324 3812
1148 1242 1433 362 2164 3864
233 372 3411 2261 2356 3638
15 238 1790 1860 2935 2261
1070 2302 624 3122 3123 2407
132 3207 2357 2369 3711 4033
563 571 2800 3377 2083 2534
138 469 2642 2944 2120 3590
1161 1371 1810 820 3032 2237
209 1203 1230 3451 3615 3903
162 1153 1450 3012 3337 2587
25 77 1364 1869 727 3512
1531 1976 380 3245 2136 2587
2475 3609 1993 2069 2618 3667
1799 785 2675 1944 2033 2123
81 2643 2198 3368 3913 3959
976 1523 564 2389 2830 3884
326 1157 1602 1668 3973 3990
1038 3014 2556 3507 3717 3972
1010 384 557 583 3536 3798
817 848 1993 3744 3804 4034
154 337 1544 1549 1701 380
1654 1686 1709 1838 3337 1996
317 1502 812 2795 2990 2326
2529 412 2724 3025 1985 2216
1648 1797 3080 3332 3365 3452
1522 1939 893 2764 3401 3882
477 3495 3592 2597 3310 2587
290 2885 1322 1780 3074 3538
997 1520 1642 761 2890 3073
245 1408 1456 1852 693 3428
1810 803 3059 2222 3629 3644
1430 1725 609 712 2432 3810
981 1342 1705 2547 2736 3393
64 1004 2647 431 2409 3438
1161 1387 1575 469 2368 2099
160 941 1757 1965 2539 3878
475 359 408 3203 3379 2142
1147 1327 1580 1685 349 435
1265 1281 1362 2592 3126 2485
1037 1315 2682 2832 2917 2628
334 2752 2211 2478 3469 3909
288 2509 2690 3244 2434 3931
29 66 1030 2731 3072 3504
1134 523 622 2937 3059 3738
1084 703 813 2616 2348 3809
326 1747 638 2355 3155 2405
327 582 724 2912 2497 3829
985 1850 504 3424 3567 3840
924 1773 2268 3223 3273 2587
289 1550 3109 3697 3776 3841
169 198 1050 1177 1801 2731
120 210 1329 3294 2433 3700
437 2723 2815 2993 1986 2150
23 1841 2940 3145 2411 2591
249 1211 530 652 3347 3583
187 2661 3042 3075 3288 3407
1045 1263 688 3432 2312 2637
968 1623 1892 749 3876 4017
1311 1691 379 467 752 3596
1710 530 646 837 3292 2366
1002 1521 1588 875 2754 2603
95 1250 1559 785 886 2478
1120 1462 722 2389 3235 2440
3029 3237 3400 2057 2339 3843
326 913 959 459 2858 2096
63 1229 1776 837 3430 3616
340 1094 439 574 612 3267
1056 1436 1531 1872 3169 2366
1813 573 2310 3477 3528 3695
33 390 646 643 776 3002
1702 634 2496 2052 2940 3974
1093 3038 2204 2480 3450 3676
956 1383 781 2328 3063 3241
142 2636 486 2805 1944 4019
124 1032 1222 1386 1577 672
1268 2851 2910 3026 3405 2020
123 1116 1512 3437 2639 3817
955 1252 1822 2282 2881 3340
1130 1660 2589 2536 3464 3890
1216 1227 394 833 2100 3585
772 3365 2454 2601 3580 3716
26 1116 392 558 682 3794
912 1372 1745 2725 2273 3881
123 902 930 1730 374 502
227 1261 3057 2962 3063 3144
466 515 2941 2022 3744 3867
117 1299 3071 3139 2407 2514
1256 1662 1832 2694 2126 2381
59 925 1076 1691 2924 3008
1429 1445 2547 3544 3935 3965
1048 507 518 3175 2393 3856
265 286 934 1271 2376 2379
1347 1349 1388 1907 753 1937
41 983 1261 529 635 1916
1599 849 2950 3380 3880 3896
1830 3420 2420 3280 3534 3755
57 1120 1121 1232 2495 3759
19 1021 1653 817 2795 3392
659 662 834 3012 3597 3685
0 138 1705 1726 831 2871
172 1141 1955 679 2010 2287
1389 857 3390 2473 3461 3969
948 842 2273 2993 1953 3885
1000 1110 2133 881 3336 2374
1151 1177 1291 666 841 3436
114 1154 3406 2662 2961 3869
1487 1910 3300 2033 2373 3494
352 729 3082 3251 1997 3891
48 1142 426 491 759 3301
1401 1623 2336 1936 3606 4037
132 2332 2782 3275 2122 3704
1767 643 796 847 3295 2839
1223 2009 635 854 2842 3243
1010 1385 373 633 2676 2521
340 1309 1657 1689 2956 3043
121 3237 1983 2181 2311 3972
260 900 1876 3244 2109 3878
109 1239 426 707 3435 2590
24 998 1331 1678 2246 2534
2042 595 780 3193 2093 3695
610 3265 3261 3281 2078 3521
1437 661 2340 3575 3645 3868
938 702 2148 2964 3130 2291
287 1616 3586 2303 2579 3873
996 860 2755 3193 3308 3587
1887 4031 2895 3117 1937 3957
1524 1530 2919 2031 2324 2632
150 199 2068 513 730 2569
314 1383 3039 3151 2162 2524
1265 1505 1709 1852 638 2427
201 980 1069 3989 1933 3498
1235 535 858 3181 2141 3500
940 1708 351 1958 2341 3473
34 295 335 1557 3194 1985
211 1182 2315 3084 1988 2236
952 853 2444 2483 3466 3862
1369 1395 506 613 3577 2406
116 1324 435 724 2750 3883
890 2757 2373 2460 2630 2655
46 95 1425 2689 3243 2184
256 904 988 1799 1853 3858
1086 2294 2711 3403 3901 3932
306 981 2680 3250 2212 2595
132 1945 704 2010 3055 3759
1050 1564 2295 2917 3809 3880
376 945 1187 3163 3298 3315
219 1281 2804 3159 3181 2165
39 99 1566 3437 3141 2120
928 1123 1412 614 733 2555
420 1371 439 2793 2977 2231
344 476 422 3640 3934 4028
1839 448 776 2592 3253 3946
1660 378 3185 3203 2426 2444
259 1250 1743 2989 3080 2300
162 1501 2849 2921 2023 2090
185 1444 1572 500 717 732
7 1077 522 537 2898 2248
337 715 877 3078 3474 3777
521 2663 3360 1960 2423 3762
1114 2284 444 2125 2667 3916
76 158 2010 1997 2044 3900
1675 424 2594 3418 2008 3998
1330 1896 1897 3144 2204 3795
371 686 3084 3359 2195 2507
1026 1534 1829 620 3354 2517
1425 3227 2120 2612 3625 3637
185 914 1377 632 2734 2084
236 1334 499 812 2465 4010
229 1590 1715 2198 3226 1958
253 1418 1854 379 557 2575
1033 1429 2512 2668 2973 3740
54 176 939 1654 2021 2397
997 435 509 3006 3026 2060
108 209 1145 1551 1805 3863
1582 1891 2968 3250 2015 3574
1797 716 2981 2515 2584 4005
1001 1460 2125 2333 2073 3637
20 651 1862 2108 3524 3755
1192 1320 3021 3099 3129 3249
948 1483 1618 2052 3698 3761
4 2052 3344 3611 3835 4021
1350 1721 1812 1876 3154 3397
3 2739 3297 3307 3522 3970
1718 1819 2302 2896 2898 2262
1238 1255 2223 740 2845 1961
244 2971 2698 2914 3198 2107
1867 2693 2824 2590 2603 3606
1233 582 3397 2155 2357 3846
1430 382 535 2935 2139 3954
123 898 1906 3324 3615 3828
26 1722 891 3128 1986 2503
1258 1483 2889 3395 3762 3946
1846 2284 828 863 3074 1919
206 277 3495 2988 3349 3879
322 1337 1354 612 2428 2627
49 1750 1955 2167 2479 3502
195 219 784 2693 3384 2441
1639 680 2845 1952 2142 3557
323 1332 2004 2250 778 4016
112 1328 2635 378 2689 2860
1146 1804 2823 2213 2299 4004
48 1606 820 3058 3401 2549
1517 1637 1705 375 872 3801
1276 1498 3195 3337 3640 3881
985 1777 895 3255 3429 2626
1102 1910 776 2775 3761 4016
912 1267 1334 2806 2954 4027
1664 1813 2547 534 3210 2440
70 1008 2059 2579 3708 4008
87 2279 3406 2205 2263 3918
36 1502 1905 1980 2409 3760
71 1052 2180 3096 3680 3705
7 27 1263 352 635 3874
204 1446 1771 2751 3327 2620
109 184 1776 3283 3512 3587
1242 1675 1870 463 695 2766
1062 1401 595 695 2992 3529
1289 3361 2724 3146 3200 2306
29 51 2944 3579 3842 3896
2054 827 873 3078 3288 2559
760 2870 2957 2960 3161 3755
107 1057 1776 1907 2196 2296
157 233 1776 1896 657 2997
252 1135 1546 402 3218 2550
164 1115 2825 1978 2236 2276
1241 1457 1840 827 2217 3615
47 1037 1134 695 2693 3430
36 192 1947 3219 2139 2272
55 1248 2529 811 3188 2514
598 663 2285 2743 3115 3852
1459 1465 1535 2372 3251 2362
1297 390 2675 2746 3152 2424
44 1645 384 3280 2422 4025
563 896 3135 3341 3376 3614
56 1057 1781 735 2673 3092
289 1177 1845 2874 3365 2078
273 475 1052 1517 1762 3015
6 285 1693 1943 2184 3827
988 802 834 2822 2060 3843
11 242 1709 3063 2182 2392
63 949 1068 3116 3274 2242
953 2635 2689 2550 3502 3700
1092 1128 1615 691 728 2842
119 1702 684 3246 2353 3858
320 2319 3021 3223 3337 3892
1647 2941 2891 2025 3576 3662
159 1145 3053 1984 2449 2650
1471 607 677 2030 2479 3465
1215 1827 1846 2447 2816 3183
274 1713 623 2935 1927 2456
666 719 813 3727 3878 3881
996 1622 1672 3352 2016 3458
336 1553 1739 2956 3372 3648
174 382 395 559 2785 2178
828 2694 2887 2248 3653 4007
0 1450 719 890 3031 3876
24 927 1497 1656 807 2261
211 1396 2141 2437 2615 3815
1143 1253 1699 534 1931 2236
1486 1580 1994 2616 2673 2477
37 1007 1539 1799 2127 797
1332 2692 3892 3949 3992 4022
1032 469 2874 3313 2408 3617
1128 1264 367 750 2419 2425
137 1571 3201 3129 3229 3234
1042 1108 1532 1852 3106 3129
1137 1585 1673 1814 518 1953
314 1711 835 2676 2961 3722
1181 826 2365 3496 3507 3855
25 1466 1507 562 2924 2432
1019 1543 1592 2576 3680 3982
102 1526 1564 3139 3716 4004
958 1059 1098 1328 3252 3994
1098 1307 1612 585 589 4009
2814 455 711 1947 2594 3563
1393 1717 2635 2746 2584 3730
1117 1760 1766 740 2795 3630
939 1044 1910 2377 3319 3562
914 1487 1830 548 622 2506
113 2814 1582 522 677 3356
922 978 554 2882 3862 3944
1371 3361 2228 3618 3628 3875
83 194 1096 1252 1462 2078
85 331 3861 3164 2181 3486
297 1035 3741 3304 2753 3773
1234 579 3346 3372 2659 3957
3 1216 1849 639 2372 3388
249 1017 426 773 3052 3837
696 3312 2316 2421 2439 3907
1057 1527 2183 2337 2315 2606
43 1384 2840 3360 1999 2373
139 238 2826 2879 3426 3809
2814 1045 1162 3630 3671 4014
54 172 348 599 830 3756
1411 2647 643 2750 3428 3884
9 214 1973 3153 3957 3963
145 146 1564 699 3148 2201
80 1134 371 761 3078 2035
454 3592 2710 3336 3763 3790
132 139 1536 1664 761 3148
317 1459 3237 3261 2229 2620
34 141 308 1710 724 2690
976 1627 1994 2776 3096 2497
629 979 1669 1691 548 3896
81 277 962 1101 3609 2860
903 1269 2447 3359 2067 3449
366 1601 518 884 2673 3276
1740 512 2191 2951 2256 3566
95 308 962 1200 405 3416
566 1695 2072 2244 2455 3445
185 998 1376 3652 3809 3814
160 245 3002 2296 3554 4003
1207 1535 2108 2626 3507 3849
1355 1814 2718 3884 3903 4021
1141 2054 2463 378 382 787
341 912 944 1507 1703 3009
211 581 877 2753 2780 3333
142 1661 1859 746 3195 3515
231 977 2876 3210 3430 3796
217 566 2137 2778 3243 3520
32 567 2693 3218 3530 3812
1088 1225 712 2727 2754 3002
31 106 985 1304 1903 2909
82 575 2470 2651 3649 3833
1127 392 590 2706 2112 2622
1085 367 882 3126 3127 3858
376 996 1055 2039 568 3926
312 1506 3517 3139 2021 2162
161 2731 2844 2906 1936 2612
323 1192 1422 545 631 2280
40 1567 1721 433 2363 2644
1381 1669 671 2759 3000 3050
242 264 1784 2946 2596 3499
1792 1828 666 3356 2329 2418
170 1693 588 844 3057 3335
992 1646 1825 3292 3311 3987
1093 565 728 869 3207 3335
17 114 3037 3184 2412 3747
1320 1516 691 2231 2490 2631
159 1240 1898 2494 3214 2623
1356 2903 3284 1917 2036 3809
217 902 2733 2943 2406 3519
982 1333 1804 770 813 2395
1708 388 449 3872 2497 2627
190 2289 668 3560 3730 3791
935 1585 715 3018 2069 3661
292 1114 1881 888 1941 2905
230 1451 2678 2938 3379 3631
1486 1770 430 3677 2026 3160
1007 1521 1542 3280 3432 3570
974 1006 1732 392 461 3148
960 445 3011 3555 3899 4017
908 372 430 599 2864 2902
325 517 1508 697 2998 3259
1415 1488 3961 783 3334 3926
1433 1776 1803 1947 2083 2265
57 1778 688 3217 3612 3864
81 124 264 1385 3521 3896
240 1817 534 3256 2572 3765
167 1612 1898 3074 3778 3896
277 1801 533 3560 3815 3991
1545 406 764 3080 2607 3542
171 338 773 786 3424 3746
957 579 615 3043 1937 3507
242 1110 1280 1306 3590 3754
19 1595 1853 542 2468 2872
278 926 1257 521 2550 3772
58 1681 777 2448 2658 3488
1827 1893 2018 536 2592 2748
1041 1599 1726 863 2765 3229
2171 577 3797 3315 3923 3959
244 1188 2647 2169 3129 3661
1059 1082 3111 2697 2311 3812
1571 514 2992 3114 2481 3705
192 906 524 3052 3996 3999
269 1640 2796 2015 2371 3610
1180 1403 759 2942 3610 3846
1212 1818 779 2269 2421 2442
547 3078 3262 3308 2550 2604
1248 1458 813 3421 1942 2078
235 1836 545 1948 3545 3628
1028 1281 1326 1420 3235 2036
1019 1025 632 789 3275 3582
49 744 793 797 2150 3934
1013 1122 3561 2976 2686 2800
1266 2284 2529 2755 2864 4019
665 2509 3090 3376 3506 3610
1160 2494 788 3162 2894 3415
1108 628 3093 3402 3875 4035
1103 1590 1619 3210 3459 3916
1034 374 515 686 2149 3531
101 1169 2801 3445 3751 3811
1018 1040 1706 3276 3342 3808
1224 1395 1554 2766 2803 3474
1586 1679 1787 399 467 3735
1065 1568 1640 728 3917 3990
93 194 1193 2183 399 3313
230 1028 2705 2783 3381 2550
947 1057 565 2595 3532 4023
199 1052 1093 1151 1602 3432
966 1211 516 3525 2340 3909
251 1031 1724 719 3166 2604
5 765 2878 2449 3849 3922
1123 1640 2583 2351 3235 3582
1033 3409 2687 3146 2205 2611
221 1762 3980 3239 2234 2441
1717 2445 3261 3526 3618 3936
183 186 616 727 3367 2633
1419 1469 482 3085 3303 2539
996 1485 1537 3072 2325 3568
137 206 1229 1289 1840 3910
905 1743 840 3331 3471 3996
305 580 1616 2102 3268 2122
1132 585 670 753 2873 2070
79 2571 709 894 2107 2188
173 1252 714 868 2194 2779
1220 2760 3258 2858 2075 3767
1057 2157 2817 3212 2308 3822
1125 2741 2955 2429 3558 3834
88 1025 518 793 2519 2522
177 1363 416 2795 3693 3807
1395 1798 2372 1994 2759 3096
224 1044 1839 2977 3246 1918
886 3020 2836 3031 3087 3129
1698 3247 2015 2270 2615 3646
918 989 1871 800 2369 3669
1044 1300 1346 485 2821 3270
1290 1460 1472 1682 1724 2769
64 838 3335 2450 3693 4000
153 174 1000 3090 3376 2601
111 1513 1576 3328 3114 2382
243 1055 415 469 714 3311
181 255 1587 2650 3654 3843
148 257 1179 1618 1972 2313
339 2705 2874 2909 2186 2648
640 3943 2876 3362 3375 2186
1632 372 648 2368 2550 3491
997 1724 2698 2946 3239 3312
70 288 1725 440 569 3721
60 601 3132 2242 2434 3858
2885 1464 1622 2680 2708 2454
1006 2734 2698 2916 2441 3599
1159 1286 726 2783 2373 2504
139 195 1579 2315 2809 2484
147 349 2465 2366 3639 4003
618 662 3861 2670 2987 2400
310 1110 1695 645 842 3603
907 1309 673 3170 3400 3826
210 1405 1954 2215 2829 3390
2598 3561 3101 2738 2930 3253
2885 1723 1805 392 843 2311
1071 1861 2797 2083 2106 3869
243 1744 800 1996 2507 3888
1451 1583 532 2464 2586 3574
2302 667 3189 1978 3739 3942
300 1213 1496 367 794 3966
143 902 1018 1059 1854 2759
1527 2876 3218 2058 2639 3690
275 1608 1662 1752 3719 3952
41 1505 1721 1899 3550 3407
1528 1608 3098 3288 2404 4023
1459 1718 869 3215 2091 2236
1856 1897 3454 2582 3227 2230
1348 1991 2264 515 2850 3414
74 1772 1832 550 1996 3928
1478 1537 821 2424 3844 3850
248 1313 1379 1709 770 2592
38 161 331 1709 770 3612
1581 1729 2640 582 3059 3566
840 3221 2329 2437 3815 3894
1688 1721 1854 2825 2335 3531
1554 1592 1860 702 2674 2601
1313 669 2983 1952 2345 2488
239 651 390 3335 2500 2559
52 1645 1734 532 2470 2503
1164 1418 1471 2384 744 3744
1851 702 3312 3581 3606 4034
956 1419 855 3962 2718 3583
455 462 3135 2374 2573 3533
649 1080 1878 530 2013 3560
197 343 1574 555 702 2813
3 2009 537 542 2811 2418
1520 1839 2734 3190 2096 3624
1721 1861 1882 379 780 2489
1081 1768 3412 2554 3816 3875
920 1129 1225 1290 2695 3340
1158 736 3186 2418 3709 3914
1299 1586 875 3044 3155 2409
1304 1535 2272 2651 3693 3901
86 1626 1955 3192 2168 3693
977 1639 2203 848 1949 3902
1030 1818 1895 3183 1981 2388
2471 2984 3257 1919 1985 3642
1288 1599 1905 498 3078 3363
1874 491 2663 3220 3226 2017
1587 2732 3252 2037 2242 3539
171 196 1452 3074 3384 2202
34 293 2866 2625 3686 3987
178 1094 2494 622 727 3747
342 489 521 888 2555 3224
672 2742 3000 3228 1919 3770
96 1279 1579 433 2996 2654
1165 594 2900 3070 3209 3564
206 220 764 2308 3571 3574
1465 1765 546 3193 1982 2177
82 1077 468 3027 3084 3267
681 798 3295 2607 3716 3855
110 1542 2786 3488 3511 3907
307 1290 1815 1840 2671 3375
292 956 2704 478 2881 3436
29 1473 1713 690 803 3880
172 1065 1175 1292 1677 2289
955 1907 2779 3348 3617 4013
40 1201 1697 1842 644 3944
1464 723 1954 3431 2210 3995
1667 430 3943 3073 2313 2556
301 1897 422 742 780 794
1126 1735 495 806 3779 3407
3003 950 1081 1320 1426 2548
289 938 1200 581 2415 3481
978 1186 2752 2293 2977 3513
131 186 251 1258 2398 2422
150 268 3003 3472 3884 3957
1320 1560 1939 2706 3169 3837
96 244 250 737 2845 2575
189 1330 1850 607 767 2108
102 1383 1711 810 870 3867
1325 427 555 2019 2073 3870
133 1412 1911 873 1940 3988
1271 1762 1879 3684 2357 2416
1713 453 3179 3161 3387 2051
1060 2009 702 3106 3378 3843
1706 2180 419 527 2701 3893
17 1862 2176 2519 2121 2618
276 1325 1900 2135 3797 2527
1895 3274 3276 3413 2485 3847
1860 2797 3389 2595 3439 3605
34 1303 833 2698 2418 3724
32 1486 1664 614 3463 3771
131 1416 1616 1886 499 3215
992 1455 457 3253 3367 2520
1580 1787 388 3192 3745 3964
124 2117 421 847 2783 3690
1235 1719 631 1954 2343 2033
282 1209 1595 1894 796 3250
173 1364 1463 2875 3167 3212
258 1415 1786 3100 2185 3539
994 1753 1820 3053 3251 3545
1066 1113 1284 1385 3329 3960
2660 472 2961 3065 3228 2008
1723 680 3621 3176 3363 3425
2768 2837 2861 2593 3620 4008
8 63 1161 1223 1575 613
309 921 1479 3295 3250 3993
1774 422 3046 2469 3595 3619
1146 816 2604 3514 3826 3884
1089 1148 1303 1693 2944 3116
404 531 610 2874 3010 2495
1476 1515 2742 3492 3653 3942
1085 1318 1377 2901 2261 3500
298 1039 1210 565 2722 2545
1105 1195 1232 1364 1697 478
909 1438 2229 2411 3737 3957
1014 2319 655 3456 2088 3538
88 157 272 2653 2103 2365
35 231 1126 2771 2876 3659
220 1219 1654 406 707 3995
1087 384 451 609 2198 1928
68 1630 1670 2291 2462 3524
1342 1860 893 2107 2539 3569
1184 730 769 1970 3457 3754
4 1381 1460 653 3440 2365
1608 757 2894 2426 2473 3990
1060 468 583 2701 3329 2499
94 1329 1507 3119 3174 2106
19 1388 391 638 3310 3796
331 918 982 2382 2408 2586
175 979 1773 1869 2280 3727
25 1035 1336 1638 499 2627
241 1132 1855 3116 1986 2131
242 1190 1380 1620 592 2154
130 1026 1327 2088 2526 3503
1030 1121 1292 3087 2644 3444
88 316 1028 1624 3508 3775
80 928 1713 2772 2365 3497
604 2847 3171 3198 2521 3461
77 1401 1650 2705 2110 2154
154 1413 2533 2560 3494 3892
140 1009 2062 3285 2074 3694
308 1747 3406 2846 2977 3232
197 1816 2254 2883 3163 2129
641 3886 2149 2567 3746 3968
209 260 836 2104 2182 3887
2384 2333 3031 3251 3645 3947
1624 1687 594 882 2084 2383
275 1043 1135 1358 2716 3345
637 1070 1629 1840 753 3384
241 1102 602 2040 2584 3859
273 1904 875 3198 2104 3857
385 3079 2744 3210 3287 3336
1775 1786 528 2865 2211 3553
25 338 1587 840 2908 3914
1150 435 709 2745 3102 3907
101 139 1717 1742 1883 2840
1164 1245 1383 1443 617 2675
51 935 1793 1849 2246 3407
1542 696 2328 2996 3132 2104
1145 2694 3166 3743 3868 3914
1898 2494 450 3499 3639 3816
517 2979 3114 3273 3285 2381
151 1017 1130 1891 512 3388
1726 742 3028 3400 2190 3878
965 1491 1895 688 2950 3762
1144 1598 1904 2793 3256 3947
335 1281 2043 2173 2303 3992
1400 1455 1843 1895 3192 3396
1284 1782 568 888 3185 2557
220 950 1033 1376 3119 2093
126 1514 791 2963 3326 3620
71 178 741 2132 3393 2309
1112 1399 1833 3233 2423 2495
70 1847 2247 367 2803 3875
1552 1659 422 704 1961 2414
331 2509 2680 2698 3208 2376
1222 1375 1627 720 2869 1985
1323 1852 356 722 864 2525
466 693 2010 2599 3532 3869
61 927 1061 790 1979 2515
306 1218 1727 440 715 2582
1297 1626 2324 2484 3777 3808
3 1687 405 830 3517 3207
5 182 1809 3146 2034 3640
962 1618 613 721 2676 2631
129 345 2381 2401 2485 3907
1079 1315 2183 2223 2910 1930
1363 1669 818 3633 3199 2115
1361 1722 2072 2180 2848 3909
1082 664 3495 2849 3045 3734
1070 2289 2828 2844 2421 3913
300 3674 3081 2587 2614 3870
178 1684 1246 1461 1620 2985
201 1888 2825 3150 3416 2432
934 1585 1884 671 689 3521
1062 1147 1195 1422 3206 4025
1496 1806 2640 3195 2314 2656
1230 2108 2139 2481 2651 3942
1575 551 804 2010 3070 3121
1472 2138 386 620 3474 3482
1782 381 2936 2324 3653 3836
1071 1689 1759 2640 660 2454
3150 3209 3348 2170 2375 2513
44 399 3193 2040 2288 3853
1161 1835 3278 1985 2216 3483
2268 2384 673 668 3001 2881
1110 1111 1285 497 3416 2272
123 1045 1500 2001 2052 3763
1025 1343 2004 779 3518 3595
1307 3011 2368 3354 3387 2564
16 279 956 2740 2114 3918
1194 2734 3015 3326 3503 4002
1175 1202 2368 2729 3177 3246
1055 1770 1804 445 552 2123
1467 498 565 3148 3330 2074
1366 1575 1696 2128 521 3532
1106 1468 852 3205 3936 3982
1158 1246 441 1988 2499 3700
277 1535 718 728 830 2468
289 1518 1689 362 822 3524
1074 1488 1680 2872 3681 3743
1745 590 2385 3000 2030 3603
47 1122 1137 1584 2947 3138
56 1174 2294 2465 2186 2483
1092 1784 869 2701 2015 3922
1468 432 491 3197 2280 3669
15 329 916 1677 3077 2075
233 1595 3258 2727 2100 4037
86 1370 441 760 3055 2549
1362 1475 502 2718 3132 2335
990 1051 1262 758 2806 3283
64 212 1108 1804 3068 3516
1088 1564 2749 2864 3388 1982
61 1416 431 537 2980 3407
1893 464 3177 2591 3576 3724
223 309 1069 2629 2700 2805
73 406 1946 2382 3635 3827
916 1437 356 498 3332 3720
327 898 1877 445 741 3765
302 3315 2238 3635 3749 3871
48 955 597 2526 3508 3909
900 430 2782 2041 3695 3773
147 996 704 836 3482 3724
1466 1593 1757 2717 2751 1919
1094 424 533 2190 2487 3957
2902 3285 3425 2126 3874 3881
97 949 1029 2203 792 2672
13 1574 510 3101 3035 3139
107 328 1157 446 2069 2216
1174 424 3309 2373 2379 2546
76 1003 1394 2910 2064 3752
1393 1833 416 878 2874 2130
961 1557 633 802 3116 2627
1774 1783 561 729 2287 2395
985 1240 2284 501 1987 3646
121 601 1288 2831 3399 3687
952 1497 1536 1820 2184 3704
2571 852 3797 2868 3211 3382
48 1399 1778 1838 852 3243
2706 2758 2900 3415 3654 3718
1372 1409 1627 2665 2970 2982
204 254 474 634 3094 3777
332 945 496 2512 2655 3709
1443 2087 3133 3434 2580 3562
178 1239 1593 357 2936 3511
57 159 290 1862 3706 3988
719 878 2408 3481 3486 3738
184 972 1083 1709 729 3007
1083 1259 1297 1386 1405 3080
1465 3083 1930 3465 3942 3977
1183 1242 1681 2770 3764 3837
1261 1486 1810 2233 2300 2627
304 1089 1835 2214 3701 3843
1859 2413 2325 1938 2244 2466
231 490 1999 2460 3616 3709
210 1375 1694 3215 2306 3904
1204 1410 1523 705 3830 2214
68 1284 1574 1807 3162 3812
1509 2876 3112 3114 2272 3893
2885 1493 1765 3872 2733 3096
212 1478 1670 2412 3518 3799
193 3173 3723 3094 1999 2314
224 958 1644 364 3169 2487
1901 2191 2160 3647 3781 4017
1046 1601 1836 486 2729 2396
1278 590 2737 1974 3559 3751
