0 6.457
1 6.421
2 6.319
3 6.024
4 6.148
5 6.155
6 6.198
7 6.202
8 6.16
9 6.129
10 6.143
11 6.142
12 6.079
13 6.138
14 6.18
15 6.05
16 6.085
17 6.006
18 6.09
19 6.116
20 5.928
21 5.992
22 6.067
23 5.981
24 6.048
25 5.952
26 5.805
27 5.921
28 5.888
29 5.92
30 5.971
31 5.9
32 6.02
33 5.955
34 6.012
35 5.858
36 5.925
37 5.816
38 5.876
39 5.838
40 5.86
41 5.767
42 5.787
43 5.771
44 5.78
45 5.79
46 5.767
47 5.915
48 5.753
49 5.81
50 5.794
51 5.817
52 5.786
53 5.766
54 5.852
55 5.858
56 5.823
57 5.945
58 5.845
59 5.801
60 5.799
61 5.84
62 5.818
63 5.786
64 5.927
65 5.802
66 5.833
67 5.823
68 5.876
69 5.887
70 5.805
71 5.9
72 5.881
73 5.843
74 5.761
75 5.829
76 5.768
77 5.804
78 5.816
79 5.869
80 5.804
81 5.767
82 5.806
83 5.834
84 5.894
85 5.874
86 5.828
87 5.855
88 5.87
89 5.831
90 5.918
91 5.805
92 5.818
93 5.848
94 5.931
95 5.872
96 5.934
97 5.886
98 5.845
99 5.907
100 5.913
101 5.832
102 5.945
103 5.85
104 5.816
105 5.877
106 5.852
107 5.819
108 5.813
109 5.927
110 5.832
111 5.91
112 5.775
113 5.799
114 5.849
115 5.848
116 5.868
117 5.84
118 5.888
119 5.826
120 5.899
121 5.832
122 5.819
123 5.837
124 5.872
125 5.848
126 5.901
127 5.847
128 5.852
129 5.969
130 5.943
131 5.861
132 5.9
133 5.932
134 5.878
135 5.911
136 5.85
137 5.887
138 5.896
139 5.917
140 5.952
141 5.973
142 5.896
143 5.879
144 5.957
145 5.97
146 5.846
147 5.848
148 5.89
149 5.906
150 5.98
151 5.857
152 5.857
153 5.876
154 5.874
155 5.889
156 5.905
157 5.9
158 5.923
159 5.873
160 5.901
161 5.922
162 5.956
163 5.921
164 5.963
165 5.866
166 5.926
167 5.898
168 5.874
169 5.867
170 5.867
171 5.866
172 5.893
173 5.834
174 5.862
175 5.955
176 5.976
177 5.984
178 5.988
179 5.972
180 6.004
181 5.997
182 6.012
183 6.075
184 6.016
185 6.085
186 6.005
187 6.032
188 6.07
189 6.035
190 6.11
191 6.101
192 6.117
193 6.043
194 6.074
195 6.112
196 6.092
197 6.094
198 6.117
199 6.147
200 6.065
201 6.039
202 6.114
203 6.098
204 6.036
205 6.161
206 6.17
207 6.139
208 6.083
209 6.032
210 6.059
211 6.019
212 6.13
213 6.087
214 6.127
215 6.101
216 6.087
217 6.19
218 6.097
219 6.077
220 6.103
221 6.118
222 6.096
223 6.167
224 6.177
225 6.103
