0 1
1 0.905665
2 0.894084
3 0.837751
4 0.76296
5 0.7532
6 0.743927
7 0.727215
8 0.724377
9 0.722129
10 0.714572
11 0.711857
12 0.71079
13 0.691143
14 0.690796
15 0.687798
16 0.674088
17 0.674043
18 0.670614
19 0.665349
20 0.664003
21 0.656398
22 0.65426
23 0.653098
24 0.652875
25 0.652842
26 0.629139
27 0.621616
28 0.621616
29 0.619886
30 0.611438
31 0.606144
32 0.604595
33 0.60451
34 0.602357
35 0.601768
36 0.600374
37 0.59151
38 0.588344
39 0.58011
40 0.580091
41 0.580202
42 0.566029
43 0.565602
44 0.564803
45 0.564188
46 0.564293
47 0.561333
48 0.560911
49 0.557948
50 0.558334
51 0.555022
52 0.554171
53 0.554488
54 0.553943
55 0.552277
56 0.552372
57 0.552456
58 0.552302
59 0.552202
60 0.550506
61 0.549938
62 0.548996
63 0.549178
64 0.547346
65 0.547152
66 0.545531
67 0.545531
68 0.544632
69 0.543328
70 0.543217
71 0.543165
72 0.54297
73 0.543285
74 0.542942
75 0.542942
76 0.541153
77 0.53836
78 0.53597
79 0.534359
80 0.533278
81 0.531466
82 0.531228
83 0.53002
84 0.53002
85 0.53002
86 0.530485
87 0.529941
88 0.528109
89 0.528192
90 0.528192
91 0.528255
92 0.528255
93 0.528255
94 0.526948
95 0.526271
96 0.526271
97 0.526271
98 0.526271
99 0.526132
100 0.525999
101 0.523322
102 0.522685
103 0.520184
104 0.520502
105 0.51922
106 0.51922
107 0.51922
108 0.518808
109 0.518591
110 0.518852
111 0.518906
112 0.518781
113 0.518781
114 0.518781
115 0.518781
116 0.517947
117 0.517671
118 0.517222
119 0.517006
120 0.516766
121 0.513022
122 0.512238
123 0.510892
124 0.510319
125 0.510319
126 0.510386
127 0.509775
128 0.5098
129 0.507121
130 0.507121
131 0.507212
132 0.506816
133 0.506512
134 0.505323
135 0.503957
136 0.503549
137 0.503519
138 0.502526
139 0.502111
140 0.501875
141 0.501947
142 0.501947
143 0.501216
144 0.500364
145 0.500364
146 0.500455
147 0.500455
148 0.500246
149 0.500246
150 0.499407
151 0.495618
152 0.495618
153 0.493816
154 0.491665
155 0.492161
156 0.492152
157 0.491917
158 0.490451
159 0.490676
160 0.489454
161 0.48935
162 0.489169
163 0.489039
164 0.488914
165 0.488837
166 0.488141
167 0.485692
168 0.485692
169 0.485692
170 0.485692
171 0.485692
172 0.485621
173 0.483825
174 0.483304
175 0.482497
176 0.476758
177 0.476758
178 0.473622
179 0.473622
180 0.471318
181 0.466918
182 0.466918
183 0.466918
184 0.466918
185 0.466852
186 0.466852
187 0.466852
188 0.466852
189 0.466852
190 0.455838
191 0.455838
192 0.456011
193 0.455986
194 0.455677
195 0.455677
196 0.455677
197 0.45561
198 0.455519
199 0.455094
200 0.455094
201 0.455003
202 0.454568
203 0.454568
204 0.454568
205 0.45401
206 0.453724
207 0.453474
208 0.453541
209 0.453284
210 0.452628
211 0.452628
212 0.451426
213 0.451426
214 0.451426
215 0.451158
216 0.451158
217 0.451158
218 0.451158
219 0.45079
220 0.45079
221 0.45089
222 0.45089
223 0.45089
224 0.450583
225 0.450507
