0 15.997
1 16.339
2 16.325
3 16.516
4 16.803
5 16.826
6 16.875
7 16.96
8 16.968
9 16.99
10 17.031
11 17.05
12 17.057
13 17.141
14 17.156
15 17.149
16 17.173
17 17.179
18 17.23
19 17.283
20 17.29
21 17.352
22 17.355
23 17.359
24 17.367
25 17.38
26 17.505
27 17.583
28 17.582
29 17.594
30 17.669
31 17.694
32 17.699
33 17.697
34 17.713
35 17.736
36 17.741
37 17.799
38 17.815
39 17.82
40 17.826
41 17.824
42 17.882
43 17.877
44 17.879
45 17.877
46 17.879
47 17.916
48 17.915
49 17.936
50 17.947
51 17.961
52 17.971
53 17.978
54 17.98
55 17.987
56 17.988
57 17.987
58 17.992
59 17.992
60 18.001
61 18.01
62 18.012
63 18.012
64 18.014
65 18.012
66 18.017
67 18.017
68 18.021
69 18.057
70 18.058
71 18.06
72 18.06
73 18.072
74 18.065
75 18.065
76 18.078
77 18.09
78 18.093
79 18.133
80 18.143
81 18.151
82 18.155
83 18.175
84 18.179
85 18.177
86 18.179
87 18.185
88 18.204
89 18.205
90 18.205
91 18.198
92 18.198
93 18.198
94 18.217
95 18.215
96 18.215
97 18.215
98 18.212
99 18.21
100 18.215
101 18.213
102 18.21
103 18.233
104 18.238
105 18.245
106 18.245
107 18.245
108 18.253
109 18.251
110 18.249
111 18.254
112 18.257
113 18.257
114 18.254
115 18.254
116 18.256
117 18.257
118 18.258
119 18.258
120 18.259
121 18.275
122 18.275
123 18.295
124 18.302
125 18.301
126 18.302
127 18.306
128 18.319
129 18.361
130 18.361
131 18.354
132 18.352
133 18.342
134 18.359
135 18.354
136 18.362
137 18.351
138 18.362
139 18.36
140 18.36
141 18.357
142 18.357
143 18.371
144 18.381
145 18.381
146 18.377
147 18.377
148 18.381
149 18.382
150 18.394
151 18.421
152 18.422
153 18.446
154 18.467
155 18.471
156 18.474
157 18.474
158 18.506
159 18.508
160 18.512
161 18.515
162 18.515
163 18.516
164 18.522
165 18.519
166 18.553
167 18.56
168 18.562
169 18.56
170 18.561
171 18.564
172 18.564
173 18.576
174 18.583
175 18.573
176 18.69
177 18.69
178 18.743
179 18.743
180 18.736
181 18.777
182 18.777
183 18.779
184 18.779
185 18.781
186 18.781
187 18.782
188 18.782
189 18.782
190 18.879
191 18.879
192 18.887
193 18.887
194 18.89
195 18.891
196 18.894
197 18.895
198 18.895
199 18.895
200 18.894
201 18.897
202 18.897
203 18.897
204 18.894
205 18.902
206 18.9
207 18.903
208 18.897
209 18.897
210 18.904
211 18.903
212 18.928
213 18.928
214 18.933
215 18.946
216 18.948
217 18.948
218 18.948
219 18.953
220 18.953
221 18.955
222 18.955
223 18.953
224 18.958
225 18.961
