0 1
1 1.01975
2 1.0194
3 1.02921
4 1.05004
5 1.05096
6 1.05595
7 1.06208
8 1.06336
9 1.06554
10 1.06902
11 1.06978
12 1.07092
13 1.07222
14 1.0727
15 1.07355
16 1.07439
17 1.07477
18 1.07649
19 1.08037
20 1.0801
21 1.08347
22 1.08406
23 1.08465
24 1.08465
25 1.08483
26 1.09457
27 1.09514
28 1.09546
29 1.09694
30 1.09897
31 1.10058
32 1.10107
33 1.10157
34 1.10202
35 1.10268
36 1.10316
37 1.11003
38 1.11078
39 1.11117
40 1.11158
41 1.11173
42 1.11409
43 1.11391
44 1.11395
45 1.1142
46 1.11442
47 1.11534
48 1.11537
49 1.11644
50 1.11677
51 1.11889
52 1.12028
53 1.12122
54 1.1212
55 1.12154
56 1.12154
57 1.12243
58 1.12236
59 1.12243
60 1.1231
61 1.12305
62 1.12313
63 1.12343
64 1.12402
65 1.12403
66 1.12502
67 1.12491
68 1.12474
69 1.12566
70 1.12564
71 1.12525
72 1.12523
73 1.12478
74 1.1252
75 1.12557
76 1.12587
77 1.12591
78 1.12607
79 1.12686
80 1.12739
81 1.12745
82 1.12772
83 1.12839
84 1.12832
85 1.12832
86 1.12909
87 1.12893
88 1.13293
89 1.13297
90 1.13313
91 1.13292
92 1.13249
93 1.13249
94 1.13397
95 1.13406
96 1.13406
97 1.13406
98 1.13406
99 1.1352
100 1.13579
101 1.13533
102 1.1354
103 1.13598
104 1.14446
105 1.14507
106 1.14509
107 1.14517
108 1.1448
109 1.14593
110 1.14607
111 1.14627
112 1.14629
113 1.14637
114 1.14623
115 1.14623
116 1.14665
117 1.14687
118 1.1471
119 1.1471
120 1.14711
121 1.1529
122 1.15289
123 1.15239
124 1.15229
125 1.15236
126 1.15229
127 1.15213
128 1.15267
129 1.15485
130 1.15532
131 1.15527
132 1.15539
133 1.15533
134 1.15517
135 1.15528
136 1.15595
137 1.15552
138 1.15605
139 1.15632
140 1.15649
141 1.1568
142 1.15673
143 1.15754
144 1.15873
145 1.15873
146 1.15851
147 1.15872
148 1.15744
149 1.15751
150 1.15909
151 1.16143
152 1.16143
153 1.16164
154 1.16291
155 1.16329
156 1.1633
157 1.16372
158 1.16334
159 1.16334
160 1.16373
161 1.16413
162 1.16413
163 1.16416
164 1.16452
165 1.16467
166 1.16461
167 1.16656
168 1.16656
169 1.16648
170 1.16648
171 1.16701
172 1.16701
173 1.16798
174 1.16832
175 1.16838
176 1.17027
177 1.17047
178 1.17488
179 1.17481
180 1.17523
181 1.1774
182 1.17747
183 1.17769
184 1.17769
185 1.17791
186 1.17791
187 1.17797
188 1.17797
189 1.17795
190 1.17896
191 1.17896
192 1.17948
193 1.17981
194 1.18044
195 1.18044
196 1.18044
197 1.1805
198 1.18077
199 1.18077
200 1.18083
201 1.18049
202 1.18049
203 1.1807
204 1.1807
205 1.18049
206 1.1805
207 1.18039
208 1.18046
209 1.18066
210 1.18146
211 1.18152
212 1.18152
213 1.18152
214 1.18155
215 1.18192
216 1.18206
217 1.18206
218 1.18206
219 1.1824
220 1.1825
221 1.1825
222 1.18234
223 1.18234
224 1.18284
225 1.18281
