0 1
1 1.02164
2 1.02087
3 1.03107
4 1.05276
5 1.05317
6 1.05723
7 1.0647
8 1.06611
9 1.06859
10 1.07113
11 1.07206
12 1.07349
13 1.07418
14 1.07468
15 1.07562
16 1.07628
17 1.07646
18 1.07824
19 1.08311
20 1.08259
21 1.08633
22 1.08688
23 1.0877
24 1.08762
25 1.08761
26 1.09817
27 1.09856
28 1.09895
29 1.1008
30 1.10264
31 1.10469
32 1.10529
33 1.10587
34 1.10626
35 1.10705
36 1.10724
37 1.11535
38 1.11605
39 1.11629
40 1.11653
41 1.1167
42 1.11929
43 1.11899
44 1.11904
45 1.11933
46 1.1195
47 1.12026
48 1.12021
49 1.12137
50 1.12168
51 1.12364
52 1.12491
53 1.12578
54 1.12574
55 1.12612
56 1.12612
57 1.12712
58 1.127
59 1.12709
60 1.12797
61 1.12782
62 1.12793
63 1.12832
64 1.1289
65 1.12891
66 1.12993
67 1.12978
68 1.12941
69 1.13011
70 1.13006
71 1.12928
72 1.12923
73 1.1285
74 1.12877
75 1.12923
76 1.12941
77 1.12938
78 1.12945
79 1.13006
80 1.13068
81 1.13055
82 1.13077
83 1.1317
84 1.13162
85 1.13162
86 1.13274
87 1.13246
88 1.13683
89 1.13689
90 1.13711
91 1.13686
92 1.13625
93 1.13625
94 1.13796
95 1.1381
96 1.13809
97 1.13809
98 1.13809
99 1.1396
100 1.14032
101 1.13963
102 1.13972
103 1.14038
104 1.15105
105 1.15167
106 1.15169
107 1.15178
108 1.15133
109 1.15276
110 1.15267
111 1.15292
112 1.15291
113 1.15289
114 1.15261
115 1.15261
116 1.15308
117 1.15327
118 1.15343
119 1.1533
120 1.15321
121 1.15984
122 1.15978
123 1.15903
124 1.1589
125 1.15901
126 1.15893
127 1.15851
128 1.15919
129 1.16141
130 1.16199
131 1.16192
132 1.162
133 1.16191
134 1.16141
135 1.1615
136 1.16224
137 1.16152
138 1.16197
139 1.16226
140 1.16242
141 1.1627
142 1.16266
143 1.16347
144 1.16467
145 1.16467
146 1.16436
147 1.16461
148 1.16282
149 1.1629
150 1.16482
151 1.16713
152 1.16713
153 1.16703
154 1.16841
155 1.16876
156 1.16885
157 1.16944
158 1.16878
159 1.16878
160 1.16929
161 1.16976
162 1.16975
163 1.1696
164 1.16995
165 1.17016
166 1.17003
167 1.17218
168 1.17218
169 1.17206
170 1.17203
171 1.17267
172 1.17267
173 1.17378
174 1.17406
175 1.17412
176 1.17547
177 1.17558
178 1.18032
179 1.18021
180 1.18067
181 1.18269
182 1.18278
183 1.18309
184 1.18309
185 1.18329
186 1.18328
187 1.18335
188 1.18335
189 1.18338
190 1.1845
191 1.1845
192 1.18511
193 1.18552
194 1.18633
195 1.18633
196 1.18633
197 1.18641
198 1.18672
199 1.18676
200 1.18681
201 1.18635
202 1.18635
203 1.18664
204 1.18663
205 1.18621
206 1.18622
207 1.18604
208 1.18612
209 1.18638
210 1.18712
211 1.18724
212 1.18724
213 1.18724
214 1.18722
215 1.18764
216 1.18781
217 1.18781
218 1.18781
219 1.18813
220 1.18829
221 1.18829
222 1.18805
223 1.18805
224 1.18873
225 1.18871
