0 0.0643799
1 0.063032
2 0.0626169
3 0.0575306
4 0.0563363
5 0.0558079
6 0.0559672
7 0.054762
8 0.0537002
9 0.0538152
10 0.0537074
11 0.0537249
12 0.0537505
13 0.0526642
14 0.0525068
15 0.0521091
16 0.052461
17 0.0523398
18 0.0513261
19 0.0502012
20 0.0501042
21 0.0503204
22 0.050211
23 0.0501709
24 0.0501683
25 0.0502301
26 0.048097
27 0.0484842
28 0.048467
29 0.0484207
30 0.0480753
31 0.0479923
32 0.0479433
33 0.047913
34 0.0478248
35 0.0477171
36 0.0476355
37 0.0468492
38 0.0466923
39 0.0461216
40 0.0460838
41 0.0460676
42 0.0457712
43 0.045719
44 0.0455483
45 0.0455001
46 0.0455075
47 0.0448866
48 0.0448545
49 0.0450236
50 0.0450581
51 0.044876
52 0.044835
53 0.0447669
54 0.0447744
55 0.0448
56 0.0448069
57 0.0447943
58 0.0447745
59 0.0447817
60 0.0447891
61 0.0448103
62 0.0448331
63 0.0448378
64 0.0447662
65 0.0447379
66 0.0447178
67 0.0447178
68 0.0446606
69 0.0447522
70 0.0447553
71 0.0447531
72 0.0447405
73 0.0446075
74 0.044532
75 0.044532
76 0.0443073
77 0.0440522
78 0.0440582
79 0.0440517
80 0.0438127
81 0.0438431
82 0.0437998
83 0.0438756
84 0.0438878
85 0.0438789
86 0.0438894
87 0.0439151
88 0.0439122
89 0.0439192
90 0.0439192
91 0.0439265
92 0.0439265
93 0.0439265
94 0.0439685
95 0.0439562
96 0.043955
97 0.043955
98 0.0439448
99 0.043943
100 0.0439175
101 0.0439119
102 0.0439028
103 0.0437199
104 0.0436097
105 0.0435768
106 0.0435741
107 0.0435741
108 0.0435792
109 0.0435876
110 0.0435451
111 0.0435503
112 0.04357
113 0.04357
114 0.0435765
115 0.0435765
116 0.0435931
117 0.0435983
118 0.0436197
119 0.0436254
120 0.0436241
121 0.0434171
122 0.0433584
123 0.043209
124 0.0432265
125 0.0432273
126 0.043249
127 0.0432448
128 0.0432655
129 0.0432256
130 0.0432256
131 0.0431991
132 0.0431448
133 0.0431076
134 0.0431806
135 0.0431304
136 0.0431472
137 0.0430846
138 0.0430606
139 0.0430661
140 0.0430903
141 0.0430589
142 0.0430589
143 0.0431156
144 0.0431482
145 0.0431482
146 0.0431432
147 0.0431432
148 0.0431977
149 0.0431896
150 0.0430339
151 0.0428312
152 0.0428321
153 0.0428029
154 0.0428155
155 0.0428193
156 0.0428254
157 0.0428099
158 0.04273
159 0.0427611
160 0.0427127
161 0.0427192
162 0.0427231
163 0.0427074
164 0.042718
165 0.0427127
166 0.0427961
167 0.0425562
168 0.042556
169 0.042549
170 0.0425529
171 0.0425527
172 0.042553
173 0.042497
174 0.042477
175 0.0423997
176 0.0423924
177 0.0423924
178 0.0426874
179 0.0426842
180 0.0425703
181 0.0426072
182 0.0426072
183 0.0425642
184 0.0425642
185 0.0425463
186 0.0425463
187 0.042561
188 0.042561
189 0.042561
190 0.0426541
191 0.0426552
192 0.0427108
193 0.042684
194 0.0426942
195 0.0427047
196 0.0427133
197 0.0427187
198 0.0427159
199 0.0426968
200 0.042692
201 0.0426955
202 0.042668
203 0.0426581
204 0.0426509
205 0.0427221
206 0.0427105
207 0.0427073
208 0.042687
209 0.0426316
210 0.042612
211 0.0426149
212 0.0427149
213 0.0427149
214 0.0427512
215 0.0427186
216 0.042731
217 0.042731
218 0.042731
219 0.0426998
220 0.0426998
221 0.0427088
222 0.0427088
223 0.0427011
224 0.0427395
225 0.042754
