0 1
1 0.987468
2 0.98271
3 0.918988
4 0.907633
5 0.899934
6 0.903864
7 0.886115
8 0.871443
9 0.87335
10 0.872491
11 0.873211
12 0.873696
13 0.858079
14 0.856459
15 0.850522
16 0.857347
17 0.85576
18 0.838678
19 0.822171
20 0.820946
21 0.825264
22 0.823562
23 0.822704
24 0.822776
25 0.823793
26 0.793301
27 0.800936
28 0.800529
29 0.799928
30 0.794954
31 0.793089
32 0.79233
33 0.792025
34 0.789855
35 0.788402
36 0.786965
37 0.773561
38 0.770981
39 0.761746
40 0.761114
41 0.760876
42 0.756722
43 0.756054
44 0.753178
45 0.752639
46 0.752792
47 0.743461
48 0.742966
49 0.74582
50 0.746125
51 0.742708
52 0.741927
53 0.74116
54 0.741293
55 0.741788
56 0.741859
57 0.741642
58 0.741284
59 0.741425
60 0.741479
61 0.742001
62 0.742676
63 0.742759
64 0.741784
65 0.741417
66 0.740586
67 0.740586
68 0.739343
69 0.741473
70 0.741454
71 0.741514
72 0.741332
73 0.738972
74 0.73787
75 0.73787
76 0.734041
77 0.7309
78 0.731048
79 0.731255
80 0.727875
81 0.728679
82 0.728104
83 0.729345
84 0.729515
85 0.729396
86 0.729652
87 0.730043
88 0.73019
89 0.730277
90 0.730277
91 0.730093
92 0.730093
93 0.730093
94 0.73039
95 0.73012
96 0.730101
97 0.730101
98 0.729933
99 0.7299
100 0.729738
101 0.729923
102 0.729721
103 0.726723
104 0.725189
105 0.724529
106 0.72445
107 0.72445
108 0.724574
109 0.724663
110 0.72395
111 0.72389
112 0.724251
113 0.724251
114 0.724345
115 0.724345
116 0.724635
117 0.72474
118 0.725088
119 0.725181
120 0.725142
121 0.722189
122 0.721331
123 0.719305
124 0.71947
125 0.719487
126 0.719795
127 0.719703
128 0.720098
129 0.719474
130 0.719474
131 0.718767
132 0.717962
133 0.717194
134 0.718086
135 0.716886
136 0.717151
137 0.71624
138 0.715872
139 0.71597
140 0.716175
141 0.715542
142 0.715542
143 0.716414
144 0.71725
145 0.71725
146 0.717189
147 0.717189
148 0.717865
149 0.717797
150 0.715128
151 0.711698
152 0.711726
153 0.711374
154 0.711161
155 0.711108
156 0.711127
157 0.710942
158 0.709278
159 0.709715
160 0.708853
161 0.709061
162 0.70912
163 0.708837
164 0.709016
165 0.708951
166 0.709872
167 0.705603
168 0.705589
169 0.705441
170 0.705508
171 0.705521
172 0.705525
173 0.704453
174 0.704092
175 0.703124
176 0.703718
177 0.703718
178 0.709061
179 0.709013
180 0.70727
181 0.708175
182 0.708175
183 0.707615
184 0.707615
185 0.707399
186 0.707399
187 0.707608
188 0.707608
189 0.707608
190 0.709133
191 0.709155
192 0.710088
193 0.709675
194 0.710234
195 0.710375
196 0.710507
197 0.71056
198 0.710523
199 0.710194
200 0.710121
201 0.71018
202 0.709624
203 0.709461
204 0.709327
205 0.710227
206 0.710068
207 0.709968
208 0.709748
209 0.708847
210 0.708784
211 0.708828
212 0.710354
213 0.710354
214 0.710814
215 0.709911
216 0.710029
217 0.710029
218 0.710029
219 0.709677
220 0.709677
221 0.709833
222 0.709833
223 0.709732
224 0.710455
225 0.710658
