0 1
1 0.871425
2 0.86771
3 0.827561
4 0.628831
5 0.623083
6 0.602736
7 0.597747
8 0.594506
9 0.594663
10 0.567209
11 0.566876
12 0.565667
13 0.559361
14 0.555988
15 0.554644
16 0.554304
17 0.552968
18 0.545392
19 0.543387
20 0.544379
21 0.540576
22 0.539982
23 0.540952
24 0.539944
25 0.53862
26 0.47188
27 0.470611
28 0.470756
29 0.471128
30 0.463627
31 0.463662
32 0.464133
33 0.464721
34 0.464078
35 0.464511
36 0.463168
37 0.455233
38 0.454024
39 0.453376
40 0.453014
41 0.453034
42 0.451689
43 0.451681
44 0.451275
45 0.451562
46 0.45152
47 0.450917
48 0.451001
49 0.451898
50 0.451489
51 0.450814
52 0.448041
53 0.448255
54 0.448317
55 0.448798
56 0.448798
57 0.449132
58 0.449251
59 0.449389
60 0.449822
61 0.44981
62 0.450429
63 0.451156
64 0.449678
65 0.450067
66 0.451528
67 0.451746
68 0.451473
69 0.448621
70 0.448454
71 0.448151
72 0.448197
73 0.447209
74 0.446833
75 0.44692
76 0.446151
77 0.446264
78 0.444679
79 0.44368
80 0.444161
81 0.442611
82 0.442947
83 0.444388
84 0.444307
85 0.444266
86 0.445902
87 0.44608
88 0.442346
89 0.442478
90 0.442564
91 0.442275
92 0.442348
93 0.442348
94 0.442239
95 0.442237
96 0.442247
97 0.442247
98 0.442247
99 0.444056
100 0.444229
101 0.444635
102 0.44465
103 0.443311
104 0.440776
105 0.441703
106 0.441711
107 0.441712
108 0.441385
109 0.442091
110 0.444892
111 0.445016
112 0.444877
113 0.444342
114 0.444251
115 0.444251
116 0.444848
117 0.444519
118 0.445724
119 0.445661
120 0.44603
121 0.449645
122 0.450038
123 0.450076
124 0.450035
125 0.450049
126 0.450043
127 0.449788
128 0.449927
129 0.441229
130 0.44103
131 0.441156
132 0.440698
133 0.440608
134 0.439783
135 0.440066
136 0.44016
137 0.439899
138 0.440292
139 0.440313
140 0.440541
141 0.440332
142 0.440513
143 0.440348
144 0.439851
145 0.439851
146 0.439634
147 0.439612
148 0.441564
149 0.441806
150 0.442971
151 0.430473
152 0.430473
153 0.429437
154 0.428889
155 0.428984
156 0.429404
157 0.429629
158 0.43087
159 0.43087
160 0.431208
161 0.431792
162 0.431765
163 0.431558
164 0.431518
165 0.431504
166 0.431426
167 0.427175
168 0.427175
169 0.427454
170 0.427547
171 0.42781
172 0.42781
173 0.426972
174 0.426564
175 0.426436
176 0.417517
177 0.417702
178 0.407108
179 0.407112
180 0.407879
181 0.398087
182 0.398197
183 0.39785
184 0.39785
185 0.398062
186 0.398501
187 0.39854
188 0.39854
189 0.399175
190 0.39192
191 0.39192
192 0.391917
193 0.391899
194 0.392052
195 0.392059
196 0.39207
197 0.392167
198 0.39228
199 0.392388
200 0.392386
201 0.392124
202 0.392124
203 0.392109
204 0.39211
205 0.392174
206 0.392152
207 0.391892
208 0.39195
209 0.391635
210 0.391519
211 0.391877
212 0.391888
213 0.391888
214 0.392857
215 0.393227
216 0.393212
217 0.393212
218 0.393212
219 0.393823
220 0.393871
221 0.393871
222 0.393565
223 0.393565
224 0.393611
225 0.393626
