0 3.02285
1 3.0772
2 3.07439
3 3.09741
4 3.15053
5 3.15088
6 3.15895
7 3.17811
8 3.1815
9 3.188
10 3.1945
11 3.19709
12 3.20079
13 3.20321
14 3.204
15 3.2057
16 3.20681
17 3.20797
18 3.21196
19 3.22519
20 3.22335
21 3.23486
22 3.23639
23 3.23805
24 3.23806
25 3.23823
26 3.26872
27 3.26983
28 3.27102
29 3.27622
30 3.2827
31 3.28815
32 3.28979
33 3.29127
34 3.29154
35 3.29338
36 3.29379
37 3.31665
38 3.31796
39 3.31861
40 3.3188
41 3.31926
42 3.32686
43 3.32626
44 3.32644
45 3.32792
46 3.32864
47 3.33072
48 3.33083
49 3.33353
50 3.33439
51 3.34001
52 3.34389
53 3.34609
54 3.34602
55 3.34675
56 3.34675
57 3.34966
58 3.34933
59 3.34956
60 3.35206
61 3.35095
62 3.35119
63 3.35213
64 3.35415
65 3.35413
66 3.35713
67 3.35661
68 3.35518
69 3.3572
70 3.35714
71 3.3552
72 3.35518
73 3.35273
74 3.35322
75 3.35437
76 3.35448
77 3.35439
78 3.35452
79 3.35578
80 3.35746
81 3.35737
82 3.35865
83 3.36059
84 3.36038
85 3.36038
86 3.36249
87 3.36148
88 3.37453
89 3.37485
90 3.3754
91 3.37472
92 3.37345
93 3.37345
94 3.37887
95 3.37914
96 3.37911
97 3.37911
98 3.37911
99 3.38318
100 3.38521
101 3.38325
102 3.38349
103 3.3843
104 3.41505
105 3.41677
106 3.41674
107 3.41693
108 3.41501
109 3.41797
110 3.41813
111 3.41881
112 3.41873
113 3.41899
114 3.41857
115 3.41857
116 3.41952
117 3.42079
118 3.42227
119 3.42195
120 3.42167
121 3.44198
122 3.44158
123 3.43885
124 3.43837
125 3.43864
126 3.43842
127 3.43689
128 3.43874
129 3.44343
130 3.44531
131 3.44509
132 3.44539
133 3.44512
134 3.4435
135 3.44451
136 3.44633
137 3.44433
138 3.44572
139 3.44653
140 3.44714
141 3.44808
142 3.44794
143 3.45053
144 3.45409
145 3.45409
146 3.45325
147 3.45372
148 3.44867
149 3.44918
150 3.45442
151 3.46141
152 3.46141
153 3.46049
154 3.46524
155 3.46627
156 3.46641
157 3.468
158 3.46624
159 3.46624
160 3.46745
161 3.46903
162 3.46898
163 3.4683
164 3.4692
165 3.46972
166 3.4693
167 3.47507
168 3.47507
169 3.47482
170 3.47474
171 3.47596
172 3.47596
173 3.47966
174 3.48036
175 3.48057
176 3.48422
177 3.48504
178 3.4977
179 3.49744
180 3.49876
181 3.50413
182 3.50437
183 3.50551
184 3.50551
185 3.50559
186 3.50557
187 3.50578
188 3.50578
189 3.50632
190 3.51053
191 3.51053
192 3.51208
193 3.51301
194 3.51517
195 3.51517
196 3.51516
197 3.51541
198 3.51629
199 3.51638
200 3.51653
201 3.51528
202 3.51528
203 3.51605
204 3.51603
205 3.51577
206 3.51577
207 3.5151
208 3.51532
209 3.51605
210 3.51816
211 3.51826
212 3.51827
213 3.51827
214 3.51866
215 3.51999
216 3.52047
217 3.52047
218 3.52047
219 3.52186
220 3.52215
221 3.52215
222 3.52129
223 3.52129
224 3.52301
225 3.52285
