0 0.116478
1 0.0857262
2 0.0850905
3 0.0776608
4 0.0501289
5 0.0493714
6 0.0475894
7 0.0466582
8 0.0461829
9 0.0461974
10 0.0451448
11 0.0451632
12 0.045189
13 0.0435482
14 0.0434986
15 0.0433251
16 0.0435834
17 0.0435084
18 0.0425833
19 0.0420477
20 0.042064
21 0.0415281
22 0.0414764
23 0.0414742
24 0.0415046
25 0.0414738
26 0.0370275
27 0.036861
28 0.0368275
29 0.0368182
30 0.0356753
31 0.0355846
32 0.0354761
33 0.0354807
34 0.0354372
35 0.0354751
36 0.0354563
37 0.0343618
38 0.0342015
39 0.034058
40 0.0340406
41 0.0340386
42 0.0341712
43 0.0341488
44 0.0341044
45 0.0340594
46 0.0340791
47 0.0340561
48 0.0340784
49 0.0341161
50 0.034088
51 0.0340028
52 0.0338581
53 0.0338222
54 0.0338566
55 0.0338634
56 0.0338805
57 0.0338813
58 0.0338755
59 0.0338765
60 0.0338377
61 0.033821
62 0.0338444
63 0.0338487
64 0.0338315
65 0.0338338
66 0.0338827
67 0.0338827
68 0.0338921
69 0.0338247
70 0.0338378
71 0.0338396
72 0.0338642
73 0.0338037
74 0.0337888
75 0.0337888
76 0.0332476
77 0.0332348
78 0.0331434
79 0.0331173
80 0.0330842
81 0.0330413
82 0.0330332
83 0.0331226
84 0.0331255
85 0.0331229
86 0.0331378
87 0.0331607
88 0.032934
89 0.0329403
90 0.0329403
91 0.0329982
92 0.0329982
93 0.0329982
94 0.033027
95 0.0330219
96 0.0330206
97 0.0330206
98 0.0330202
99 0.0330081
100 0.0329884
101 0.0330507
102 0.0330667
103 0.0328752
104 0.0327928
105 0.0327931
106 0.0328047
107 0.0328047
108 0.0328384
109 0.0328368
110 0.0328694
111 0.0328911
112 0.0328988
113 0.0328988
114 0.0328975
115 0.0328975
116 0.0328908
117 0.0329061
118 0.0328791
119 0.0329137
120 0.0329196
121 0.0328952
122 0.032896
123 0.0329118
124 0.0329013
125 0.0328991
126 0.0328929
127 0.0329118
128 0.0329181
129 0.0326862
130 0.0326862
131 0.0326878
132 0.0327403
133 0.0327588
134 0.0327085
135 0.0325901
136 0.0325895
137 0.032572
138 0.0325363
139 0.0325283
140 0.0325455
141 0.0325156
142 0.0325156
143 0.0325326
144 0.0325072
145 0.0325072
146 0.0325099
147 0.0325099
148 0.0325095
149 0.0325111
150 0.0325522
151 0.0320218
152 0.0320216
153 0.0319676
154 0.0318216
155 0.0318153
156 0.0318297
157 0.0318241
158 0.0318921
159 0.0318986
160 0.0318871
161 0.0318595
162 0.0318763
163 0.0318688
164 0.0318618
165 0.0318605
166 0.0318307
167 0.0313997
168 0.0313987
169 0.0313997
170 0.0314002
171 0.0313977
172 0.0313972
173 0.0313867
174 0.0313799
175 0.0313621
176 0.0300627
177 0.0300627
178 0.0293877
179 0.0293948
180 0.0293985
181 0.0283968
182 0.0283968
183 0.0283646
184 0.0283646
185 0.0283611
186 0.0283611
187 0.0283655
188 0.0283655
189 0.0283655
190 0.0274544
191 0.0274544
192 0.0274498
193 0.027443
194 0.027453
195 0.0274589
196 0.0274633
197 0.0274727
198 0.027475
199 0.0274662
200 0.0274656
201 0.0274762
202 0.0274694
203 0.0274697
204 0.0274714
205 0.0275028
206 0.0274981
207 0.0274872
208 0.0274838
209 0.0275076
210 0.0275499
211 0.0275724
212 0.0275204
213 0.0275204
214 0.0275164
215 0.0274989
216 0.0274981
217 0.0274981
218 0.0274981
219 0.0275287
220 0.0275287
221 0.0275315
222 0.0275315
223 0.0275245
224 0.0275579
225 0.0275457
