0 0.237
1 0.269
2 0.268
3 0.271
4 0.272
5 0.263
6 0.263
7 0.264
8 0.244
9 0.264
10 0.275
11 0.279
12 0.252
13 0.244
14 0.291
15 0.263
16 0.249
17 0.245
18 0.258
19 0.292
20 0.236
21 0.274
22 0.248
23 0.257
24 0.246
25 0.275
26 0.254
27 0.291
28 0.239
29 0.264
30 0.255
31 0.262
32 0.222
33 0.26
34 0.281
35 0.249
36 0.251
37 0.232
38 0.242
39 0.24
40 0.297
41 0.265
42 0.316
43 0.241
44 0.254
45 0.252
46 0.25
47 0.28
48 0.28
49 0.287
50 0.261
51 0.253
52 0.242
53 0.249
54 0.259
55 0.241
56 0.231
57 0.24
58 0.259
59 0.271
60 0.238
61 0.261
62 0.305
63 0.293
64 0.255
65 0.259
66 0.252
67 0.233
68 0.26
69 0.278
70 0.279
71 0.291
72 0.274
73 0.268
74 0.218
75 0.228
76 0.279
77 0.269
78 0.273
79 0.24
80 0.27
81 0.249
82 0.235
83 0.266
84 0.257
85 0.289
86 0.267
87 0.261
88 0.271
89 0.256
90 0.235
91 0.271
92 0.272
93 0.277
94 0.238
95 0.286
96 0.28
97 0.263
98 0.249
99 0.284
100 0.275
101 0.253
102 0.247
103 0.254
104 0.246
105 0.259
106 0.332
107 0.265
108 0.281
109 0.283
110 0.281
111 0.267
112 0.261
113 0.263
114 0.272
115 0.274
116 0.24
117 0.257
118 0.254
119 0.259
120 0.259
121 0.268
122 0.26
123 0.272
124 0.233
125 0.26
126 0.266
127 0.255
128 0.267
129 0.256
130 0.254
131 0.258
132 0.272
133 0.293
134 0.27
135 0.274
136 0.277
137 0.286
138 0.271
139 0.275
140 0.272
141 0.286
142 0.252
143 0.232
144 0.267
145 0.26
146 0.277
147 0.259
148 0.254
149 0.282
150 0.246
151 0.292
152 0.257
153 0.276
154 0.267
155 0.28
156 0.262
157 0.273
158 0.258
159 0.28
160 0.261
161 0.272
162 0.253
163 0.274
164 0.272
165 0.267
166 0.262
167 0.285
168 0.27
169 0.253
170 0.278
171 0.269
172 0.29
173 0.272
174 0.3
175 0.263
176 0.289
177 0.293
178 0.265
179 0.286
180 0.245
181 0.287
182 0.275
183 0.295
184 0.257
185 0.268
186 0.238
187 0.254
188 0.273
189 0.283
190 0.27
191 0.279
192 0.25
193 0.287
194 0.247
195 0.304
196 0.276
197 0.289
198 0.282
199 0.246
200 0.259
201 0.261
202 0.25
203 0.278
204 0.308
205 0.278
206 0.289
207 0.279
208 0.286
209 0.271
210 0.289
211 0.266
212 0.295
213 0.298
214 0.282
215 0.279
216 0.305
217 0.274
218 0.269
219 0.243
220 0.274
221 0.239
222 0.284
223 0.271
224 0.31
225 0.245
