0 1
1 0.922533
2 0.904516
3 0.865652
4 0.775033
5 0.768678
6 0.742873
7 0.731696
8 0.725709
9 0.723775
10 0.686892
11 0.684604
12 0.683756
13 0.679294
14 0.677109
15 0.673422
16 0.66783
17 0.667239
18 0.662199
19 0.65541
20 0.6544
21 0.65147
22 0.65133
23 0.650218
24 0.649583
25 0.646923
26 0.596658
27 0.593729
28 0.593686
29 0.593976
30 0.588573
31 0.587794
32 0.58764
33 0.58723
34 0.586357
35 0.58572
36 0.584089
37 0.571732
38 0.569159
39 0.567707
40 0.566793
41 0.566817
42 0.563113
43 0.562403
44 0.561484
45 0.561452
46 0.560995
47 0.558004
48 0.557921
49 0.556445
50 0.556009
51 0.553783
52 0.549738
53 0.549054
54 0.548793
55 0.547973
56 0.547873
57 0.54701
58 0.54696
59 0.546633
60 0.545867
61 0.5454
62 0.545027
63 0.545015
64 0.54424
65 0.544436
66 0.543448
67 0.543419
68 0.542535
69 0.538248
70 0.538248
71 0.537882
72 0.537882
73 0.537038
74 0.535862
75 0.535834
76 0.5356
77 0.53534
78 0.534911
79 0.532828
80 0.53251
81 0.5314
82 0.531351
83 0.53051
84 0.530433
85 0.530433
86 0.529667
87 0.529667
88 0.524444
89 0.523898
90 0.52376
91 0.524054
92 0.523977
93 0.524043
94 0.523683
95 0.523683
96 0.523683
97 0.523683
98 0.523683
99 0.520298
100 0.52036
101 0.520161
102 0.520161
103 0.519409
104 0.503688
105 0.503756
106 0.503623
107 0.503877
108 0.503532
109 0.502234
110 0.50064
111 0.500564
112 0.500564
113 0.500184
114 0.500078
115 0.500078
116 0.499597
117 0.499198
118 0.498035
119 0.497706
120 0.497381
121 0.495322
122 0.494955
123 0.495186
124 0.495246
125 0.495055
126 0.495055
127 0.494831
128 0.494864
129 0.491902
130 0.492384
131 0.49228
132 0.492236
133 0.492131
134 0.491636
135 0.491095
136 0.491095
137 0.490988
138 0.491298
139 0.491177
140 0.490933
141 0.490341
142 0.490412
143 0.489928
144 0.487464
145 0.487527
146 0.487527
147 0.487504
148 0.48824
149 0.48824
150 0.487796
151 0.484039
152 0.484039
153 0.480754
154 0.480085
155 0.480063
156 0.480063
157 0.479847
158 0.47798
159 0.47798
160 0.478313
161 0.477996
162 0.477937
163 0.477957
164 0.477874
165 0.477874
166 0.47761
167 0.475151
168 0.475151
169 0.475151
170 0.475288
171 0.474907
172 0.474907
173 0.473082
174 0.472753
175 0.47247
176 0.470061
177 0.469877
178 0.460332
179 0.460332
180 0.459128
181 0.452408
182 0.452408
183 0.45227
184 0.45227
185 0.451584
186 0.451507
187 0.451436
188 0.451436
189 0.451384
190 0.445699
191 0.445699
192 0.446088
193 0.446011
194 0.445706
195 0.445706
196 0.445783
197 0.445833
198 0.445833
199 0.445962
200 0.445962
201 0.445844
202 0.44567
203 0.445503
204 0.445503
205 0.444468
206 0.444243
207 0.444243
208 0.444243
209 0.444215
210 0.443289
211 0.443204
212 0.442852
213 0.442852
214 0.44264
215 0.443
216 0.443
217 0.443
218 0.443
219 0.443126
220 0.443126
221 0.443126
222 0.44337
223 0.44337
224 0.443351
225 0.443351
