0 18.981
1 19.257
2 19.241
3 19.366
4 19.788
5 19.812
6 19.943
7 20.053
8 20.067
9 20.082
10 20.185
11 20.202
12 20.224
13 20.255
14 20.265
15 20.294
16 20.312
17 20.323
18 20.398
19 20.458
20 20.472
21 20.494
22 20.502
23 20.507
24 20.509
25 20.538
26 20.706
27 20.742
28 20.746
29 20.749
30 20.783
31 20.786
32 20.791
33 20.786
34 20.792
35 20.798
36 20.81
37 20.903
38 20.926
39 20.934
40 20.946
41 20.951
42 20.988
43 20.989
44 20.995
45 20.996
46 21.007
47 21.009
48 21.014
49 21.014
50 21.032
51 21.034
52 21.093
53 21.096
54 21.096
55 21.099
56 21.102
57 21.101
58 21.099
59 21.101
60 21.094
61 21.109
62 21.115
63 21.112
64 21.121
65 21.126
66 21.135
67 21.135
68 21.13
69 21.144
70 21.144
71 21.17
72 21.17
73 21.174
74 21.181
75 21.182
76 21.188
77 21.19
78 21.193
79 21.206
80 21.215
81 21.208
82 21.214
83 21.228
84 21.228
85 21.228
86 21.242
87 21.237
88 21.323
89 21.326
90 21.326
91 21.327
92 21.327
93 21.326
94 21.33
95 21.332
96 21.332
97 21.332
98 21.332
99 21.336
100 21.339
101 21.353
102 21.353
103 21.36
104 21.439
105 21.439
106 21.436
107 21.443
108 21.448
109 21.462
110 21.466
111 21.466
112 21.466
113 21.475
114 21.48
115 21.48
116 21.488
117 21.491
118 21.492
119 21.501
120 21.499
121 21.557
122 21.558
123 21.564
124 21.568
125 21.571
126 21.573
127 21.567
128 21.564
129 21.607
130 21.618
131 21.616
132 21.618
133 21.613
134 21.64
135 21.644
136 21.646
137 21.655
138 21.671
139 21.672
140 21.679
141 21.69
142 21.688
143 21.696
144 21.74
145 21.74
146 21.744
147 21.748
148 21.764
149 21.764
150 21.767
151 21.795
152 21.795
153 21.825
154 21.849
155 21.858
156 21.859
157 21.864
158 21.879
159 21.879
160 21.876
161 21.887
162 21.886
163 21.879
164 21.879
165 21.879
166 21.885
167 21.916
168 21.916
169 21.916
170 21.917
171 21.924
172 21.924
173 21.933
174 21.937
175 21.932
176 21.977
177 21.971
178 22.055
179 22.055
180 22.066
181 22.12
182 22.122
183 22.121
184 22.121
185 22.116
186 22.117
187 22.114
188 22.114
189 22.115
190 22.138
191 22.138
192 22.133
193 22.135
194 22.14
195 22.14
196 22.141
197 22.146
198 22.146
199 22.151
200 22.15
201 22.151
202 22.15
203 22.157
204 22.157
205 22.159
206 22.158
207 22.158
208 22.158
209 22.158
210 22.163
211 22.168
212 22.171
213 22.171
214 22.176
215 22.171
216 22.171
217 22.174
218 22.174
219 22.178
220 22.178
221 22.178
222 22.178
223 22.178
224 22.179
225 22.183
