0 1
1 1.02542
2 1.02464
3 1.03478
4 1.06046
5 1.06196
6 1.06624
7 1.07162
8 1.07215
9 1.07294
10 1.07461
11 1.07563
12 1.07599
13 1.08515
14 1.08589
15 1.08691
16 1.08695
17 1.0872
18 1.09072
19 1.09295
20 1.09311
21 1.09558
22 1.09568
23 1.09598
24 1.09618
25 1.09668
26 1.10622
27 1.10923
28 1.10906
29 1.1095
30 1.11358
31 1.11569
32 1.11517
33 1.11501
34 1.11547
35 1.11654
36 1.11712
37 1.12131
38 1.12257
39 1.1252
40 1.12551
41 1.12551
42 1.13085
43 1.13131
44 1.13134
45 1.13124
46 1.13141
47 1.13254
48 1.13282
49 1.1341
50 1.13483
51 1.1347
52 1.13522
53 1.13626
54 1.13636
55 1.13697
56 1.13695
57 1.13696
58 1.13699
59 1.1375
60 1.1383
61 1.13923
62 1.13943
63 1.13935
64 1.13961
65 1.13976
66 1.14073
67 1.14073
68 1.14135
69 1.14164
70 1.14159
71 1.14216
72 1.14234
73 1.14323
74 1.14354
75 1.14354
76 1.14474
77 1.14566
78 1.14606
79 1.14734
80 1.14733
81 1.14773
82 1.14788
83 1.14792
84 1.14806
85 1.14806
86 1.14859
87 1.14863
88 1.15106
89 1.15095
90 1.15095
91 1.15042
92 1.15063
93 1.15039
94 1.1512
95 1.15147
96 1.15149
97 1.15149
98 1.15149
99 1.15149
100 1.15152
101 1.15019
102 1.15006
103 1.15092
104 1.15189
105 1.15275
106 1.15286
107 1.1533
108 1.1533
109 1.15347
110 1.15407
111 1.15394
112 1.15394
113 1.15389
114 1.1537
115 1.1537
116 1.15371
117 1.15385
118 1.15406
119 1.15487
120 1.15563
121 1.15694
122 1.15638
123 1.1569
124 1.15742
125 1.15729
126 1.15736
127 1.15746
128 1.15746
129 1.15861
130 1.15876
131 1.15845
132 1.15869
133 1.15881
134 1.15966
135 1.15951
136 1.15938
137 1.15943
138 1.16077
139 1.16078
140 1.16154
141 1.1624
142 1.1624
143 1.16383
144 1.16355
145 1.16355
146 1.16349
147 1.16345
148 1.16416
149 1.16416
150 1.16474
151 1.16437
152 1.16431
153 1.16461
154 1.16659
155 1.16628
156 1.16634
157 1.1663
158 1.16761
159 1.16766
160 1.1684
161 1.16876
162 1.16871
163 1.16864
164 1.16839
165 1.16813
166 1.16966
167 1.17124
168 1.17103
169 1.17061
170 1.17061
171 1.17049
172 1.17031
173 1.17135
174 1.17212
175 1.172
176 1.17642
177 1.17642
178 1.17912
179 1.17907
180 1.18013
181 1.18378
182 1.18367
183 1.18393
184 1.18393
185 1.18438
186 1.18438
187 1.18441
188 1.18441
189 1.18453
190 1.18735
191 1.18735
192 1.1872
193 1.18728
194 1.18734
195 1.18734
196 1.18739
197 1.18739
198 1.18739
199 1.18747
200 1.18764
201 1.18752
202 1.18777
203 1.18772
204 1.18762
205 1.18821
206 1.18811
207 1.18888
208 1.18888
209 1.18891
210 1.18908
211 1.18908
212 1.19013
213 1.19013
214 1.1903
215 1.19084
216 1.1909
217 1.1909
218 1.1909
219 1.19135
220 1.19135
221 1.19135
222 1.19123
223 1.19123
224 1.19097
225 1.19117
