0 3.60461
1 3.68969
2 3.68408
3 3.71282
4 3.80485
5 3.80812
6 3.82373
7 3.84231
8 3.84255
9 3.84511
10 3.84842
11 3.8525
12 3.85349
13 3.8871
14 3.89
15 3.89378
16 3.8892
17 3.88974
18 3.90138
19 3.91051
20 3.91042
21 3.91901
22 3.91949
23 3.9199
24 3.92073
25 3.92194
26 3.95847
27 3.96839
28 3.96761
29 3.96909
30 3.98348
31 3.99143
32 3.98764
33 3.98684
34 3.98747
35 3.9912
36 3.99354
37 4.01068
38 4.01507
39 4.02242
40 4.02324
41 4.02319
42 4.04558
43 4.04724
44 4.04763
45 4.04654
46 4.04736
47 4.04887
48 4.05004
49 4.0547
50 4.0575
51 4.0549
52 4.05721
53 4.06106
54 4.06137
55 4.06352
56 4.06354
57 4.06355
58 4.06378
59 4.06572
60 4.06921
61 4.07248
62 4.0731
63 4.07251
64 4.07358
65 4.07429
66 4.07855
67 4.07855
68 4.08104
69 4.08226
70 4.08201
71 4.08405
72 4.08462
73 4.08828
74 4.08949
75 4.0895
76 4.09369
77 4.09726
78 4.09855
79 4.1041
80 4.10369
81 4.10547
82 4.10668
83 4.10618
84 4.10672
85 4.10671
86 4.10883
87 4.10915
88 4.11706
89 4.11648
90 4.11648
91 4.11373
92 4.11472
93 4.11351
94 4.11663
95 4.1178
96 4.11764
97 4.11764
98 4.11764
99 4.11757
100 4.11749
101 4.11185
102 4.11123
103 4.11475
104 4.11941
105 4.12249
106 4.12295
107 4.12522
108 4.12507
109 4.12588
110 4.12835
111 4.12757
112 4.12757
113 4.1273
114 4.12629
115 4.12629
116 4.12561
117 4.12607
118 4.127
119 4.13049
120 4.13392
121 4.1393
122 4.13678
123 4.13805
124 4.14027
125 4.13964
126 4.13981
127 4.14031
128 4.1398
129 4.14406
130 4.14471
131 4.14329
132 4.14404
133 4.14447
134 4.1468
135 4.14511
136 4.14443
137 4.14464
138 4.14981
139 4.14967
140 4.15258
141 4.15589
142 4.15589
143 4.16187
144 4.15975
145 4.15975
146 4.15944
147 4.15923
148 4.16208
149 4.16208
150 4.16411
151 4.1604
152 4.16011
153 4.16071
154 4.16821
155 4.1668
156 4.16704
157 4.16634
158 4.17251
159 4.17262
160 4.17554
161 4.17728
162 4.17705
163 4.17632
164 4.17497
165 4.17391
166 4.18004
167 4.18657
168 4.1856
169 4.18374
170 4.18372
171 4.18318
172 4.18238
173 4.18598
174 4.18884
175 4.18789
176 4.20341
177 4.20341
178 4.21257
179 4.21224
180 4.21529
181 4.2277
182 4.22718
183 4.22851
184 4.2285
185 4.23052
186 4.23052
187 4.2305
188 4.2305
189 4.23078
190 4.23999
191 4.23999
192 4.23867
193 4.23877
194 4.23874
195 4.23874
196 4.23885
197 4.23887
198 4.23886
199 4.23911
200 4.23977
201 4.23922
202 4.23994
203 4.2395
204 4.23891
205 4.24097
206 4.23976
207 4.2427
208 4.24271
209 4.24278
210 4.24359
211 4.24351
212 4.24765
213 4.24764
214 4.24827
215 4.25041
216 4.25056
217 4.25055
218 4.25055
219 4.25276
220 4.25276
221 4.25276
222 4.25218
223 4.25218
224 4.25056
225 4.25124
