0 0.138255
1 0.100943
2 0.0998766
3 0.0912697
4 0.0585361
5 0.0577753
6 0.0563958
7 0.0556222
8 0.055045
9 0.054999
10 0.0532495
11 0.0531859
12 0.0531289
13 0.051092
14 0.0510051
15 0.0507826
16 0.051115
17 0.0509863
18 0.0498063
19 0.049279
20 0.0493672
21 0.0486394
22 0.048576
23 0.0485787
24 0.0485815
25 0.0484937
26 0.0433944
27 0.0430042
28 0.0430098
29 0.0429954
30 0.0417327
31 0.041599
32 0.0414635
33 0.0414547
34 0.041392
35 0.0414711
36 0.0414313
37 0.0400287
38 0.0397781
39 0.039685
40 0.039603
41 0.0396094
42 0.0399396
43 0.0399466
44 0.0399197
45 0.0399157
46 0.0399456
47 0.0398102
48 0.0398204
49 0.0398064
50 0.0398735
51 0.0396501
52 0.0395165
53 0.0395193
54 0.039514
55 0.0394793
56 0.0394804
57 0.0394877
58 0.0395102
59 0.0395432
60 0.0396002
61 0.0395776
62 0.0395973
63 0.039582
64 0.0395377
65 0.0395522
66 0.0396614
67 0.0396614
68 0.0396851
69 0.0395909
70 0.0395846
71 0.0395577
72 0.0395638
73 0.0394829
74 0.0394694
75 0.0394867
76 0.0389819
77 0.0390385
78 0.0389846
79 0.0389169
80 0.0389604
81 0.0388788
82 0.0388834
83 0.0389435
84 0.0389573
85 0.0389572
86 0.0388973
87 0.0388913
88 0.0384457
89 0.0384301
90 0.0384301
91 0.0383805
92 0.038387
93 0.0383838
94 0.0383889
95 0.0383836
96 0.0383573
97 0.0383573
98 0.0383573
99 0.0383557
100 0.0383453
101 0.0384048
102 0.0384032
103 0.0383124
104 0.0383015
105 0.0383548
106 0.0383794
107 0.0383757
108 0.0383978
109 0.0383769
110 0.038401
111 0.038423
112 0.038423
113 0.0384138
114 0.0384175
115 0.0384175
116 0.0384767
117 0.0385067
118 0.0384773
119 0.0385026
120 0.0385393
121 0.0386326
122 0.0385943
123 0.0385213
124 0.0384932
125 0.0384893
126 0.0384895
127 0.0385029
128 0.0385305
129 0.038259
130 0.038252
131 0.0382604
132 0.038246
133 0.0382551
134 0.0381477
135 0.0380302
136 0.0379927
137 0.0379992
138 0.0379376
139 0.0379251
140 0.037911
141 0.0379331
142 0.0379331
143 0.0379376
144 0.0377386
145 0.0377386
146 0.0377433
147 0.0377316
148 0.0377438
149 0.0377411
150 0.037769
151 0.0368013
152 0.0368009
153 0.0366272
154 0.0363382
155 0.0362931
156 0.0362939
157 0.0362657
158 0.03642
159 0.0364288
160 0.0364358
161 0.0364456
162 0.0364442
163 0.0364247
164 0.0364098
165 0.036415
166 0.0364541
167 0.0360022
168 0.0359935
169 0.0359751
170 0.0359766
171 0.0359721
172 0.0359707
173 0.0358945
174 0.0359169
175 0.0359437
176 0.0349932
177 0.0349932
178 0.0341803
179 0.0341814
180 0.0342743
181 0.0329295
182 0.0329193
183 0.0329223
184 0.0329221
185 0.0329279
186 0.0329279
187 0.0329253
188 0.0329253
189 0.0329152
190 0.0322225
191 0.0322225
192 0.0321832
193 0.0321797
194 0.0321664
195 0.0321664
196 0.0321757
197 0.0321845
198 0.0321833
199 0.0321962
200 0.0322002
201 0.032196
202 0.0321881
203 0.0321964
204 0.032201
205 0.0322166
206 0.0321935
207 0.0321558
208 0.0321583
209 0.0321822
210 0.0322359
211 0.0322342
212 0.0321618
213 0.0321613
214 0.0321751
215 0.0321696
216 0.0321597
217 0.0321604
218 0.0321604
219 0.0321719
220 0.0321719
221 0.0321719
222 0.0321611
223 0.0321611
224 0.0322014
225 0.0322262
