0 1
1 0.804235
2 0.799225
3 0.736582
4 0.535679
5 0.529016
6 0.52003
7 0.514398
8 0.508924
9 0.50809
10 0.493466
11 0.49249
12 0.492055
13 0.474667
14 0.473954
15 0.471102
16 0.473135
17 0.472135
18 0.461824
19 0.45646
20 0.457188
21 0.451529
22 0.45097
23 0.451067
24 0.45109
25 0.450157
26 0.405233
27 0.402077
28 0.402071
29 0.40189
30 0.39087
31 0.38961
32 0.388567
33 0.38857
34 0.387884
35 0.388602
36 0.38825
37 0.375309
38 0.372706
39 0.370791
40 0.370278
41 0.370304
42 0.374408
43 0.374389
44 0.374181
45 0.374278
46 0.374402
47 0.372907
48 0.37283
49 0.372871
50 0.373504
51 0.371394
52 0.370091
53 0.369936
54 0.369862
55 0.369428
56 0.369415
57 0.369471
58 0.36957
59 0.369889
60 0.370394
61 0.370256
62 0.370465
63 0.370374
64 0.369925
65 0.370398
66 0.371158
67 0.371158
68 0.371188
69 0.370519
70 0.370485
71 0.370268
72 0.370336
73 0.369569
74 0.369507
75 0.36962
76 0.364918
77 0.366038
78 0.36568
79 0.364458
80 0.364742
81 0.364261
82 0.36433
83 0.364767
84 0.364909
85 0.364909
86 0.364713
87 0.364705
88 0.361107
89 0.360932
90 0.360932
91 0.360696
92 0.360739
93 0.360714
94 0.360533
95 0.360423
96 0.360196
97 0.360196
98 0.360196
99 0.360208
100 0.360109
101 0.360616
102 0.360585
103 0.359519
104 0.359945
105 0.360447
106 0.360604
107 0.360574
108 0.36101
109 0.360815
110 0.361018
111 0.361225
112 0.361225
113 0.361064
114 0.361089
115 0.361089
116 0.361753
117 0.361959
118 0.361615
119 0.361739
120 0.361952
121 0.362582
122 0.362295
123 0.361543
124 0.361215
125 0.36127
126 0.361251
127 0.361443
128 0.361876
129 0.359379
130 0.359301
131 0.35934
132 0.359259
133 0.359346
134 0.358164
135 0.356988
136 0.356379
137 0.356425
138 0.355655
139 0.355528
140 0.355145
141 0.355271
142 0.355271
143 0.355218
144 0.353684
145 0.353684
146 0.353706
147 0.353639
148 0.353687
149 0.353673
150 0.353766
151 0.345465
152 0.345459
153 0.344075
154 0.342434
155 0.341977
156 0.341982
157 0.341706
158 0.342946
159 0.343027
160 0.343119
161 0.343152
162 0.343138
163 0.342947
164 0.342629
165 0.342592
166 0.342741
167 0.338609
168 0.338558
169 0.338464
170 0.338472
171 0.338437
172 0.338419
173 0.337778
174 0.338005
175 0.338144
176 0.331622
177 0.331622
178 0.324624
179 0.324647
180 0.325606
181 0.312104
182 0.312045
183 0.312053
184 0.312052
185 0.312298
186 0.312298
187 0.312262
188 0.312262
189 0.312192
190 0.306129
191 0.306129
192 0.305778
193 0.305773
194 0.305677
195 0.305677
196 0.30577
197 0.305819
198 0.305814
199 0.305848
200 0.305889
201 0.305841
202 0.305809
203 0.305866
204 0.3059
205 0.306094
206 0.305747
207 0.305653
208 0.305671
209 0.305836
210 0.30633
211 0.30631
212 0.305678
213 0.305667
214 0.305736
215 0.305118
216 0.305023
217 0.30503
218 0.30503
219 0.305085
220 0.305085
221 0.305085
222 0.305039
223 0.305039
224 0.305801
225 0.306217
