0 1
1 0.996508
2 0.990349
3 0.918139
4 0.90587
5 0.900104
6 0.901582
7 0.887234
8 0.874304
9 0.873682
10 0.867454
11 0.866921
12 0.866068
13 0.851341
14 0.849388
15 0.842779
16 0.849081
17 0.847982
18 0.833241
19 0.821301
20 0.818864
21 0.81799
22 0.815919
23 0.814067
24 0.814439
25 0.814585
26 0.781345
27 0.784323
28 0.784127
29 0.784301
30 0.779851
31 0.779531
32 0.778435
33 0.777534
34 0.773957
35 0.773161
36 0.772593
37 0.759656
38 0.757257
39 0.747943
40 0.745602
41 0.745554
42 0.74451
43 0.744491
44 0.741425
45 0.739744
46 0.739825
47 0.728859
48 0.728854
49 0.730301
50 0.730865
51 0.726325
52 0.726588
53 0.725812
54 0.725875
55 0.726155
56 0.72609
57 0.726106
58 0.725806
59 0.72615
60 0.726815
61 0.727385
62 0.727262
63 0.727191
64 0.726832
65 0.726819
66 0.725361
67 0.725361
68 0.725048
69 0.725256
70 0.725297
71 0.724263
72 0.724366
73 0.723074
74 0.723115
75 0.723335
76 0.721985
77 0.720142
78 0.720619
79 0.722069
80 0.720071
81 0.720427
82 0.720173
83 0.720151
84 0.720339
85 0.720342
86 0.720509
87 0.720747
88 0.721855
89 0.721695
90 0.721695
91 0.721216
92 0.721363
93 0.721347
94 0.721308
95 0.721481
96 0.721345
97 0.721345
98 0.721345
99 0.721555
100 0.721641
101 0.721167
102 0.720683
103 0.718511
104 0.716891
105 0.716435
106 0.716733
107 0.71705
108 0.716818
109 0.716944
110 0.717395
111 0.716944
112 0.716944
113 0.716972
114 0.716811
115 0.716811
116 0.716808
117 0.716828
118 0.717647
119 0.718474
120 0.719077
121 0.71772
122 0.716673
123 0.712596
124 0.712662
125 0.712675
126 0.712412
127 0.71251
128 0.712375
129 0.711091
130 0.711088
131 0.71085
132 0.710951
133 0.711044
134 0.71111
135 0.709677
136 0.709421
137 0.709337
138 0.709654
139 0.709575
140 0.709875
141 0.709764
142 0.709764
143 0.710425
144 0.708997
145 0.708997
146 0.708971
147 0.708923
148 0.70927
149 0.70928
150 0.707362
151 0.701154
152 0.701241
153 0.699389
154 0.699306
155 0.698702
156 0.698988
157 0.698427
158 0.696463
159 0.696702
160 0.69676
161 0.696855
162 0.696797
163 0.69696
164 0.696922
165 0.696944
166 0.697184
167 0.694356
168 0.694152
169 0.693938
170 0.693963
171 0.693615
172 0.693363
173 0.692438
174 0.692192
175 0.691879
176 0.691852
177 0.691852
178 0.69244
179 0.692332
180 0.689023
181 0.68727
182 0.687227
183 0.687852
184 0.68787
185 0.687946
186 0.687946
187 0.687612
188 0.687612
189 0.687552
190 0.687677
191 0.687677
192 0.687603
193 0.687495
194 0.686792
195 0.686792
196 0.686802
197 0.68682
198 0.686806
199 0.686833
200 0.686967
201 0.686777
202 0.686508
203 0.6864
204 0.686282
205 0.687816
206 0.687363
207 0.688001
208 0.687995
209 0.687085
210 0.687188
211 0.687274
212 0.68748
213 0.687403
214 0.687421
215 0.687585
216 0.687538
217 0.687549
218 0.687549
219 0.687815
220 0.687815
221 0.687815
222 0.687653
223 0.687653
224 0.687864
225 0.687913
