0 1
1 1.02856
2 1.02706
3 1.03651
4 1.06499
5 1.06621
6 1.07044
7 1.07676
8 1.07718
9 1.07797
10 1.07925
11 1.08031
12 1.08077
13 1.09076
14 1.09169
15 1.09274
16 1.0911
17 1.09136
18 1.09532
19 1.09795
20 1.09801
21 1.10043
22 1.10044
23 1.10069
24 1.10102
25 1.1016
26 1.11265
27 1.11591
28 1.11566
29 1.1162
30 1.12038
31 1.12265
32 1.12179
33 1.12157
34 1.12184
35 1.12303
36 1.12379
37 1.12851
38 1.12975
39 1.13215
40 1.1324
41 1.13239
42 1.13894
43 1.13948
44 1.13928
45 1.13888
46 1.13909
47 1.13988
48 1.14022
49 1.14175
50 1.1426
51 1.14213
52 1.14266
53 1.14389
54 1.14398
55 1.14459
56 1.14457
57 1.14459
58 1.14459
59 1.14528
60 1.14627
61 1.14736
62 1.14751
63 1.1473
64 1.14749
65 1.14768
66 1.14867
67 1.14867
68 1.14938
69 1.14962
70 1.14956
71 1.15018
72 1.15038
73 1.15145
74 1.15187
75 1.15187
76 1.15309
77 1.15373
78 1.15413
79 1.15577
80 1.15567
81 1.15608
82 1.15623
83 1.15625
84 1.15645
85 1.15644
86 1.15706
87 1.15715
88 1.15955
89 1.15938
90 1.15938
91 1.1586
92 1.15889
93 1.15859
94 1.15944
95 1.15978
96 1.15976
97 1.15976
98 1.15976
99 1.15976
100 1.15977
101 1.15808
102 1.15787
103 1.15879
104 1.15997
105 1.16093
106 1.16106
107 1.16165
108 1.16137
109 1.16162
110 1.16242
111 1.16223
112 1.16223
113 1.16216
114 1.1619
115 1.1619
116 1.16175
117 1.16191
118 1.16204
119 1.16305
120 1.16405
121 1.16566
122 1.16476
123 1.16522
124 1.16583
125 1.16561
126 1.16567
127 1.1658
128 1.16561
129 1.16671
130 1.16688
131 1.16649
132 1.16673
133 1.16687
134 1.16772
135 1.16724
136 1.16699
137 1.167
138 1.16859
139 1.16858
140 1.1695
141 1.17044
142 1.17044
143 1.17214
144 1.17141
145 1.17141
146 1.17131
147 1.17127
148 1.17209
149 1.17209
150 1.17259
151 1.17155
152 1.17145
153 1.17154
154 1.17356
155 1.1731
156 1.17317
157 1.17299
158 1.17447
159 1.17449
160 1.17531
161 1.17578
162 1.17573
163 1.17568
164 1.17532
165 1.17503
166 1.17689
167 1.17875
168 1.17848
169 1.17787
170 1.17786
171 1.1777
172 1.17745
173 1.17853
174 1.17938
175 1.17917
176 1.18357
177 1.18357
178 1.18628
179 1.1862
180 1.18731
181 1.1909
182 1.19076
183 1.19112
184 1.19111
185 1.19165
186 1.19165
187 1.19171
188 1.19171
189 1.1918
190 1.19455
191 1.19455
192 1.19435
193 1.19442
194 1.19439
195 1.19439
196 1.19442
197 1.19442
198 1.19442
199 1.19452
200 1.19471
201 1.19455
202 1.19479
203 1.19467
204 1.19452
205 1.19543
206 1.19529
207 1.19627
208 1.19627
209 1.19624
210 1.19649
211 1.19646
212 1.19767
213 1.19766
214 1.19786
215 1.19851
216 1.19856
217 1.19856
218 1.19856
219 1.19914
220 1.19914
221 1.19914
222 1.19896
223 1.19896
224 1.19845
225 1.19872
