0 0.077802
1 0.0765792
2 0.0759333
3 0.0707137
4 0.0688803
5 0.0685746
6 0.0690352
7 0.0679704
8 0.066606
9 0.0665478
10 0.0656831
11 0.065646
12 0.0656689
13 0.0650525
14 0.0646153
15 0.0643661
16 0.0642965
17 0.0640461
18 0.063241
19 0.0620187
20 0.0617316
21 0.0616774
22 0.0615102
23 0.0614596
24 0.0614321
25 0.0615678
26 0.0582781
27 0.0584649
28 0.0585172
29 0.0585189
30 0.0583164
31 0.0583027
32 0.0583116
33 0.0582386
34 0.0578962
35 0.0578072
36 0.0573609
37 0.0562549
38 0.0561706
39 0.0559117
40 0.0555629
41 0.0555663
42 0.0554184
43 0.055431
44 0.0552955
45 0.0552703
46 0.0553212
47 0.0548275
48 0.0548354
49 0.0548955
50 0.0548591
51 0.0545301
52 0.0545485
53 0.0544426
54 0.0544495
55 0.0544334
56 0.0544666
57 0.0542854
58 0.0542661
59 0.0542607
60 0.0541977
61 0.0542717
62 0.0542961
63 0.0542186
64 0.0542526
65 0.0542541
66 0.0541906
67 0.054196
68 0.054154
69 0.0542316
70 0.0542316
71 0.0542349
72 0.0542378
73 0.0541498
74 0.0540666
75 0.0540733
76 0.0540591
77 0.0540034
78 0.0539682
79 0.05395
80 0.0538633
81 0.0538406
82 0.0536884
83 0.0536512
84 0.0536497
85 0.0536501
86 0.0537116
87 0.0537003
88 0.0539529
89 0.0539777
90 0.0539746
91 0.054
92 0.0540077
93 0.0539887
94 0.0539332
95 0.0539423
96 0.0539423
97 0.0539423
98 0.0539423
99 0.0539808
100 0.0539666
101 0.0540518
102 0.054043
103 0.0539393
104 0.0535537
105 0.0534324
106 0.0534206
107 0.0534377
108 0.053434
109 0.0534271
110 0.0533279
111 0.053292
112 0.0532934
113 0.0532666
114 0.0532538
115 0.0532538
116 0.0532788
117 0.0532888
118 0.0532512
119 0.0532597
120 0.0532538
121 0.0532218
122 0.053157
123 0.0529173
124 0.0529114
125 0.0529206
126 0.0529251
127 0.0528856
128 0.0527688
129 0.0525136
130 0.0525956
131 0.0525914
132 0.0526215
133 0.052601
134 0.0526218
135 0.0525818
136 0.0525804
137 0.0526343
138 0.0527355
139 0.052735
140 0.0527581
141 0.0527181
142 0.0527051
143 0.0526483
144 0.0527771
145 0.0527803
146 0.0527961
147 0.0528157
148 0.0527115
149 0.0527115
150 0.0524688
151 0.0516101
152 0.0516114
153 0.0515165
154 0.051534
155 0.0515581
156 0.0515653
157 0.0516683
158 0.0516195
159 0.0516195
160 0.0516047
161 0.0516152
162 0.051612
163 0.051558
164 0.0515876
165 0.0515876
166 0.0515229
167 0.0511967
168 0.0511967
169 0.0512173
170 0.0512181
171 0.0511999
172 0.0511999
173 0.0511204
174 0.0511012
175 0.0510007
176 0.0509104
177 0.0509189
178 0.0512539
179 0.0512552
180 0.0512798
181 0.0511768
182 0.0511911
183 0.0512222
184 0.0512222
185 0.0511049
186 0.0511083
187 0.0510878
188 0.0510878
189 0.0512051
190 0.051194
191 0.051194
192 0.0511682
193 0.0511513
194 0.0511734
195 0.0511734
196 0.0511725
197 0.051199
198 0.051199
199 0.0511813
200 0.0511779
201 0.0511852
202 0.051154
203 0.0511961
204 0.0511855
205 0.0512091
206 0.0512284
207 0.0512284
208 0.0512284
209 0.0511888
210 0.0511326
211 0.0511797
212 0.0511674
213 0.0511674
214 0.0512006
215 0.0512082
216 0.0512082
217 0.0512307
218 0.0512307
219 0.0512645
220 0.0512645
221 0.0512645
222 0.0512995
223 0.0512995
224 0.0512855
225 0.0512976
