2655 : 21315 2021 
21315 : 2174 2655 
14908 : 16432 2174 
5808 : 5588 12280 
8821 : 3026 5588 
1604 : 3026 
3026 : 1604 8821 
9783 : 17186 
11459 : 12280 863 16432 
12280 : 11459 13300 5808 
18819 : 13300 7670 
2021 : 2655 1990 
5588 : 8821 5808 
9329 : 7858 
7670 : 18819 334 
1990 : 2021 
16432 : 11459 14908 
17186 : 15976 9783 
13300 : 12280 18819 
11879 : 7858 8351 
2174 : 14908 21315 
7858 : 9329 11879 
8351 : 11879 334 
863 : 11459 12071 
334 : 8351 7670 
12071 : 863 15976 
15976 : 12071 17186 
7670 1990 11459 1604 9783 9329 
