12569 : 5156 7162 
5156 : 21920 12569 
21920 : 5851 5156 
3423 : 22265 17740 
7162 : 12569 20516 
15195 : 183 22265 
22265 : 15195 3423 
5851 : 1370 21920 
1370 : 8286 5851 
21120 : 6088 8286 
6088 : 9411 21120 
13140 : 20516 20447 
6745 : 15389 20516 
12965 : 17419 187 
20447 : 13140 
187 : 12965 17740 
5639 : 183 1078 
20516 : 6745 13140 7162 
183 : 5639 15195 
1078 : 5639 22438 
9411 : 18690 6088 
15389 : 6745 
17419 : 10487 12965 
8286 : 21120 1370 
17740 : 187 3423 
22438 : 1078 18690 
18690 : 22438 9411 
10487 : 17419 
17740 183 9411 10487 5851 15389 20447 
