0 1
1 0.999752
2 0.99959
3 0.99959
4 0.999466
5 0.999466
6 0.999301
7 0.999266
8 0.998938
9 0.998938
10 0.998938
11 0.998938
12 0.998897
13 0.998897
14 0.998897
15 0.998897
16 0.998897
17 0.998897
18 0.998897
19 0.998856
20 0.998776
21 0.998776
22 0.998595
23 0.998595
24 0.998595
25 0.99855
26 0.998357
27 0.998357
28 0.998315
29 0.998315
30 0.998315
31 0.997549
32 0.996122
33 0.995995
34 0.995953
35 0.995909
36 0.995909
37 0.995909
38 0.995909
39 0.995632
40 0.995632
41 0.995553
42 0.995553
43 0.995511
44 0.995511
45 0.995349
46 0.995349
47 0.995349
48 0.995349
49 0.995349
50 0.995349
51 0.995349
52 0.995349
53 0.995349
54 0.995349
55 0.995349
56 0.995308
57 0.995308
58 0.995308
59 0.995038
60 0.994361
61 0.994237
62 0.994017
63 0.994017
64 0.993938
65 0.993897
66 0.99382
67 0.993738
68 0.9937
69 0.9937
70 0.993658
71 0.993544
72 0.993544
73 0.993461
74 0.993461
75 0.993461
76 0.993461
77 0.992854
78 0.991996
79 0.991954
80 0.991954
81 0.991954
82 0.99184
83 0.99184
84 0.99184
85 0.99184
86 0.99184
87 0.99184
88 0.991675
89 0.991509
90 0.991471
91 0.991471
92 0.991471
93 0.991245
94 0.991245
95 0.991245
96 0.991245
97 0.991245
98 0.991172
99 0.991172
100 0.991001
101 0.990966
102 0.990613
103 0.990613
104 0.99053
105 0.99053
106 0.99053
107 0.990486
108 0.990486
109 0.990486
110 0.990486
111 0.990451
112 0.990451
113 0.990451
114 0.990451
115 0.990409
116 0.990409
117 0.990409
118 0.990371
119 0.99033
120 0.99033
121 0.988677
122 0.988636
123 0.988636
124 0.988636
125 0.988636
126 0.988636
127 0.988636
128 0.988594
129 0.988515
130 0.988439
131 0.988439
132 0.988394
133 0.988394
134 0.988394
135 0.988353
136 0.988276
137 0.988276
138 0.987984
139 0.987984
140 0.987984
141 0.987939
142 0.987905
143 0.987863
144 0.987863
145 0.987863
146 0.987863
147 0.987863
148 0.987555
149 0.987475
150 0.987475
151 0.987475
152 0.987475
153 0.987231
154 0.987231
155 0.987231
156 0.987231
157 0.987231
158 0.987231
159 0.987148
160 0.987148
161 0.987148
162 0.987148
163 0.987078
164 0.987078
165 0.987078
166 0.987043
167 0.987043
168 0.987005
169 0.987005
170 0.98697
171 0.986932
172 0.986932
173 0.986932
174 0.986894
175 0.986849
176 0.986849
177 0.986716
178 0.986716
179 0.986716
180 0.986716
181 0.986585
182 0.986509
183 0.986274
184 0.986274
185 0.986274
186 0.98601
187 0.985965
188 0.9858
189 0.985756
190 0.985756
191 0.985756
192 0.985021
193 0.984945
194 0.984913
195 0.984875
196 0.984614
197 0.98457
198 0.98449
199 0.984452
200 0.984376
201 0.984376
202 0.9843
203 0.984265
204 0.984265
205 0.984074
206 0.984036
207 0.984036
208 0.983995
209 0.983995
210 0.983995
211 0.983995
212 0.983324
213 0.983324
214 0.983324
215 0.983324
216 0.983241
217 0.983241
218 0.983241
219 0.983241
220 0.983241
221 0.9832
222 0.98313
223 0.98313
224 0.983047
225 0.983047
