0 0.004
1 0.002
2 0.003
3 0.006
4 0.004
5 0.004
6 0.005
7 0.004
8 0.004
9 0.005
10 0.004
11 0.004
12 0.008
13 0.004
14 0.004
15 0.005
16 0.002
17 0.006
18 0.007
19 0.005
20 0.003
21 0.002
22 0.002
23 0.005
24 0.003
25 0.004
26 0.003
27 0.008
28 0.005
29 0.004
30 0.004
31 0.004
32 0.002
33 0.005
34 0.003
35 0.006
36 0.006
37 0.007
38 0.003
39 0.005
40 0.007
41 0.004
42 0.003
43 0.003
44 0.003
45 0.006
46 0.003
47 0.004
48 0.004
49 0.002
50 0.002
51 0.002
52 0.005
53 0.004
54 0.005
55 0.005
56 0.005
57 0.006
58 0.006
59 0.004
60 0.006
61 0.007
62 0.005
63 0.001
64 0.002
65 0.006
66 0.005
67 0.003
68 0.005
69 0.006
70 0.004
71 0.004
72 0.002
73 0.004
74 0.005
75 0.006
76 0.005
77 0.005
78 0.005
79 0.004
80 0.005
81 0.003
82 0.005
83 0.006
84 0.004
85 0.007
86 0.005
87 0.006
88 0.004
89 0.004
90 0.005
91 0.002
92 0.006
93 0.004
94 0.008
95 0.003
96 0.005
97 0.005
98 0.002
99 0.004
100 0.003
101 0.005
102 0.003
103 0.002
104 0.005
105 0.005
106 0.005
107 0.005
108 0.005
109 0.004
110 0.005
111 0.007
112 0.003
113 0.002
114 0.003
115 0.005
116 0.005
117 0.004
118 0.004
119 0.005
120 0.005
121 0.003
122 0.004
123 0.004
124 0.004
125 0.005
126 0.005
127 0.005
128 0.005
129 0.002
130 0.006
131 0.006
132 0.003
133 0.003
134 0.005
135 0.007
136 0.006
137 0.002
138 0.003
139 0.005
140 0.005
141 0.004
142 0.006
143 0.006
144 0.006
145 0.008
146 0.009
147 0.003
148 0.006
149 0.003
150 0.006
151 0.002
152 0.004
153 0.009
154 0.005
155 0.004
156 0.007
157 0.003
158 0.005
159 0.004
160 0.004
161 0.003
162 0.006
163 0.004
164 0.003
165 0.005
166 0.003
167 0.005
168 0.005
169 0.005
170 0.005
171 0.007
172 0.004
173 0.002
174 0.005
175 0.005
176 0.005
177 0.004
178 0.006
179 0.005
180 0.005
181 0.007
182 0.003
183 0.004
184 0.003
185 0.005
186 0.005
187 0.005
188 0.004
189 0.003
190 0.007
191 0.004
192 0.004
193 0.007
194 0.003
195 0.007
196 0.005
197 0.004
198 0.007
199 0.006
200 0.003
201 0.006
202 0.004
203 0.007
204 0.007
205 0.002
206 0.008
207 0.006
208 0.009
209 0.005
210 0.003
211 0.007
212 0.005
213 0.006
214 0.005
215 0.004
216 0.007
217 0.004
218 0.006
219 0.006
220 0.004
221 0.005
222 0.005
223 0.005
224 0.009
225 0.003
