0 1
1 0.909912
2 0.886627
3 0.838414
4 0.75595
5 0.743789
6 0.711195
7 0.697314
8 0.691382
9 0.687643
10 0.657957
11 0.65579
12 0.654741
13 0.650034
14 0.648601
15 0.644791
16 0.639985
17 0.639602
18 0.632716
19 0.624656
20 0.622605
21 0.620388
22 0.617673
23 0.616025
24 0.614825
25 0.613309
26 0.557686
27 0.55678
28 0.556723
29 0.555301
30 0.548488
31 0.54853
32 0.548816
33 0.548698
34 0.545814
35 0.545679
36 0.544379
37 0.52752
38 0.52589
39 0.527275
40 0.524918
41 0.524918
42 0.523373
43 0.522707
44 0.52135
45 0.521065
46 0.520291
47 0.517535
48 0.517451
49 0.516875
50 0.516709
51 0.516711
52 0.514924
53 0.514823
54 0.514823
55 0.513251
56 0.513251
57 0.513283
58 0.513116
59 0.513533
60 0.51314
61 0.513141
62 0.513774
63 0.513917
64 0.51216
65 0.51216
66 0.511865
67 0.511379
68 0.507611
69 0.5022
70 0.5022
71 0.501605
72 0.501605
73 0.500271
74 0.499563
75 0.499674
76 0.49956
77 0.498371
78 0.497146
79 0.495185
80 0.49457
81 0.49457
82 0.493157
83 0.492496
84 0.492396
85 0.492396
86 0.491865
87 0.491865
88 0.483201
89 0.483269
90 0.483269
91 0.483269
92 0.483269
93 0.483269
94 0.482952
95 0.482952
96 0.482952
97 0.482952
98 0.482952
99 0.481831
100 0.481492
101 0.481557
102 0.481557
103 0.480678
104 0.463493
105 0.463787
106 0.463953
107 0.463787
108 0.463929
109 0.464112
110 0.464876
111 0.464876
112 0.465001
113 0.464325
114 0.463714
115 0.463714
116 0.463441
117 0.463459
118 0.46149
119 0.461036
120 0.460393
121 0.456646
122 0.45616
123 0.453775
124 0.453775
125 0.4534
126 0.453108
127 0.452415
128 0.452161
129 0.449585
130 0.449077
131 0.449327
132 0.449327
133 0.449327
134 0.448977
135 0.448856
136 0.448833
137 0.448674
138 0.447343
139 0.446589
140 0.446139
141 0.446139
142 0.446014
143 0.446329
144 0.444761
145 0.444761
146 0.444761
147 0.444328
148 0.443128
149 0.442828
150 0.441842
151 0.437101
152 0.437101
153 0.434413
154 0.433596
155 0.433137
156 0.433137
157 0.433137
158 0.43315
159 0.43315
160 0.432883
161 0.432217
162 0.432217
163 0.432208
164 0.432208
165 0.432208
166 0.432408
167 0.430852
168 0.430709
169 0.430709
170 0.430709
171 0.431409
172 0.431409
173 0.429969
174 0.429676
175 0.42939
176 0.424671
177 0.424689
178 0.416175
179 0.416175
180 0.414552
181 0.410636
182 0.410636
183 0.410893
184 0.410893
185 0.409586
186 0.409586
187 0.409153
188 0.409153
189 0.409228
190 0.401795
191 0.401795
192 0.401419
193 0.401419
194 0.401719
195 0.401719
196 0.401719
197 0.401719
198 0.401576
199 0.401576
200 0.401326
201 0.401383
202 0.401383
203 0.401049
204 0.401049
205 0.401991
206 0.401441
207 0.401316
208 0.401316
209 0.401459
210 0.400667
211 0.401286
212 0.401429
213 0.401429
214 0.401679
215 0.40119
216 0.40119
217 0.40094
218 0.40094
219 0.400664
220 0.400664
221 0.400664
222 0.400831
223 0.400831
224 0.400831
225 0.400831
