0 9.348
1 9.541
2 9.537
3 9.613
4 9.734
5 9.745
6 9.812
7 9.86
8 9.858
9 9.881
10 9.919
11 9.928
12 9.936
13 9.953
14 9.954
15 9.962
16 9.965
17 9.973
18 9.996
19 10.037
20 10.038
21 10.052
22 10.053
23 10.058
24 10.054
25 10.06
26 10.126
27 10.13
28 10.13
29 10.129
30 10.142
31 10.149
32 10.151
33 10.15
34 10.157
35 10.154
36 10.17
37 10.193
38 10.206
39 10.213
40 10.231
41 10.232
42 10.237
43 10.24
44 10.253
45 10.254
46 10.25
47 10.248
48 10.251
49 10.255
50 10.258
51 10.259
52 10.289
53 10.298
54 10.298
55 10.301
56 10.301
57 10.305
58 10.305
59 10.304
60 10.308
61 10.31
62 10.314
63 10.308
64 10.31
65 10.313
66 10.342
67 10.344
68 10.365
69 10.365
70 10.365
71 10.365
72 10.365
73 10.37
74 10.37
75 10.369
76 10.378
77 10.386
78 10.387
79 10.39
80 10.399
81 10.4
82 10.413
83 10.415
84 10.413
85 10.413
86 10.414
87 10.414
88 10.447
89 10.451
90 10.451
91 10.454
92 10.454
93 10.455
94 10.462
95 10.461
96 10.461
97 10.461
98 10.461
99 10.468
100 10.473
101 10.473
102 10.473
103 10.482
104 10.57
105 10.567
106 10.566
107 10.565
108 10.561
109 10.568
110 10.578
111 10.58
112 10.578
113 10.578
114 10.583
115 10.583
116 10.584
117 10.586
118 10.586
119 10.592
120 10.589
121 10.632
122 10.635
123 10.657
124 10.657
125 10.658
126 10.66
127 10.658
128 10.656
129 10.701
130 10.702
131 10.705
132 10.705
133 10.705
134 10.721
135 10.727
136 10.732
137 10.734
138 10.739
139 10.739
140 10.741
141 10.741
142 10.739
143 10.744
144 10.749
145 10.749
146 10.751
147 10.75
148 10.749
149 10.75
150 10.752
151 10.776
152 10.776
153 10.795
154 10.8
155 10.804
156 10.804
157 10.804
158 10.808
159 10.808
160 10.808
161 10.807
162 10.807
163 10.814
164 10.817
165 10.817
166 10.821
167 10.837
168 10.837
169 10.837
170 10.837
171 10.841
172 10.841
173 10.845
174 10.844
175 10.842
176 10.866
177 10.864
178 10.911
179 10.911
180 10.922
181 10.93
182 10.927
183 10.925
184 10.925
185 10.926
186 10.921
187 10.926
188 10.926
189 10.929
190 10.94
191 10.94
192 10.945
193 10.945
194 10.945
195 10.945
196 10.945
197 10.945
198 10.946
199 10.947
200 10.952
201 10.958
202 10.958
203 10.956
204 10.956
205 10.968
206 10.971
207 10.971
208 10.971
209 10.97
210 10.971
211 10.978
212 10.982
213 10.982
214 10.982
215 10.987
216 10.987
217 10.985
218 10.985
219 10.988
220 10.988
221 10.988
222 10.986
223 10.986
224 10.988
225 10.992
