0 1
1 1.02547
2 1.02625
3 1.0448
4 1.06459
5 1.06589
6 1.07402
7 1.07967
8 1.08067
9 1.08273
10 1.08449
11 1.08871
12 1.0892
13 1.09613
14 1.09553
15 1.09743
16 1.09781
17 1.09838
18 1.10211
19 1.10513
20 1.10557
21 1.10794
22 1.10806
23 1.10978
24 1.10955
25 1.11009
26 1.11883
27 1.12294
28 1.12285
29 1.12315
30 1.12737
31 1.12979
32 1.13026
33 1.13091
34 1.13427
35 1.13484
36 1.13583
37 1.13921
38 1.13961
39 1.14181
40 1.1419
41 1.1419
42 1.1417
43 1.14223
44 1.14435
45 1.14432
46 1.14444
47 1.14856
48 1.14803
49 1.14736
50 1.14811
51 1.15029
52 1.15088
53 1.15139
54 1.15139
55 1.15262
56 1.15262
57 1.15252
58 1.15241
59 1.15241
60 1.15305
61 1.15275
62 1.15386
63 1.15364
64 1.15364
65 1.15364
66 1.15533
67 1.15533
68 1.15431
69 1.1552
70 1.15506
71 1.15511
72 1.15511
73 1.15566
74 1.15547
75 1.15547
76 1.16039
77 1.15916
78 1.16003
79 1.15956
80 1.16157
81 1.16203
82 1.16156
83 1.16164
84 1.16164
85 1.16164
86 1.16211
87 1.16219
88 1.16686
89 1.16707
90 1.16707
91 1.16737
92 1.16737
93 1.16751
94 1.16803
95 1.16828
96 1.16828
97 1.16828
98 1.16828
99 1.16821
100 1.16828
101 1.16806
102 1.1681
103 1.16867
104 1.16927
105 1.17158
106 1.17158
107 1.17187
108 1.17139
109 1.17139
110 1.17096
111 1.17092
112 1.17092
113 1.17092
114 1.17145
115 1.17145
116 1.17119
117 1.1711
118 1.17264
119 1.17282
120 1.17297
121 1.17474
122 1.1753
123 1.17587
124 1.17611
125 1.1761
126 1.17668
127 1.17635
128 1.17718
129 1.17827
130 1.17827
131 1.17819
132 1.1785
133 1.17846
134 1.18018
135 1.17951
136 1.17985
137 1.17942
138 1.18042
139 1.18117
140 1.18106
141 1.18035
142 1.18035
143 1.18139
144 1.18121
145 1.18121
146 1.18121
147 1.18121
148 1.18115
149 1.18115
150 1.18183
151 1.1842
152 1.1842
153 1.18503
154 1.18757
155 1.18684
156 1.18722
157 1.18747
158 1.18818
159 1.18806
160 1.1888
161 1.18879
162 1.18879
163 1.18967
164 1.18976
165 1.18976
166 1.19199
167 1.19289
168 1.19289
169 1.19213
170 1.19213
171 1.19213
172 1.19213
173 1.19125
174 1.1915
175 1.19138
176 1.19827
177 1.19851
178 1.20214
179 1.20239
180 1.20401
181 1.20831
182 1.20831
183 1.20862
184 1.20862
185 1.20904
186 1.20924
187 1.20924
188 1.20924
189 1.20924
190 1.21322
191 1.21322
192 1.21429
193 1.21454
194 1.2147
195 1.2147
196 1.2147
197 1.2147
198 1.21483
199 1.21472
200 1.21562
201 1.21562
202 1.21537
203 1.21514
204 1.215
205 1.21652
206 1.21688
207 1.21679
208 1.21713
209 1.21664
210 1.21654
211 1.21654
212 1.21866
213 1.21866
214 1.21875
215 1.21944
216 1.21944
217 1.21919
218 1.21919
219 1.21962
220 1.21951
221 1.21951
222 1.21951
223 1.21951
224 1.21919
225 1.21939
