0 1.87701
1 1.91265
2 1.91103
3 1.92129
4 1.93876
5 1.94031
6 1.95107
7 1.96121
8 1.9601
9 1.96504
10 1.97106
11 1.97323
12 1.97505
13 1.97787
14 1.97773
15 1.97914
16 1.9788
17 1.98011
18 1.98439
19 1.99385
20 1.99377
21 1.99712
22 1.99719
23 1.99826
24 1.99724
25 1.99819
26 2.00726
27 2.00771
28 2.00756
29 2.00711
30 2.0088
31 2.0102
32 2.01071
33 2.01035
34 2.01185
35 2.01059
36 2.01421
37 2.0174
38 2.0198
39 2.02102
40 2.02535
41 2.02551
42 2.02638
43 2.02713
44 2.03001
45 2.03017
46 2.02904
47 2.02806
48 2.02879
49 2.02954
50 2.03022
51 2.02997
52 2.03679
53 2.0387
54 2.03867
55 2.03929
56 2.03927
57 2.0402
58 2.04012
59 2.03985
60 2.04066
61 2.04126
62 2.04218
63 2.04071
64 2.04074
65 2.04149
66 2.0485
67 2.0489
68 2.05355
69 2.05334
70 2.05334
71 2.05287
72 2.05287
73 2.05405
74 2.05402
75 2.05378
76 2.05613
77 2.0582
78 2.0583
79 2.05886
80 2.06085
81 2.06092
82 2.06404
83 2.06434
84 2.06379
85 2.06379
86 2.06403
87 2.06399
88 2.0703
89 2.0713
90 2.07126
91 2.07206
92 2.07206
93 2.07231
94 2.07376
95 2.07344
96 2.07344
97 2.07344
98 2.07344
99 2.07487
100 2.07596
101 2.07556
102 2.07554
103 2.0771
104 2.09771
105 2.09691
106 2.09666
107 2.09625
108 2.09527
109 2.09625
110 2.09798
111 2.09849
112 2.09807
113 2.09807
114 2.09893
115 2.09893
116 2.09908
117 2.09938
118 2.09899
119 2.10045
120 2.09993
121 2.10962
122 2.11033
123 2.1151
124 2.11512
125 2.11516
126 2.11569
127 2.11517
128 2.11459
129 2.12226
130 2.12208
131 2.12274
132 2.12274
133 2.12273
134 2.12685
135 2.12821
136 2.12945
137 2.12975
138 2.13085
139 2.13066
140 2.13115
141 2.13115
142 2.13054
143 2.1313
144 2.13204
145 2.13204
146 2.13254
147 2.13225
148 2.13152
149 2.13181
150 2.13248
151 2.13702
152 2.13702
153 2.1409
154 2.14193
155 2.14279
156 2.14279
157 2.14271
158 2.14334
159 2.14334
160 2.14333
161 2.14331
162 2.14331
163 2.14466
164 2.14528
165 2.14528
166 2.14595
167 2.14919
168 2.14919
169 2.14918
170 2.14918
171 2.14995
172 2.14995
173 2.15056
174 2.15017
175 2.1496
176 2.15465
177 2.15405
178 2.16266
179 2.16266
180 2.16488
181 2.16427
182 2.16357
183 2.1629
184 2.1629
185 2.1631
186 2.16183
187 2.16316
188 2.16316
189 2.16382
190 2.1657
191 2.1657
192 2.16688
193 2.16688
194 2.16675
195 2.16675
196 2.16675
197 2.16675
198 2.16695
199 2.16709
200 2.16833
201 2.16967
202 2.16967
203 2.16928
204 2.16928
205 2.1721
206 2.17243
207 2.1724
208 2.1724
209 2.17214
210 2.17214
211 2.17387
212 2.17476
213 2.17476
214 2.17475
215 2.17581
216 2.17581
217 2.17527
218 2.17527
219 2.176
220 2.17598
221 2.17598
222 2.1755
223 2.1755
224 2.17601
225 2.17698
