0 1
1 0.987764
2 0.98542
3 0.920503
4 0.898754
5 0.896491
6 0.910801
7 0.894223
8 0.883044
9 0.883613
10 0.883387
11 0.885553
12 0.88627
13 0.881472
14 0.875879
15 0.868792
16 0.871471
17 0.868592
18 0.858008
19 0.848414
20 0.846588
21 0.848437
22 0.845069
23 0.844343
24 0.84364
25 0.843181
26 0.786554
27 0.78571
28 0.785359
29 0.784999
30 0.781438
31 0.782062
32 0.78216
33 0.780465
34 0.778027
35 0.776738
36 0.774743
37 0.758606
38 0.757825
39 0.755042
40 0.753182
41 0.753113
42 0.75115
43 0.751611
44 0.750354
45 0.750809
46 0.749812
47 0.745056
48 0.744673
49 0.746333
50 0.746649
51 0.742934
52 0.746094
53 0.745252
54 0.745213
55 0.744419
56 0.744373
57 0.743949
58 0.743654
59 0.743314
60 0.743227
61 0.745314
62 0.745653
63 0.745474
64 0.744742
65 0.74486
66 0.745992
67 0.746128
68 0.747593
69 0.748491
70 0.748491
71 0.746099
72 0.746099
73 0.745955
74 0.745715
75 0.74559
76 0.746715
77 0.747041
78 0.747069
79 0.747599
80 0.747247
81 0.746995
82 0.747255
83 0.747406
84 0.747029
85 0.747029
86 0.74812
87 0.748078
88 0.752094
89 0.752343
90 0.752175
91 0.752702
92 0.752702
93 0.752752
94 0.752065
95 0.751793
96 0.751793
97 0.751793
98 0.751793
99 0.753161
100 0.752992
101 0.752935
102 0.752766
103 0.749994
104 0.753344
105 0.753409
106 0.753537
107 0.752842
108 0.753068
109 0.755012
110 0.753843
111 0.754681
112 0.754676
113 0.754566
114 0.755317
115 0.755317
116 0.755384
117 0.754874
118 0.756402
119 0.756422
120 0.757594
121 0.757641
122 0.757654
123 0.752015
124 0.75203
125 0.751809
126 0.752211
127 0.748825
128 0.748511
129 0.743064
130 0.742015
131 0.742133
132 0.742133
133 0.74215
134 0.745464
135 0.745788
136 0.746096
137 0.745938
138 0.744337
139 0.744116
140 0.74425
141 0.74425
142 0.741052
143 0.739152
144 0.737605
145 0.737605
146 0.737654
147 0.737434
148 0.734542
149 0.734792
150 0.73301
151 0.725694
152 0.725694
153 0.726493
154 0.726848
155 0.726577
156 0.726577
157 0.726471
158 0.726356
159 0.726356
160 0.726208
161 0.726726
162 0.726726
163 0.727244
164 0.72755
165 0.72755
166 0.728067
167 0.723704
168 0.723727
169 0.72335
170 0.72335
171 0.722727
172 0.722727
173 0.721687
174 0.721488
175 0.720549
176 0.721637
177 0.72121
178 0.7263
179 0.7263
180 0.725874
181 0.719407
182 0.719008
183 0.718966
184 0.718966
185 0.71724
186 0.716798
187 0.71761
188 0.71761
189 0.71848
190 0.72139
191 0.72139
192 0.721396
193 0.721396
194 0.721197
195 0.721197
196 0.721197
197 0.721197
198 0.721157
199 0.720825
200 0.721161
201 0.72129
202 0.72126
203 0.721366
204 0.721366
205 0.721559
206 0.721412
207 0.721242
208 0.721242
209 0.721131
210 0.720366
211 0.721453
212 0.721193
213 0.721193
214 0.721216
215 0.721621
216 0.721621
217 0.721738
218 0.721738
219 0.721443
220 0.721432
221 0.721432
222 0.721382
223 0.721382
224 0.721474
225 0.721925
