0 1
1 1.02439
2 1.02373
3 1.03248
4 1.04514
5 1.04682
6 1.05449
7 1.06028
8 1.05975
9 1.0626
10 1.06716
11 1.06923
12 1.07052
13 1.07296
14 1.07299
15 1.07367
16 1.07362
17 1.07461
18 1.07713
19 1.08287
20 1.08267
21 1.08449
22 1.08432
23 1.08538
24 1.08482
25 1.08533
26 1.0914
27 1.09199
28 1.09181
29 1.09153
30 1.0932
31 1.09407
32 1.09433
33 1.09436
34 1.09485
35 1.09433
36 1.09644
37 1.09899
38 1.10025
39 1.10088
40 1.10337
41 1.10349
42 1.10391
43 1.10449
44 1.106
45 1.10608
46 1.10543
47 1.10473
48 1.105
49 1.10555
50 1.1058
51 1.10572
52 1.11011
53 1.11125
54 1.11124
55 1.11166
56 1.11165
57 1.11207
58 1.11201
59 1.11177
60 1.11245
61 1.11333
62 1.11385
63 1.11315
64 1.11317
65 1.11363
66 1.11738
67 1.11765
68 1.12095
69 1.12106
70 1.12106
71 1.12129
72 1.12129
73 1.12222
74 1.1222
75 1.12208
76 1.12342
77 1.12436
78 1.12494
79 1.12568
80 1.12701
81 1.12699
82 1.12911
83 1.12924
84 1.12902
85 1.12902
86 1.12929
87 1.12926
88 1.13249
89 1.13303
90 1.13301
91 1.13356
92 1.13356
93 1.13375
94 1.13424
95 1.13403
96 1.13403
97 1.13403
98 1.13403
99 1.13464
100 1.13518
101 1.13524
102 1.13522
103 1.13614
104 1.14569
105 1.14516
106 1.14501
107 1.14475
108 1.14423
109 1.14438
110 1.14521
111 1.14556
112 1.14537
113 1.14547
114 1.14602
115 1.14602
116 1.14605
117 1.14618
118 1.14587
119 1.1466
120 1.14662
121 1.15369
122 1.15391
123 1.15714
124 1.15716
125 1.1571
126 1.1574
127 1.15716
128 1.15699
129 1.16126
130 1.16096
131 1.16119
132 1.16119
133 1.16119
134 1.16374
135 1.16443
136 1.16513
137 1.16537
138 1.16565
139 1.1656
140 1.16596
141 1.16596
142 1.16568
143 1.16583
144 1.16592
145 1.16592
146 1.16618
147 1.16596
148 1.16477
149 1.16489
150 1.16542
151 1.16866
152 1.16866
153 1.17113
154 1.17168
155 1.17216
156 1.17216
157 1.17214
158 1.17245
159 1.17245
160 1.17251
161 1.17288
162 1.17288
163 1.1736
164 1.17395
165 1.17395
166 1.17438
167 1.17639
168 1.17639
169 1.17638
170 1.17638
171 1.17696
172 1.17696
173 1.17697
174 1.17681
175 1.1764
176 1.18012
177 1.17989
178 1.18518
179 1.18518
180 1.18586
181 1.18405
182 1.18367
183 1.18325
184 1.18325
185 1.18335
186 1.1826
187 1.18348
188 1.18348
189 1.18389
190 1.185
191 1.185
192 1.1858
193 1.1858
194 1.18563
195 1.18563
196 1.18563
197 1.18563
198 1.18573
199 1.18576
200 1.18664
201 1.18716
202 1.18715
203 1.18699
204 1.18699
205 1.18875
206 1.1888
207 1.18879
208 1.18879
209 1.18865
210 1.18867
211 1.18993
212 1.19038
213 1.19038
214 1.19038
215 1.19131
216 1.19131
217 1.19106
218 1.19106
219 1.19142
220 1.19141
221 1.19141
222 1.19111
223 1.19111
224 1.19147
225 1.19203
