0 1
1 0.896319
2 0.891895
3 0.838765
4 0.667446
5 0.665624
6 0.647805
7 0.639759
8 0.637894
9 0.637189
10 0.619066
11 0.619898
12 0.620096
13 0.613598
14 0.61166
15 0.60994
16 0.608515
17 0.609141
18 0.601331
19 0.606439
20 0.605918
21 0.603088
22 0.603148
23 0.602522
24 0.601876
25 0.601546
26 0.518497
27 0.517595
28 0.517454
29 0.516642
30 0.507109
31 0.506911
32 0.506918
33 0.507188
34 0.50578
35 0.507253
36 0.507254
37 0.493462
38 0.492337
39 0.493382
40 0.49433
41 0.49431
42 0.494564
43 0.494806
44 0.497001
45 0.497041
46 0.496774
47 0.497985
48 0.497699
49 0.500006
50 0.499874
51 0.503571
52 0.503288
53 0.50284
54 0.502823
55 0.502182
56 0.502167
57 0.502563
58 0.502278
59 0.502447
60 0.502169
61 0.501816
62 0.502114
63 0.502167
64 0.500845
65 0.500999
66 0.504195
67 0.504317
68 0.502466
69 0.499607
70 0.499607
71 0.500353
72 0.500353
73 0.500064
74 0.499892
75 0.499554
76 0.49969
77 0.501733
78 0.500986
79 0.503115
80 0.504709
81 0.504644
82 0.507726
83 0.508334
84 0.5081
85 0.5081
86 0.509194
87 0.508857
88 0.504267
89 0.504765
90 0.504709
91 0.505079
92 0.505079
93 0.505082
94 0.505403
95 0.505011
96 0.505011
97 0.505011
98 0.505011
99 0.504078
100 0.504578
101 0.505299
102 0.505273
103 0.503542
104 0.507877
105 0.508644
106 0.508781
107 0.508375
108 0.508518
109 0.507763
110 0.508313
111 0.509749
112 0.509741
113 0.509372
114 0.509086
115 0.509086
116 0.509426
117 0.509771
118 0.508806
119 0.508997
120 0.510184
121 0.522193
122 0.522717
123 0.519478
124 0.519714
125 0.519211
126 0.51927
127 0.519423
128 0.51962
129 0.511
130 0.509818
131 0.509841
132 0.509841
133 0.509839
134 0.510747
135 0.510372
136 0.51047
137 0.510532
138 0.510636
139 0.510438
140 0.510328
141 0.510328
142 0.508818
143 0.50802
144 0.505856
145 0.505856
146 0.505856
147 0.505008
148 0.502929
149 0.503098
150 0.50496
151 0.493795
152 0.493795
153 0.494965
154 0.494451
155 0.494255
156 0.494255
157 0.49347
158 0.496622
159 0.496622
160 0.496823
161 0.497644
162 0.497644
163 0.500609
164 0.500376
165 0.500376
166 0.500702
167 0.495844
168 0.495884
169 0.495843
170 0.495843
171 0.49651
172 0.49651
173 0.493873
174 0.493515
175 0.493464
176 0.484508
177 0.484928
178 0.470532
179 0.470532
180 0.473334
181 0.459809
182 0.459715
183 0.458801
184 0.458801
185 0.459398
186 0.458909
187 0.459834
188 0.459834
189 0.460226
190 0.457733
191 0.457733
192 0.457261
193 0.457261
194 0.457113
195 0.457113
196 0.457113
197 0.457113
198 0.457066
199 0.456945
200 0.457436
201 0.457508
202 0.457506
203 0.457572
204 0.457572
205 0.458663
206 0.458694
207 0.458408
208 0.458408
209 0.45856
210 0.46018
211 0.46135
212 0.461216
213 0.461216
214 0.461212
215 0.462902
216 0.462902
217 0.462862
218 0.462862
219 0.464648
220 0.464648
221 0.464648
222 0.464633
223 0.464633
224 0.464659
225 0.464753
