0 0.0409378
1 0.0402424
2 0.0400628
3 0.036226
4 0.0348871
5 0.0346391
6 0.0349232
7 0.0342741
8 0.033734
9 0.0338226
10 0.0336395
11 0.033565
12 0.0336039
13 0.0330759
14 0.032985
15 0.0329121
16 0.0332525
17 0.0331888
18 0.0322321
19 0.0317358
20 0.0316998
21 0.0317188
22 0.0316425
23 0.0316467
24 0.0316442
25 0.031646
26 0.0301542
27 0.0302601
28 0.0302773
29 0.030237
30 0.030062
31 0.0299636
32 0.0299672
33 0.0299307
34 0.0298878
35 0.0298042
36 0.0297481
37 0.0292539
38 0.029139
39 0.0285832
40 0.0284891
41 0.0284944
42 0.02837
43 0.0283621
44 0.0283268
45 0.0283063
46 0.0283125
47 0.0278677
48 0.0278731
49 0.0278949
50 0.0278846
51 0.0276982
52 0.0277201
53 0.0277397
54 0.0277397
55 0.0277644
56 0.0277644
57 0.0277582
58 0.027736
59 0.027736
60 0.0277145
61 0.0277037
62 0.0277474
63 0.0277626
64 0.0277626
65 0.0277626
66 0.0277259
67 0.0277259
68 0.0276514
69 0.0276279
70 0.0276215
71 0.0275516
72 0.0275516
73 0.0275309
74 0.0275158
75 0.0275158
76 0.0273874
77 0.0272203
78 0.027276
79 0.0272351
80 0.0270683
81 0.0270716
82 0.0270208
83 0.0270253
84 0.0270253
85 0.0270253
86 0.0270373
87 0.0270191
88 0.0271436
89 0.0271556
90 0.0271556
91 0.0271612
92 0.0271612
93 0.0271648
94 0.0271618
95 0.0271466
96 0.0271466
97 0.0271466
98 0.0271466
99 0.0271384
100 0.0271592
101 0.0271842
102 0.0271907
103 0.027066
104 0.0269513
105 0.0269674
106 0.0269674
107 0.0269715
108 0.0269502
109 0.0269466
110 0.0269563
111 0.026945
112 0.0269482
113 0.0269449
114 0.0269608
115 0.0269608
116 0.0269569
117 0.0269522
118 0.0269914
119 0.0270007
120 0.0269953
121 0.0269002
122 0.0268607
123 0.0268485
124 0.0268478
125 0.0268605
126 0.0268724
127 0.0268395
128 0.0268386
129 0.0267473
130 0.0267558
131 0.026742
132 0.0267549
133 0.0267215
134 0.0268145
135 0.0268341
136 0.0268454
137 0.0268186
138 0.0267599
139 0.0267352
140 0.0267702
141 0.0267042
142 0.0267042
143 0.0266727
144 0.0266575
145 0.0266575
146 0.0266575
147 0.0266575
148 0.0266817
149 0.0266817
150 0.0266003
151 0.0264087
152 0.0264087
153 0.0263672
154 0.0264415
155 0.0264285
156 0.0264376
157 0.0264354
158 0.0263558
159 0.0263503
160 0.0263213
161 0.0263415
162 0.0263415
163 0.0263891
164 0.0263998
165 0.0263998
166 0.0263804
167 0.0263065
168 0.0263015
169 0.0262864
170 0.0262868
171 0.0262868
172 0.0262866
173 0.0261588
174 0.0261565
175 0.0261372
176 0.0261214
177 0.0261233
178 0.0262415
179 0.0262536
180 0.0261742
181 0.0261418
182 0.0261418
183 0.0261524
184 0.0261524
185 0.0261536
186 0.0261582
187 0.0261567
188 0.0261567
189 0.0261567
190 0.0264228
191 0.0264228
192 0.0264603
193 0.0264457
194 0.0264383
195 0.0264383
196 0.0264411
197 0.0264411
198 0.0264455
199 0.0264426
200 0.0264576
201 0.0264576
202 0.0264573
203 0.0264634
204 0.0264617
205 0.026565
206 0.0265846
207 0.0265861
208 0.026584
209 0.0265667
210 0.0265677
211 0.0265777
212 0.0266444
213 0.0266444
214 0.0266246
215 0.0266544
216 0.0266544
217 0.0266495
218 0.0266495
219 0.0266699
220 0.0266782
221 0.0266782
222 0.0266782
223 0.0266782
224 0.0266407
225 0.0266387
