0 0.081126
1 0.0638572
2 0.0634603
3 0.0582433
4 0.0383186
5 0.0379979
6 0.0365975
7 0.036256
8 0.0360763
9 0.0361621
10 0.0345572
11 0.0346043
12 0.0346222
13 0.0341696
14 0.0340922
15 0.0340652
16 0.0339821
17 0.0339038
18 0.0337118
19 0.0335711
20 0.0335757
21 0.0335224
22 0.0335261
23 0.0334113
24 0.033352
25 0.0332568
26 0.0284475
27 0.0283812
28 0.0283752
29 0.0282476
30 0.0275246
31 0.0275314
32 0.0275284
33 0.0275349
34 0.027538
35 0.0275734
36 0.027576
37 0.0268143
38 0.0267288
39 0.0268467
40 0.0269021
41 0.0269
42 0.0268806
43 0.0268926
44 0.0270069
45 0.0270117
46 0.027
47 0.0270658
48 0.0270517
49 0.0270948
50 0.0270794
51 0.027156
52 0.0271291
53 0.0271765
54 0.0271743
55 0.0271704
56 0.0271698
57 0.0271943
58 0.0271856
59 0.0271864
60 0.0271671
61 0.0272073
62 0.0272422
63 0.0272534
64 0.0271548
65 0.0271782
66 0.0274314
67 0.0274357
68 0.0272601
69 0.027021
70 0.027021
71 0.0270381
72 0.0270381
73 0.0270251
74 0.0269904
75 0.0269813
76 0.0269999
77 0.0270704
78 0.027015
79 0.0270726
80 0.0271415
81 0.027137
82 0.0272497
83 0.02728
84 0.0272493
85 0.0272493
86 0.0273077
87 0.0272965
88 0.027028
89 0.0270246
90 0.0270184
91 0.0270558
92 0.0270558
93 0.0270562
94 0.0271605
95 0.0271442
96 0.0271442
97 0.0271442
98 0.0271442
99 0.027158
100 0.0271853
101 0.0272185
102 0.0272181
103 0.0271139
104 0.0272144
105 0.0272444
106 0.0272666
107 0.0272225
108 0.0272393
109 0.0272295
110 0.0272074
111 0.0272549
112 0.0272544
113 0.0272534
114 0.0272369
115 0.0272369
116 0.027259
117 0.0272712
118 0.0272537
119 0.0272702
120 0.0272964
121 0.0275302
122 0.0275735
123 0.0274985
124 0.0275017
125 0.0274727
126 0.0274802
127 0.0274778
128 0.0274919
129 0.0270455
130 0.026929
131 0.0269317
132 0.0269317
133 0.0269316
134 0.0270091
135 0.0269943
136 0.0270036
137 0.0270119
138 0.0270228
139 0.0270071
140 0.027005
141 0.027005
142 0.0269843
143 0.0269199
144 0.0268978
145 0.0268978
146 0.0268986
147 0.0268954
148 0.0268905
149 0.0269114
150 0.0269807
151 0.0262032
152 0.0262032
153 0.0261764
154 0.0261694
155 0.0261898
156 0.0261898
157 0.0261628
158 0.0262495
159 0.0262495
160 0.0262561
161 0.0263118
162 0.0263118
163 0.0264251
164 0.02641
165 0.02641
166 0.0264151
167 0.0261706
168 0.0261755
169 0.0261741
170 0.0261741
171 0.0261622
172 0.0261622
173 0.0260354
174 0.026021
175 0.0260189
176 0.025531
177 0.0255712
178 0.024775
179 0.024775
180 0.0248955
181 0.0240824
182 0.0240704
183 0.0240459
184 0.0240459
185 0.0240941
186 0.024073
187 0.0241059
188 0.0241059
189 0.0241317
190 0.0239555
191 0.0239555
192 0.0239326
193 0.0239326
194 0.0239221
195 0.0239221
196 0.0239221
197 0.0239221
198 0.0239097
199 0.0239004
200 0.0239216
201 0.0239313
202 0.0239309
203 0.0239478
204 0.0239478
205 0.0239331
206 0.0239386
207 0.0239268
208 0.0239268
209 0.0239298
210 0.0239741
211 0.0240038
212 0.0240007
213 0.0240007
214 0.0240005
215 0.0240206
216 0.0240206
217 0.0240181
218 0.0240181
219 0.0240543
220 0.0240543
221 0.0240543
222 0.0240537
223 0.0240537
224 0.0240584
225 0.0240704
