0 15.107
1 14.181
2 13.799
3 13.121
4 13.038
5 12.913
6 12.775
7 12.677
8 12.261
9 12.305
10 12.18
11 12.459
12 12.42
13 12.397
14 12.423
15 12.417
16 12.638
17 12.552
18 12.536
19 12.682
20 12.619
21 12.489
22 12.509
23 12.588
24 12.472
25 12.373
26 12.409
27 12.373
28 12.279
29 12.35
30 12.247
31 12.234
32 12.275
33 12.175
34 12.377
35 12.241
36 12.359
37 12.337
38 12.222
39 12.195
40 12.231
41 12.206
42 12.189
43 11.996
44 11.994
45 11.985
46 12.022
47 12.054
48 11.784
49 11.815
50 11.751
51 11.824
52 11.83
53 11.728
54 11.677
55 11.674
56 11.703
57 11.633
58 11.722
59 11.691
60 11.582
61 11.638
62 11.516
63 11.459
64 11.509
65 11.453
66 11.44
67 11.338
68 11.413
69 11.441
70 11.413
71 11.349
72 11.453
73 11.395
74 11.335
75 11.387
76 11.43
77 11.361
78 11.349
79 11.353
80 11.29
81 11.27
82 11.33
83 11.248
84 11.198
85 11.349
86 11.361
87 11.273
88 11.282
89 11.431
90 11.416
91 11.338
92 11.244
93 11.297
94 11.28
95 11.544
96 11.506
97 11.432
98 11.505
99 11.359
100 11.356
101 11.349
102 11.471
103 11.416
104 11.36
105 11.494
106 11.437
107 11.355
108 11.456
109 11.479
110 11.434
111 11.414
112 11.422
113 11.441
114 11.321
115 11.303
116 11.393
117 11.366
118 11.385
119 11.292
120 11.333
121 11.272
122 11.369
123 11.298
124 11.31
125 11.308
126 11.345
127 11.227
128 11.354
129 11.233
130 11.273
131 11.214
132 11.281
133 11.141
134 11.229
135 11.249
136 11.14
137 11.171
138 11.199
139 11.245
140 11.231
141 11.213
142 11.315
143 11.317
144 11.317
145 11.193
146 11.278
147 11.224
148 11.187
149 11.107
150 11.195
151 11.063
152 11.198
153 11.082
154 11.137
155 11.099
156 11.152
157 11.129
158 11.195
159 11.21
160 11.171
161 11.024
162 10.959
163 11.049
164 11.083
165 11.1
166 11.065
167 11.06
168 11.055
169 11.113
170 10.998
171 10.958
172 10.991
173 11.082
174 11.046
175 10.973
176 11.036
177 11.012
178 11.037
179 11.012
180 11.065
181 10.982
182 10.926
183 10.982
184 10.943
185 11.081
186 11.011
187 11.033
188 10.944
189 11.047
190 11.014
191 10.996
192 10.947
193 10.947
194 10.995
195 10.96
196 10.928
197 10.891
198 10.929
199 10.967
200 10.93
201 10.961
202 10.889
203 10.842
204 10.855
205 10.919
206 10.901
207 10.8
208 10.934
209 10.914
210 11.033
211 10.861
212 10.937
213 10.909
214 10.773
215 10.929
216 10.947
217 10.881
218 10.84
219 10.896
220 10.84
221 10.918
222 10.854
223 10.778
224 10.82
225 10.809
