0 1
1 0.99268
2 0.984794
3 0.939127
4 0.920625
5 0.90564
6 0.894107
7 0.884406
8 0.823579
9 0.819351
10 0.814528
11 0.757158
12 0.755677
13 0.748653
14 0.747341
15 0.744881
16 0.681751
17 0.681626
18 0.680341
19 0.674411
20 0.659373
21 0.656421
22 0.651344
23 0.64798
24 0.64682
25 0.645157
26 0.644253
27 0.642481
28 0.642194
29 0.641707
30 0.641707
31 0.641217
32 0.638898
33 0.636703
34 0.636891
35 0.636891
36 0.636891
37 0.615004
38 0.614879
39 0.613737
40 0.609895
41 0.606954
42 0.607263
43 0.606264
44 0.605499
45 0.605173
46 0.604871
47 0.604798
48 0.604325
49 0.604437
50 0.604758
51 0.602746
52 0.581996
53 0.581237
54 0.581419
55 0.581343
56 0.572819
57 0.572688
58 0.571728
59 0.569021
60 0.568316
61 0.568785
62 0.567518
63 0.563165
64 0.563577
65 0.563006
66 0.562801
67 0.562863
68 0.562863
69 0.561982
70 0.562101
71 0.562101
72 0.562129
73 0.560457
74 0.560432
75 0.560239
76 0.560141
77 0.560056
78 0.560128
79 0.560072
80 0.56034
81 0.56034
82 0.559868
83 0.556356
84 0.551681
85 0.551627
86 0.548672
87 0.548088
88 0.546898
89 0.546556
90 0.545783
91 0.545639
92 0.545532
93 0.545532
94 0.545675
95 0.522399
96 0.522327
97 0.521269
98 0.521269
99 0.52066
100 0.520795
101 0.517379
102 0.503134
103 0.502651
104 0.503161
105 0.503161
106 0.503161
107 0.503261
108 0.503103
109 0.503116
110 0.5012
111 0.500974
112 0.500765
113 0.49902
114 0.49902
115 0.492841
116 0.492984
117 0.493048
118 0.493195
119 0.493258
120 0.492788
121 0.492892
122 0.492892
123 0.48984
124 0.489892
125 0.489491
126 0.489414
127 0.489414
128 0.48853
129 0.48828
130 0.488227
131 0.487931
132 0.48776
133 0.486698
134 0.486427
135 0.486182
136 0.484757
137 0.480786
138 0.48074
139 0.480634
140 0.479233
141 0.479233
142 0.477525
143 0.477843
144 0.478245
145 0.476511
146 0.476617
147 0.476751
148 0.476392
149 0.476584
150 0.475408
151 0.475724
152 0.475948
153 0.475948
154 0.47602
155 0.475724
156 0.475548
157 0.475236
158 0.475236
159 0.475236
160 0.472835
161 0.472438
162 0.471484
163 0.47154
164 0.471732
165 0.470399
166 0.470399
167 0.470139
168 0.470974
169 0.470464
170 0.470446
171 0.470568
172 0.470098
173 0.470278
174 0.470278
175 0.470205
176 0.470353
177 0.470353
178 0.469771
179 0.469771
180 0.469749
181 0.467789
182 0.467644
183 0.467143
184 0.467453
185 0.467462
186 0.467094
187 0.467054
188 0.466982
189 0.467035
190 0.466973
191 0.466973
192 0.464539
193 0.464395
194 0.464032
195 0.463989
196 0.463747
197 0.462761
198 0.462949
199 0.462949
200 0.462749
201 0.462749
202 0.462757
203 0.462791
204 0.462063
205 0.462182
206 0.461019
207 0.461019
208 0.461203
209 0.460304
210 0.459654
211 0.459588
212 0.459641
213 0.459313
214 0.459497
215 0.45952
216 0.459213
217 0.459154
218 0.459157
219 0.459323
220 0.459413
221 0.459413
222 0.459681
223 0.459596
224 0.45954
225 0.459486
