0 22.205
1 22.213
2 22.207
3 22.372
4 22.399
5 22.406
6 22.474
7 22.505
8 22.556
9 22.551
10 22.551
11 23.106
12 23.105
13 23.114
14 23.117
15 23.12
16 23.783
17 23.783
18 23.79
19 23.864
20 23.949
21 24.056
22 24.053
23 24.082
24 24.092
25 24.11
26 24.112
27 24.116
28 24.131
29 24.146
30 24.143
31 24.152
32 24.165
33 24.162
34 24.166
35 24.166
36 24.165
37 24.175
38 24.174
39 24.189
40 24.223
41 24.26
42 24.263
43 24.272
44 24.275
45 24.282
46 24.288
47 24.302
48 24.261
49 24.265
50 24.264
51 24.297
52 24.337
53 24.344
54 24.345
55 24.349
56 24.378
57 24.413
58 24.392
59 24.402
60 24.411
61 24.432
62 24.451
63 24.494
64 24.491
65 24.54
66 24.574
67 24.591
68 24.588
69 24.592
70 24.593
71 24.595
72 24.595
73 24.621
74 24.627
75 24.625
76 24.625
77 24.624
78 24.625
79 24.626
80 24.626
81 24.629
82 24.633
83 24.652
84 24.647
85 24.649
86 24.676
87 24.674
88 24.686
89 24.691
90 24.716
91 24.715
92 24.709
93 24.712
94 24.711
95 24.952
96 24.953
97 24.964
98 24.971
99 24.974
100 24.976
101 25.026
102 25.106
103 25.11
104 25.11
105 25.111
106 25.11
107 25.115
108 25.112
109 25.112
110 25.122
111 25.12
112 25.122
113 25.135
114 25.137
115 25.145
116 25.15
117 25.145
118 25.156
119 25.168
120 25.171
121 25.189
122 25.189
123 25.253
124 25.254
125 25.254
126 25.254
127 25.248
128 25.251
129 25.248
130 25.248
131 25.249
132 25.249
133 25.251
134 25.254
135 25.257
136 25.261
137 25.299
138 25.299
139 25.298
140 25.303
141 25.303
142 25.301
143 25.3
144 25.3
145 25.33
146 25.343
147 25.339
148 25.316
149 25.31
150 25.337
151 25.308
152 25.313
153 25.312
154 25.313
155 25.31
156 25.311
157 25.318
158 25.313
159 25.313
160 25.327
161 25.35
162 25.356
163 25.356
164 25.363
165 25.41
166 25.41
167 25.429
168 25.426
169 25.423
170 25.42
171 25.419
172 25.427
173 25.427
174 25.428
175 25.428
176 25.434
177 25.438
178 25.438
179 25.438
180 25.443
181 25.494
182 25.487
183 25.485
184 25.483
185 25.478
186 25.489
187 25.491
188 25.492
189 25.499
190 25.505
191 25.504
192 25.498
193 25.498
194 25.536
195 25.54
196 25.529
197 25.55
198 25.55
199 25.55
200 25.548
201 25.549
202 25.553
203 25.56
204 25.563
205 25.562
206 25.56
207 25.56
208 25.547
209 25.557
210 25.557
211 25.563
212 25.559
213 25.573
214 25.569
215 25.575
216 25.577
217 25.581
218 25.578
219 25.586
220 25.576
221 25.575
222 25.581
223 25.549
224 25.548
225 25.557
