0 1
1 1.00037
2 1.00016
3 1.00859
4 1.0101
5 1.01041
6 1.01393
7 1.01534
8 1.01789
9 1.01767
10 1.01766
11 1.04484
12 1.04478
13 1.04517
14 1.04534
15 1.04549
16 1.07729
17 1.07729
18 1.07763
19 1.08127
20 1.08535
21 1.09054
22 1.09032
23 1.09168
24 1.09213
25 1.09291
26 1.09301
27 1.09314
28 1.09401
29 1.09475
30 1.09457
31 1.09502
32 1.0957
33 1.09554
34 1.09573
35 1.09573
36 1.09571
37 1.0963
38 1.09623
39 1.09706
40 1.09873
41 1.10057
42 1.1007
43 1.10118
44 1.10127
45 1.10165
46 1.10192
47 1.10249
48 1.10047
49 1.10066
50 1.10066
51 1.10201
52 1.10399
53 1.10435
54 1.1044
55 1.10459
56 1.1058
57 1.10746
58 1.10639
59 1.10708
60 1.10751
61 1.1086
62 1.10956
63 1.11143
64 1.11127
65 1.11361
66 1.11521
67 1.11605
68 1.11588
69 1.11595
70 1.11603
71 1.11614
72 1.11613
73 1.11733
74 1.11755
75 1.11745
76 1.11745
77 1.11737
78 1.11742
79 1.11747
80 1.11747
81 1.11762
82 1.11785
83 1.11879
84 1.11842
85 1.11853
86 1.11981
87 1.11972
88 1.12025
89 1.12045
90 1.12172
91 1.12167
92 1.1214
93 1.12154
94 1.12151
95 1.13303
96 1.13307
97 1.1336
98 1.13394
99 1.13406
100 1.13417
101 1.13644
102 1.14025
103 1.14042
104 1.14042
105 1.14046
106 1.14042
107 1.1406
108 1.14043
109 1.14043
110 1.14096
111 1.14087
112 1.14096
113 1.14166
114 1.14175
115 1.14212
116 1.14233
117 1.14208
118 1.14261
119 1.14319
120 1.14332
121 1.1443
122 1.1443
123 1.1475
124 1.14754
125 1.14755
126 1.14755
127 1.14732
128 1.14738
129 1.14718
130 1.14718
131 1.14722
132 1.14722
133 1.1473
134 1.14741
135 1.14755
136 1.14776
137 1.14966
138 1.14967
139 1.14962
140 1.14995
141 1.14995
142 1.14944
143 1.14936
144 1.14935
145 1.15053
146 1.15114
147 1.15091
148 1.15016
149 1.14983
150 1.15106
151 1.14965
152 1.1499
153 1.14985
154 1.1499
155 1.14969
156 1.14973
157 1.15001
158 1.14983
159 1.14983
160 1.1505
161 1.15154
162 1.15178
163 1.15179
164 1.15215
165 1.15433
166 1.15433
167 1.15502
168 1.15489
169 1.15472
170 1.15464
171 1.15456
172 1.15501
173 1.15501
174 1.15505
175 1.15507
176 1.15534
177 1.15549
178 1.15549
179 1.15552
180 1.15576
181 1.15805
182 1.15765
183 1.15757
184 1.15748
185 1.15728
186 1.1578
187 1.15789
188 1.15787
189 1.15821
190 1.15847
191 1.15842
192 1.15827
193 1.15827
194 1.15987
195 1.16006
196 1.15963
197 1.16071
198 1.16071
199 1.16071
200 1.16063
201 1.1607
202 1.16088
203 1.16122
204 1.16134
205 1.16129
206 1.16111
207 1.16111
208 1.16055
209 1.16105
210 1.16114
211 1.1614
212 1.16118
213 1.16182
214 1.16165
215 1.16192
216 1.16198
217 1.16219
218 1.16208
219 1.16244
220 1.16193
221 1.16189
222 1.1622
223 1.16109
224 1.16106
225 1.16146
