0 0.0847468
1 0.0842897
2 0.0832354
3 0.0782852
4 0.0771724
5 0.0764571
6 0.0751012
7 0.0743895
8 0.0720719
9 0.0718808
10 0.0715156
11 0.0689455
12 0.0688695
13 0.0683029
14 0.0681558
15 0.0680222
16 0.0665025
17 0.0665085
18 0.066448
19 0.0657405
20 0.0644955
21 0.0631231
22 0.0628169
23 0.0625522
24 0.0625118
25 0.0622126
26 0.0621701
27 0.0619185
28 0.0618518
29 0.0617245
30 0.0616657
31 0.0616238
32 0.0614412
33 0.061287
34 0.0612234
35 0.0612122
36 0.0611881
37 0.0611536
38 0.0611616
39 0.0608291
40 0.0607193
41 0.0600216
42 0.060006
43 0.0589255
44 0.058927
45 0.0589079
46 0.058812
47 0.0587023
48 0.058531
49 0.0584946
50 0.0584773
51 0.0582451
52 0.0574737
53 0.0574608
54 0.0574149
55 0.0574062
56 0.0569117
57 0.0567547
58 0.0563445
59 0.0560976
60 0.0560481
61 0.0558156
62 0.0557087
63 0.0553669
64 0.0553199
65 0.0548234
66 0.0546221
67 0.0545166
68 0.0544736
69 0.0543224
70 0.054299
71 0.0543048
72 0.0541993
73 0.0541381
74 0.0541061
75 0.0540478
76 0.053976
77 0.0539706
78 0.0539886
79 0.0539812
80 0.0539936
81 0.0540093
82 0.0538005
83 0.0535776
84 0.0532937
85 0.0532801
86 0.0531076
87 0.0530995
88 0.0530973
89 0.0530312
90 0.0530344
91 0.0530268
92 0.0529732
93 0.0530008
94 0.0530036
95 0.0527797
96 0.0527515
97 0.0526825
98 0.0527007
99 0.0525259
100 0.0525131
101 0.0524068
102 0.0519846
103 0.0519929
104 0.0519929
105 0.0519955
106 0.0519819
107 0.0520037
108 0.0519739
109 0.0519774
110 0.0519042
111 0.0519027
112 0.0518965
113 0.0518493
114 0.0518394
115 0.051778
116 0.0518016
117 0.0517892
118 0.0518082
119 0.0517565
120 0.051742
121 0.05157
122 0.051574
123 0.0509461
124 0.0509245
125 0.0508847
126 0.0508768
127 0.0508058
128 0.0507133
129 0.0506732
130 0.0506732
131 0.0506727
132 0.050661
133 0.0506546
134 0.0506576
135 0.0506416
136 0.0506512
137 0.0505759
138 0.0505519
139 0.0505475
140 0.0505387
141 0.0505263
142 0.0506748
143 0.0506419
144 0.0506297
145 0.0506665
146 0.0506745
147 0.0506312
148 0.0500654
149 0.0499856
150 0.0499601
151 0.0499064
152 0.0499239
153 0.0499127
154 0.0499105
155 0.0496738
156 0.0496761
157 0.0496326
158 0.0496015
159 0.0495959
160 0.0494316
161 0.0494078
162 0.0493304
163 0.0493074
164 0.0493074
165 0.049258
166 0.049258
167 0.0491426
168 0.0491163
169 0.0490369
170 0.0490147
171 0.0490275
172 0.0490275
173 0.0490271
174 0.0490086
175 0.0489886
176 0.0490008
177 0.0490016
178 0.0489767
179 0.0489672
180 0.0489263
181 0.0487469
182 0.0487251
183 0.0486674
184 0.0486241
185 0.0486189
186 0.0485567
187 0.0485607
188 0.0485299
189 0.0485099
190 0.0484919
191 0.0484886
192 0.048302
193 0.0482913
194 0.0482916
195 0.0482841
196 0.0482635
197 0.0482201
198 0.0482184
199 0.0482197
200 0.0482048
201 0.0481991
202 0.0482084
203 0.0482305
204 0.0481412
205 0.0481376
206 0.0480293
207 0.0480348
208 0.0479868
209 0.0479259
210 0.0478832
211 0.0478738
212 0.0478086
213 0.0478011
214 0.0477787
215 0.0477787
216 0.0477575
217 0.0477574
218 0.0477298
219 0.0477391
220 0.0476994
221 0.0476917
222 0.0477016
223 0.0473147
224 0.0472993
225 0.0473112
