0 1
1 0.994858
2 0.989088
3 0.94549
4 0.931412
5 0.919094
6 0.908356
7 0.902789
8 0.877069
9 0.8783
10 0.873922
11 0.852772
12 0.851317
13 0.841798
14 0.84038
15 0.837911
16 0.823804
17 0.823004
18 0.819196
19 0.810132
20 0.794313
21 0.787085
22 0.781303
23 0.7762
24 0.773003
25 0.768241
26 0.768433
27 0.765881
28 0.764633
29 0.763629
30 0.763251
31 0.762914
32 0.760944
33 0.76008
34 0.759316
35 0.758986
36 0.758929
37 0.754242
38 0.754239
39 0.749902
40 0.746805
41 0.740522
42 0.739586
43 0.736664
44 0.735508
45 0.735249
46 0.734964
47 0.733698
48 0.732884
49 0.732501
50 0.73216
51 0.726787
52 0.715589
53 0.714235
54 0.714143
55 0.714292
56 0.705673
57 0.704281
58 0.700086
59 0.697319
60 0.696424
61 0.693668
62 0.693409
63 0.690958
64 0.690688
65 0.68735
66 0.683519
67 0.683385
68 0.683423
69 0.682365
70 0.682143
71 0.682143
72 0.681878
73 0.680901
74 0.680991
75 0.680713
76 0.68066
77 0.679329
78 0.67937
79 0.678525
80 0.678706
81 0.678664
82 0.677038
83 0.673794
84 0.667027
85 0.666726
86 0.663963
87 0.662563
88 0.661494
89 0.660989
90 0.660588
91 0.660523
92 0.659823
93 0.66007
94 0.659808
95 0.661269
96 0.661388
97 0.659109
98 0.659109
99 0.658883
100 0.658901
101 0.656449
102 0.646992
103 0.646568
104 0.64692
105 0.64692
106 0.64692
107 0.646652
108 0.646423
109 0.646297
110 0.644707
111 0.644773
112 0.644744
113 0.64447
114 0.64447
115 0.642089
116 0.642166
117 0.642339
118 0.64206
119 0.641862
120 0.641748
121 0.640786
122 0.640731
123 0.633173
124 0.63325
125 0.632699
126 0.632689
127 0.632244
128 0.631031
129 0.630558
130 0.630523
131 0.630321
132 0.629885
133 0.628965
134 0.628794
135 0.628554
136 0.628934
137 0.625267
138 0.625635
139 0.625394
140 0.62521
141 0.625137
142 0.623431
143 0.623448
144 0.622186
145 0.621612
146 0.62057
147 0.620357
148 0.619443
149 0.618889
150 0.618197
151 0.617796
152 0.61718
153 0.617175
154 0.617164
155 0.616742
156 0.616735
157 0.616825
158 0.61667
159 0.616735
160 0.614568
161 0.613871
162 0.613427
163 0.613286
164 0.613381
165 0.612758
166 0.612758
167 0.612695
168 0.6122
169 0.611712
170 0.60995
171 0.610185
172 0.610019
173 0.609961
174 0.609961
175 0.609818
176 0.609916
177 0.609883
178 0.609515
179 0.609717
180 0.60965
181 0.609003
182 0.609099
183 0.608916
184 0.608857
185 0.608617
186 0.608597
187 0.608619
188 0.608386
189 0.608551
190 0.608429
191 0.608358
192 0.608351
193 0.608296
194 0.607751
195 0.607525
196 0.606894
197 0.605502
198 0.605321
199 0.605297
200 0.605314
201 0.605449
202 0.605327
203 0.605213
204 0.604087
205 0.604172
206 0.601582
207 0.601543
208 0.601353
209 0.60101
210 0.600223
211 0.600033
212 0.599179
213 0.598456
214 0.598476
215 0.59836
216 0.59824
217 0.598086
218 0.598138
219 0.597882
220 0.59813
221 0.598116
222 0.597874
223 0.598213
224 0.598323
225 0.598642
