0 0.1525
1 0.1528
2 0.151625
3 0.147672
4 0.145862
5 0.145852
6 0.147092
7 0.147096
8 0.144691
9 0.144546
10 0.144008
11 0.0980457
12 0.0980094
13 0.0976494
14 0.0979786
15 0.0979471
16 0.0585387
17 0.0585232
18 0.0585069
19 0.0572198
20 0.0551309
21 0.0532542
22 0.0533227
23 0.0525979
24 0.052652
25 0.0526586
26 0.0526509
27 0.0527925
28 0.0527456
29 0.0527519
30 0.0527523
31 0.0528188
32 0.0527113
33 0.0526445
34 0.0526399
35 0.0526495
36 0.0526438
37 0.0526629
38 0.0526831
39 0.0525964
40 0.0526281
41 0.052655
42 0.0526717
43 0.0526167
44 0.0526156
45 0.0525413
46 0.0526204
47 0.0526995
48 0.0532151
49 0.0532885
50 0.0532784
51 0.0531241
52 0.0511309
53 0.0511262
54 0.0511319
55 0.0511396
56 0.0506945
57 0.0504533
58 0.0502882
59 0.0508204
60 0.0507868
61 0.0508222
62 0.0508524
63 0.0508429
64 0.0507981
65 0.0510176
66 0.0506754
67 0.0502195
68 0.0502305
69 0.0501755
70 0.0501882
71 0.0501812
72 0.0501674
73 0.0502021
74 0.0502157
75 0.0502125
76 0.0502892
77 0.0502873
78 0.0503216
79 0.0503053
80 0.0503286
81 0.0503358
82 0.0503987
83 0.0501811
84 0.0499492
85 0.0499478
86 0.049622
87 0.0496188
88 0.049701
89 0.0495844
90 0.0497099
91 0.0497099
92 0.0497285
93 0.049722
94 0.0497136
95 0.0451687
96 0.045191
97 0.0452307
98 0.0452613
99 0.0453263
100 0.0453192
101 0.0452507
102 0.0441246
103 0.0441453
104 0.0441453
105 0.0441586
106 0.0441483
107 0.0441619
108 0.0441431
109 0.0441267
110 0.0439263
111 0.0439216
112 0.0439181
113 0.0438234
114 0.0438296
115 0.0438122
116 0.0438238
117 0.043816
118 0.0438309
119 0.0438362
120 0.0438426
121 0.0438681
122 0.0438681
123 0.0438765
124 0.0438592
125 0.0438455
126 0.0438453
127 0.0438467
128 0.0437199
129 0.043709
130 0.043709
131 0.0437133
132 0.0437015
133 0.0437124
134 0.0437289
135 0.0437021
136 0.0436887
137 0.0433677
138 0.0433646
139 0.0433694
140 0.0433585
141 0.0433607
142 0.0429892
143 0.0429779
144 0.0429879
145 0.0429062
146 0.0429007
147 0.0428664
148 0.0422763
149 0.0422409
150 0.0420868
151 0.0421166
152 0.0421335
153 0.0421331
154 0.04213
155 0.0420084
156 0.0420481
157 0.0420399
158 0.0420033
159 0.0420031
160 0.0421675
161 0.0421353
162 0.0419375
163 0.0419302
164 0.0419305
165 0.0419175
166 0.0419175
167 0.0419674
168 0.0420138
169 0.0420311
170 0.0420227
171 0.0420456
172 0.0420464
173 0.0420465
174 0.0420303
175 0.0420462
176 0.0420394
177 0.0420923
178 0.0420863
179 0.0420752
180 0.0421027
181 0.0415413
182 0.0415217
183 0.0415574
184 0.0416366
185 0.0416541
186 0.0416211
187 0.0416226
188 0.0416105
189 0.0415914
190 0.0415439
191 0.0415443
192 0.0410703
193 0.0410676
194 0.0412067
195 0.0412156
196 0.0412206
197 0.0410212
198 0.041021
199 0.0410279
200 0.0410319
201 0.0410378
202 0.04105
203 0.0410609
204 0.0411292
205 0.0411229
206 0.0410285
207 0.0410286
208 0.041022
209 0.0409792
210 0.0409423
211 0.0409742
212 0.0409923
213 0.0410133
214 0.0410064
215 0.041005
216 0.041028
217 0.0410605
218 0.0410733
219 0.0410618
220 0.0410548
221 0.0410721
222 0.0411139
223 0.0410356
224 0.0409912
225 0.0409995
