0 1
1 1.00069
2 0.996431
3 0.972772
4 0.957085
5 0.961057
6 0.964536
7 0.964067
8 0.954345
9 0.968073
10 0.965375
11 0.777316
12 0.77735
13 0.778968
14 0.781793
15 0.783397
16 0.54105
17 0.541132
18 0.540851
19 0.530384
20 0.518488
21 0.513662
22 0.512594
23 0.504343
24 0.50417
25 0.506056
26 0.506677
27 0.509286
28 0.509269
29 0.509579
30 0.50933
31 0.510847
32 0.51048
33 0.510637
34 0.51056
35 0.510511
36 0.510713
37 0.506433
38 0.506676
39 0.505602
40 0.506299
41 0.50463
42 0.505123
43 0.504634
44 0.504555
45 0.504603
46 0.505186
47 0.507069
48 0.507093
49 0.507561
50 0.507331
51 0.504971
52 0.478357
53 0.478223
54 0.478267
55 0.478277
56 0.47114
57 0.468597
58 0.467095
59 0.466901
60 0.467129
61 0.468117
62 0.469231
63 0.471477
64 0.471209
65 0.47173
66 0.468932
67 0.468712
68 0.468714
69 0.468306
70 0.468526
71 0.468526
72 0.468824
73 0.469236
74 0.468487
75 0.468879
76 0.470111
77 0.470834
78 0.470985
79 0.471604
80 0.471628
81 0.471642
82 0.473318
83 0.471083
84 0.467923
85 0.467798
86 0.465452
87 0.465456
88 0.465167
89 0.464371
90 0.465329
91 0.465362
92 0.465577
93 0.465624
94 0.46584
95 0.42559
96 0.426119
97 0.427057
98 0.427057
99 0.427759
100 0.427746
101 0.426593
102 0.417336
103 0.417831
104 0.417685
105 0.417685
106 0.417685
107 0.417402
108 0.417353
109 0.417471
110 0.414733
111 0.414728
112 0.414691
113 0.414221
114 0.414221
115 0.41142
116 0.411376
117 0.411436
118 0.411767
119 0.412711
120 0.412495
121 0.412416
122 0.412371
123 0.413666
124 0.41383
125 0.413797
126 0.413836
127 0.413481
128 0.412
129 0.410712
130 0.410712
131 0.410963
132 0.410777
133 0.411967
134 0.412092
135 0.412249
136 0.414201
137 0.406791
138 0.406654
139 0.406629
140 0.406321
141 0.406315
142 0.40565
143 0.405752
144 0.406813
145 0.403619
146 0.403327
147 0.40332
148 0.403149
149 0.402026
150 0.401598
151 0.401647
152 0.401685
153 0.401685
154 0.401758
155 0.401406
156 0.401603
157 0.40135
158 0.401303
159 0.401339
160 0.401973
161 0.401683
162 0.401134
163 0.401197
164 0.401172
165 0.401257
166 0.401257
167 0.401247
168 0.40099
169 0.401181
170 0.400485
171 0.401329
172 0.401546
173 0.402165
174 0.402165
175 0.401883
176 0.402162
177 0.402161
178 0.402199
179 0.402451
180 0.403133
181 0.400287
182 0.400439
183 0.400374
184 0.400557
185 0.400531
186 0.400391
187 0.400436
188 0.400408
189 0.400438
190 0.400265
191 0.400417
192 0.398954
193 0.399254
194 0.400029
195 0.399767
196 0.399603
197 0.398478
198 0.397215
199 0.397253
200 0.397374
201 0.397497
202 0.397704
203 0.397661
204 0.39658
205 0.396655
206 0.397281
207 0.397316
208 0.397355
209 0.397032
210 0.395884
211 0.395835
212 0.395656
213 0.395061
214 0.395489
215 0.395734
216 0.396189
217 0.396011
218 0.396896
219 0.396756
220 0.3971
221 0.397095
222 0.397644
223 0.398249
224 0.398273
225 0.398658
