0 1
1 1.00125
2 1.00016
3 1.0076
4 1.01177
5 1.01113
6 1.01536
7 1.01763
8 1.02623
9 1.02531
10 1.02457
11 1.04986
12 1.04969
13 1.0515
14 1.0527
15 1.05405
16 1.08715
17 1.08691
18 1.08744
19 1.09037
20 1.09524
21 1.09827
22 1.09782
23 1.10065
24 1.09833
25 1.09886
26 1.09936
27 1.10002
28 1.10039
29 1.10021
30 1.10014
31 1.10146
32 1.10162
33 1.10208
34 1.10188
35 1.10185
36 1.10189
37 1.09901
38 1.0989
39 1.09981
40 1.1002
41 1.09896
42 1.09909
43 1.09936
44 1.10003
45 1.1004
46 1.10057
47 1.10101
48 1.10151
49 1.10206
50 1.10196
51 1.10332
52 1.10659
53 1.10668
54 1.10703
55 1.10717
56 1.11088
57 1.11253
58 1.11186
59 1.11316
60 1.11331
61 1.11295
62 1.11381
63 1.11523
64 1.11551
65 1.11598
66 1.11845
67 1.11884
68 1.11891
69 1.11901
70 1.11916
71 1.11916
72 1.11941
73 1.1211
74 1.12082
75 1.12192
76 1.12197
77 1.12248
78 1.12263
79 1.1221
80 1.1222
81 1.12225
82 1.12371
83 1.12502
84 1.12424
85 1.12458
86 1.12697
87 1.12653
88 1.12629
89 1.12617
90 1.12712
91 1.12699
92 1.12664
93 1.12662
94 1.12646
95 1.1448
96 1.14456
97 1.14544
98 1.14544
99 1.14503
100 1.14537
101 1.14618
102 1.1522
103 1.1519
104 1.15259
105 1.15259
106 1.15259
107 1.15246
108 1.15256
109 1.15282
110 1.15367
111 1.15398
112 1.15382
113 1.15437
114 1.15437
115 1.15309
116 1.15309
117 1.15328
118 1.15395
119 1.15476
120 1.15492
121 1.1542
122 1.1542
123 1.15793
124 1.15806
125 1.15816
126 1.15834
127 1.15874
128 1.15814
129 1.15876
130 1.15876
131 1.15869
132 1.15845
133 1.15874
134 1.15875
135 1.15874
136 1.15873
137 1.16181
138 1.162
139 1.16173
140 1.1629
141 1.1629
142 1.16321
143 1.16302
144 1.16269
145 1.16476
146 1.16491
147 1.16477
148 1.16454
149 1.16436
150 1.16461
151 1.16489
152 1.1648
153 1.1648
154 1.16472
155 1.16503
156 1.16502
157 1.16596
158 1.16595
159 1.16601
160 1.16744
161 1.16728
162 1.16763
163 1.16761
164 1.16772
165 1.16877
166 1.16877
167 1.1691
168 1.16959
169 1.17001
170 1.16962
171 1.16991
172 1.17035
173 1.17038
174 1.17038
175 1.17043
176 1.1705
177 1.1705
178 1.17105
179 1.17106
180 1.17121
181 1.17363
182 1.17406
183 1.17389
184 1.1733
185 1.1731
186 1.17413
187 1.1741
188 1.17423
189 1.17435
190 1.17428
191 1.17458
192 1.1766
193 1.17635
194 1.17656
195 1.17611
196 1.17564
197 1.17509
198 1.17522
199 1.1754
200 1.17539
201 1.17547
202 1.17522
203 1.17552
204 1.17576
205 1.1758
206 1.1753
207 1.17523
208 1.17551
209 1.1749
210 1.17484
211 1.1747
212 1.17444
213 1.17566
214 1.17586
215 1.17581
216 1.17494
217 1.1749
218 1.17516
219 1.17508
220 1.1752
221 1.17514
222 1.17534
223 1.17556
224 1.17576
225 1.17604
