0 4.04351
1 4.04801
2 4.04338
3 4.06978
4 4.08503
5 4.08063
6 4.09565
7 4.10286
8 4.13154
9 4.12911
10 4.1269
11 4.21733
12 4.21653
13 4.22291
14 4.22676
15 4.23217
16 4.35139
17 4.35038
18 4.35198
19 4.36217
20 4.37999
21 4.39175
22 4.3904
23 4.4005
24 4.39263
25 4.39406
26 4.39626
27 4.39935
28 4.40087
29 4.40016
30 4.39989
31 4.40464
32 4.40502
33 4.40703
34 4.40627
35 4.40626
36 4.40647
37 4.396
38 4.39578
39 4.39952
40 4.40111
41 4.39607
42 4.39643
43 4.3977
44 4.40016
45 4.40157
46 4.40205
47 4.40356
48 4.40558
49 4.40724
50 4.40702
51 4.41176
52 4.422
53 4.42233
54 4.42335
55 4.42402
56 4.43771
57 4.44395
58 4.44067
59 4.44485
60 4.44529
61 4.44273
62 4.44506
63 4.45135
64 4.45234
65 4.45418
66 4.46406
67 4.46563
68 4.4659
69 4.46646
70 4.46717
71 4.46717
72 4.4681
73 4.47545
74 4.47409
75 4.47749
76 4.47768
77 4.47979
78 4.48027
79 4.47861
80 4.47891
81 4.47914
82 4.48524
83 4.49015
84 4.48664
85 4.48809
86 4.49752
87 4.49523
88 4.49406
89 4.49348
90 4.4972
91 4.49676
92 4.4954
93 4.49533
94 4.4945
95 4.5611
96 4.56026
97 4.56345
98 4.56345
99 4.56257
100 4.56401
101 4.56784
102 4.58983
103 4.58853
104 4.59121
105 4.59121
106 4.59121
107 4.59078
108 4.59135
109 4.59237
110 4.59542
111 4.59652
112 4.59601
113 4.59743
114 4.59743
115 4.593
116 4.59303
117 4.59375
118 4.59693
119 4.59985
120 4.60057
121 4.5982
122 4.59817
123 4.61287
124 4.61343
125 4.61351
126 4.61418
127 4.61602
128 4.61354
129 4.61573
130 4.61574
131 4.61521
132 4.61442
133 4.61494
134 4.61502
135 4.61493
136 4.61362
137 4.62698
138 4.62782
139 4.62683
140 4.63065
141 4.63065
142 4.6305
143 4.62983
144 4.62822
145 4.63698
146 4.63807
147 4.63751
148 4.63754
149 4.63732
150 4.63864
151 4.63981
152 4.63932
153 4.63932
154 4.63904
155 4.64033
156 4.64022
157 4.64389
158 4.64383
159 4.64411
160 4.64956
161 4.64933
162 4.65103
163 4.65104
164 4.65155
165 4.6568
166 4.6568
167 4.65798
168 4.65993
169 4.66139
170 4.65921
171 4.66033
172 4.6618
173 4.66176
174 4.66176
175 4.66194
176 4.66225
177 4.66225
178 4.66399
179 4.66381
180 4.66478
181 4.67478
182 4.67627
183 4.67445
184 4.67283
185 4.67193
186 4.67605
187 4.67567
188 4.67606
189 4.67657
190 4.67616
191 4.67714
192 4.68527
193 4.68423
194 4.68534
195 4.68376
196 4.68167
197 4.68042
198 4.68104
199 4.68187
200 4.68196
201 4.68229
202 4.68155
203 4.68269
204 4.68298
205 4.68305
206 4.68161
207 4.6814
208 4.68218
209 4.67972
210 4.67943
211 4.67884
212 4.67799
213 4.68354
214 4.68453
215 4.68432
216 4.68118
217 4.68108
218 4.68199
219 4.68151
220 4.68186
221 4.68162
222 4.68203
223 4.68281
224 4.68357
225 4.68476
