2151 
16529 4633 
5974 1642 14598 17237 
13889 21852 3845 15809 10154 18516 20388 12285 
19604 15279 15121 9355 15630 2591 20634 1940 13805 18735 9194 17132 7311 15635 6853 22223 
7335 9390 6817 3217 1738 18290 11964 14574 15908 5642 15651 11698 11717 2041 14053 15351 18208 1823 4607 9656 12412 22149 16096 6062 17557 19434 18053 4539 10901 4309 12333 8144 
18956 20955 13837 8112 17611 9587 3148 7160 11041 1013 7680 21191 1201 13901 768 21713 15931 12287 9668 9160 11926 17387 22107 6672 11942 17603 14682 10729 20882 15929 973 5545 11054 7498 2799 15779 13639 16433 1923 14313 21256 11993 15251 1916 8314 11787 2128 12245 2963 4076 6108 19951 8113 18614 4136 3842 5493 4834 2069 12864 13354 15878 10417 20529 
22157 21589 699 7684 14782 9059 14068 20493 10446 17137 5433 7211 21599 5509 12639 20513 1844 14827 18129 11398 8779 17415 2525 19439 1780 11940 430 4549 10717 18991 2981 6868 11379 19375 8988 6675 12390 3563 5097 9484 18010 120 393 18919 19509 13653 20335 3052 15752 15244 17478 7212 21690 8392 16102 6817 13756 2007 9087 4223 8078 11380 5843 202 7015 5953 12937 19287 1713 10194 2447 7891 20227 12466 776 8743 20514 982 19952 801 20333 6309 1940 19212 14865 18997 1416 1797 18219 2799 19944 16057 13567 22044 3375 17046 19000 1781 22150 1762 17182 4029 537 15022 16821 15765 13709 21419 13195 20373 4874 2561 10060 3231 14776 19522 6903 20077 16378 6028 16796 7287 7544 7925 12138 19591 875 12697 
14327 13547 17832 11664 19916 17467 19167 12973 14595 7544 6974 19230 21304 17963 6483 20456 13518 22126 6449 12637 10073 21100 5423 6826 18876 19046 22273 13356 4618 4104 8913 11843 3876 2206 9522 21675 17820 10536 3597 15000 15566 15168 6944 17314 13459 14644 8733 21449 9453 20761 6881 9258 8969 6982 2068 3311 17054 16540 16780 11383 2314 17168 22362 1802 19580 8643 19851 11884 8118 21400 7008 13413 11758 15613 1715 1596 20897 7276 1481 1470 21788 1803 8091 267 2025 3236 8633 5613 14094 5926 4135 587 2411 11149 21563 3241 5149 17090 10974 2560 16181 5426 8857 6785 9869 13981 5500 9548 8628 16852 404 11187 12215 9154 1701 19504 13447 2396 21157 6933 18945 15604 11256 4574 9416 18925 5836 1264 8694 14091 2119 9955 4301 11240 14529 20206 8641 19302 1312 22267 22188 16534 17139 19709 11245 8418 19652 15026 12290 4066 18201 18793 9027 289 3120 14685 170 16701 10790 14902 20785 7164 6393 20798 11289 7519 19084 9575 1094 4280 16873 12761 12407 9486 4671 16863 13105 19530 9156 7871 16609 8901 17896 1729 8668 14256 14220 19891 17064 5832 21509 7865 17374 15342 8209 13991 1912 5510 455 11670 12698 15638 4180 2895 3240 5553 2212 8740 2777 721 3072 19263 3631 15453 3400 4380 782 7929 6387 22086 4096 15404 753 19040 17498 9788 809 13920 13149 11350 11779 6616 10214 5845 11671 11746 21834 9241 6671 6771 14738 21037 4866 13090 19515 4095 20110 17507 13138 12701 6223 21643 15732 8534 1852 22412 
22350 17268 10323 16446 17643 6521 22258 18824 10237 18255 12969 15731 11944 11764 14537 10943 18520 21956 17241 5364 22021 11287 8942 19825 14177 8037 9875 18531 21927 16713 16600 12985 16603 16253 9291 6439 10081 7115 20099 7824 6201 13563 21872 5615 22379 13004 14771 12975 13847 5191 19482 21479 12758 14800 18046 10680 4599 4586 12471 10307 4977 15881 14167 19215 7312 5204 4247 13108 12567 4180 7486 4060 12122 4007 4004 15501 3765 9031 21474 3746 17117 16100 14477 18808 10340 10124 18239 20886 18758 20506 7935 4252 12821 21440 20358 2893 19362 2873 18524 2835 4745 20200 17644 12775 12966 21081 6665 19484 13088 20662 22148 5377 5020 14758 2569 20464 2611 4184 10899 21647 2171 8104 7022 8390 2129 2147 5564 10585 13290 21422 4651 2197 6223 22430 1893 17790 19077 1765 14450 21508 1648 20405 12290 7152 17119 6752 4047 3258 11373 4921 20327 18163 14470 1486 2386 5344 11774 17725 2036 12337 17747 14920 963 9837 17411 15743 18448 3488 242 2460 6058 786 15028 9618 21698 15206 6179 22168 20004 18594 21932 7856 21922 5731 13286 15865 5585 15280 3605 359 10764 9141 9501 16722 10230 16453 18945 6658 14773 20493 3722 13285 12203 7103 4939 1152 18885 10635 11176 18209 21455 7981 6899 19235 12899 16348 14184 21208 14093 12470 12862 3868 20316 8237 18724 2494 5199 3467 221 2139 3762 13576 8693 18440 21226 1046 10784 7286 15401 6204 13249 2429 12436 20010 17846 15560 15046 19212 21917 18062 10297 18412 1100 4855 9168 11332 11251 18825 1349 13074 9990 8723 15215 67 4693 14128 11301 8231 116 13100 17938 10905 14178 10391 20478 18386 20699 7078 20442 22196 18598 7083 915 22060 2043 15568 4903 9665 17239 614 11816 21179 3560 7347 14435 16599 21785 3241 1077 9192 1211 1773 13675 15524 4163 9841 12005 7677 12546 9760 14088 14228 5653 12686 10029 21931 18565 7257 362 5231 21497 937 10231 325 15345 17509 18519 125 19515 1627 16802 1113 5836 21007 4236 20466 9646 14015 9378 21821 13538 16717 8061 16176 19963 22301 7694 1202 13491 9704 17819 6999 16016 10731 5077 7818 18097 5843 8413 12761 13302 9798 21700 3847 18995 18310 17769 19933 15064 17284 16743 21354 20894 20353 19812 14405 11159 16556 10259 521 10773 1576 6188 1319 1267 6259 14374 10394 3512 2998 4647 13844 6869 4904 8826 12613 16400 13695 2334 2363 19134 16970 7679 14171 3351 6597 609 6702 17522 12978 21634 633 2175 14700 4421 21192 634 1814 732 15896 12650 16437 2370 1288 774 5833 21522 11801 19199 6215 10517 7271 17009 3385 7710 12079 2721 1639 5426 17997 2849 21865 1307 9833 4964 5145 10014 22112 16466 777 6248 4449 7729 11046 6284 874 4722 19377 12885 8904 5658 8363 14855 4718 16620 20948 12944 4288 940 6285 13859 12780 4665 18731 15558 11771 15017 21509 8424 7591 14854 11067 8362 5103 14841 6185 21879 18633 14305 18983 12265 10101 5232 9822 10363 16949 3424 10844 6760 11088 18375 2229 11426 11967 22412 14603 1363 8225 5520 5378 19985 11870 
20475 22249 17563 21919 17655 22354 16288 16200 16168 15960 18142 15083 15463 14321 13891 13837 13360 13099 18248 22233 12630 11871 11722 11695 21202 17481 1776 16409 12206 17408 9948 12229 16665 14185 15575 9837 9711 9201 9200 5189 9781 14826 19141 13402 15357 8866 19579 19942 14472 7772 11590 11610 9511 18476 10713 17817 17980 7322 7266 13422 20831 16603 16875 13022 9091 6759 6712 6572 10872 8167 6846 14165 16493 18711 6512 22005 6078 6004 11029 13247 13979 5772 5758 18522 22104 5652 5582 14943 12975 14258 11338 17442 5243 17226 5197 5647 18798 5032 19508 15977 4890 13912 13703 9267 14284 20225 4699 14667 21688 7795 4593 6214 4455 8084 19461 10837 21005 17816 18686 2401 12010 6882 9100 21982 9783 17998 20536 3901 11377 9375 14961 3799 15827 19154 12314 16907 12104 3721 3665 3623 15900 11464 6094 20102 17001 20043 8844 10136 3482 3480 7846 20330 8131 16241 3367 13329 3348 11320 15157 21806 16942 11167 3149 18845 3123 5593 21613 3078 10776 3031 14024 19399 20974 2907 6365 20782 3507 13488 7956 8317 2772 14886 17317 4778 9686 20828 5957 2630 4346 8702 3157 3483 13726 9553 11771 2538 16051 19378 4961 7809 21401 6029 5417 14289 18996 11517 22418 16873 21697 13934 10607 2408 11699 2396 20061 13447 2357 15820 4272 2269 17028 2611 16445 20353 21886 6350 2176 6995 12540 8681 14226 20106 9016 3471 13442 11441 2133 17962 15118 12211 8884 11965 11445 14478 2052 2453 11680 7882 12052 1994 11974 884 1993 10807 17461 15757 17975 14011 15120 16901 21523 20958 19849 20286 16959 16430 11994 20897 18679 13347 2257 12238 16141 11013 1787 13295 14404 16248 1831 6155 3937 18916 14125 15312 21966 10888 6579 22105 9119 14726 7238 1693 17515 11970 18319 14992 1684 2508 18183 13747 14932 1624 12357 6587 14702 20987 5461 20068 12347 7911 878 22162 5932 4597 4481 6699 10873 14065 16283 22435 22456 354 7306 10633 11925 5271 16361 6544 6030 19200 2429 3085 16393 8981 2327 22073 8765 13634 4605 12125 14343 2712 13802 10560 11996 8209 9321 1466 2007 15037 7758 2213 8895 20232 10600 9951 14387 22389 12042 16478 8066 21374 20265 7799 1875 766 8849 16816 2209 18710 16005 20765 3021 9835 22034 18707 13459 6805 4343 8671 378 19235 15717 3274 19504 1953 20888 7904 19075 6010 9337 10207 21297 226 18079 767 4657 1355 9118 6047 15785 12806 9560 5530 15511 12310 16746 3762 8848 19938 22156 9172 8905 2089 9825 22024 3171 14032 9596 22122 7473 22445 22058 5828 10260 6933 4228 17151 21763 17772 5573 18881 3219 2110 12987 16455 13128 9858 15344 12017 9880 6860 22236 10893 21983 14220 5429 10974 10541 12759 11650 13814 2493 4711 12150 17695 17154 15505 22305 21196 9294 7951 18230 3457 2348 22365 14346 21405 9206 12452 16290 2224 14367 17694 10059 15604 7083 1538 10012 13339 9536 18408 9996 258 15487 12160 20240 2496 7458 11894 2280 17969 18917 16203 14580 2705 18231 1596 19723 7524 1979 21455 22049 4305 1937 11332 16196 12869 5863 8081 4754 9471 19506 7307 21656 6130 16552 1945 12765 8189 7499 6390 11986 8199 7820 12256 1166 421 19897 12444 8224 6006 3788 11815 9840 2077 5446 3228 18754 10964 3201 19836 3117 7553 10756 5211 10176 15721 1055 12145 11090 9981 6683 1273 14650 21743 18416 4891 9760 14116 6353 12479 18024 4917 589 5132 8473 13399 1200 15186 21840 8423 16186 10073 21163 9934 2509 2780 13870 15630 17848 7975 15738 22392 13520 2875 17043 1517 19261 6290 18837 21055 6638 20037 20695 17354 5615 21141 18192 7102 448 10429 2300 4518 14256 1307 198 14076 7366 6257 12911 19294 1550 14308 8926 14418 7764 1 16636 19827 12064 2583 13403 16975 17921 19030 1286 6927 21344 12796 11687 8360 16652 4453 256 770 3412 10066 400 13768 4896 15986 12037 11565 21546 14864 8271 1617 20470 12195 8868 12438 5784 4755 6378 12375 473 2839 19474 15011 20556 5286 13049 7639 20415 12526 1274 6143 9984 5548 13551 14984 567 21070 2217 1108 13745 7091 13042 6334 9661 1789 18424 21913 11932 8132 4886 12460 12744 9417 21373 19155 964 22035 7618 19649 714 146 1255 5989 12643 17079 10273 20254 15412 18739 14303 10775 18012 15875 14766 18646 7556 6447 9774 15819 6947 405 15012 7676 2131 18831 1087 3972 19268 21862 7201 9419 3822 9367 11585 8553 21861 8336 10724 5238 8565 991 3071 5289 15551 7788 21854 477 22397 9684 17447 20774 21477 14823 21965 15311 19747 14245 15354 252 6011 10447 2528 16053 1441 9989 11098 13316 5553 14425 11206 10097 16085 11578 8251 5270 14142 11840 750 9406 9205 3660 4769 20295 11813 1832 18467 15600 18927 22254 10081 22280 3973 7761 16265 7528 19671 1071 3479 15678 8483 2938 5156 15137 2905 5123 19540 687 16213 6499 3073 17490 17522 20784 18566 6331 1895 16336 4407 5516 12843 11734 644 11031 6595 11260 2388 19023 18482 4425 11079 21700 6174 16621 6640 17943 20512 3877 4006 20641 21750 6602 18676 20293 19346 2711 6038 13801 19393 10686 705 9589 717 1529 12619 122 2340 14893 17111 19329 10388 18151 18486 11832 7396 742 8245 12681 2115 19712 3077 18406 9534 16188 21733 14066 19611 5194 758 2841 6168 1195 9478 7260 1309 13671 21434 11331 13000 801 6620 3293 7729 3447 5665 16987 11442 1217 14525 9656 18041 3624 11387 6951 17861 6771 13457 20111 14566 19124 11712 5058 20824 20097 12334 4935 3826 3070 852 627 13935 12393 14611 9066 19756 903 22259 18932 5396 4480 19826 17608 17067 16999 20809 15264 10828 957 4798 2580 18728 984 13298 19952 1768 8693 7658 1004 21030 1554 20578 19469 10813 2692 8237 1816 19560 15124 20895 7587 9512 7294 2858 11629 16082 12962 11798 16837 13510 14493 8948 17472 4759 19370 17152 10488 21578 17778 1143 8138 5671 20088 21158 14504 22267 1196 19770 917 17552 8182 8174 20515 20372 15936 12082 2101 7703 10952 12729 22347 3494 21238 8761 3128 7564 12896 6242 1058 22129 20273 1420 13572 3516 10170 20151 2045 9808 15353 8388 18369 19478 8738 4796 14777 20322 18879 12225 9243 
18455 20410 18148 19683 20803 21596 18444 16924 19559 18907 16298 17353 18889 15762 16589 16313 17175 15443 22213 14779 14687 5279 14498 16228 18292 20777 13954 310 13547 20426 14673 13880 12659 13770 12537 12477 12136 14372 11708 18509 13586 374 14549 17580 17854 20684 11025 22307 22442 12986 20759 10728 13429 16979 9908 1343 20016 10524 18191 20849 16788 22279 14651 12294 17618 16624 20137 16244 13461 6403 9842 18441 13363 9626 14892 17249 13705 9448 9393 12958 9290 15595 21447 17139 12697 15196 15086 8284 17146 8798 8683 17539 8617 15029 17623 15266 19360 15981 15312 5961 8278 17104 21818 8180 16981 12267 11736 8344 19280 10924 5251 10874 19942 8580 18161 20501 14304 19018 7579 7545 17028 17980 7516 8141 13115 7446 16248 15484 118 14541 12184 7345 7322 7283 13210 7273 12602 7913 14984 5675 10448 18685 6988 5703 6974 6938 6910 11205 21531 7389 21115 9252 22306 6673 1098 7824 19077 12006 9549 8408 17836 14571 13845 8685 6328 12816 19925 19472 9635 15113 6159 6135 6098 9302 10595 18044 13330 5958 4697 5813 5797 18901 10613 5701 11918 20648 18822 16161 19880 17830 11938 21970 10148 16219 21943 19389 5247 15428 16163 8866 6509 5263 5770 15077 5649 6504 8861 11366 5966 22211 5109 5091 10721 20726 13080 18786 12080 19181 21011 4803 20585 10804 6642 17600 5815 17406 12692 16598 11378 18449 14681 13200 4591 10558 16766 20360 16734 4406 14979 17870 18018 4289 11887 16584 18041 4578 12228 2800 4171 21945 17180 13131 14183 19161 12090 18265 9904 5851 8208 9900 8518 4081 4447 20094 17917 21296 4013 4008 16605 4044 1341 14785 22434 18487 20143 11058 15136 19850 10435 10716 6067 20264 20671 5005 21777 5278 5060 19202 4245 19154 20747 8962 11269 4120 8834 3883 9219 18131 13433 3667 3656 3634 7998 15069 21422 5342 15556 20122 3623 18282 19797 10841 15555 3770 13198 13489 21974 15366 3581 6778 16206 18563 7515 3495 20834 5654 18250 6465 17705 10378 3436 6400 10485 22270 3414 16241 8794 11151 3378 19861 6493 3341 3330 17122 21290 15529 3294 11105 3261 3250 10983 3202 18584 22038 3182 5673 3412 20761 3152 14934 3149 20652 5593 19346 5614 3085 8490 12042 21017 10135 5421 3064 3061 17201 10130 3059 16914 14557 12683 3036 3013 19944 2953 15143 5552 2933 16424 21138 5901 2916 13662 2887 16168 4383 11653 20715 18924 16567 4060 13488 2834 18588 7314 7751 2817 5380 2803 5184 2827 13666 7293 18067 15743 6315 6981 2688 331 15778 6665 7534 20406 2660 2659 6590 7806 9675 16042 6614 1507 13360 6289 12010 2582 2550 6093 8889 11246 2498 6306 7211 18996 16985 5200 9914 4811 2454 4635 6693 978 14724 5893 10607 15708 2397 5377 16912 5127 18312 18875 2951 2393 4750 22061 15248 19962 7101 11919 14276 10726 6216 14238 21358 19784 2298 14933 19647 22033 2814 5962 11252 16201 2262 5391 18918 2240 17532 6583 11558 18629 6854 4387 13815 13693 20065 18162 6032 7002 14924 2205 19287 5145 21886 2188 11439 18510 7997 2177 11144 13501 21601 11515 6801 10089 7732 8593 9912 11813 2152 16294 8112 2120 13904 9190 15156 12571 2111 17753 12913 2092 3452 19951 10523 19045 22018 14947 16067 18542 5140 16925 7451 16955 3376 14414 13290 12807 11394 9721 3345 12773 1983 11039 9132 13424 16573 7062 11300 22076 1958 18109 11071 19168 3006 20022 3402 1893 12943 4083 18225 11154 7728 19716 9767 19195 6971 15979 1837 1833 6593 11307 10919 1829 7936 17182 14825 21800 1826 9139 20980 5767 18820 3881 2979 10017 13900 4472 5581 21271 9486 8377 7546 2832 21235 13333 15690 16513 14156 21352 18995 21161 7019 11733 18804 15744 13526 10258 6931 15125 3340 688 16214 19958 12887 4015 9116 20901 5210 12281 7567 11895 6826 16254 18360 16003 2695 20439 17910 3768 13530 19213 7428 16717 218 9646 15191 409 1594 20260 15186 11200 2443 21299 13168 18253 21580 11941 156 458 6965 10848 15562 1420 19653 18961 11890 13640 1855 8926 14471 11561 4490 13404 1619 17985 10914 760 17279 3137 4246 17975 8547 17005 5220 4412 2055 8709 7739 19524 5382 5272 19550 21907 21632 9847 16918 19275 7490 18580 15320 18296 8732 1661 8299 16607 14250 942 5054 16194 5895 9348 7130 11009 3938 18355 16000 6572 13643 9521 3603 19511 20898 2042 16184 5318 7536 17164 5379 12033 20773 8351 20627 11202 1774 10858 13215 15511 13455 20526 15812 17976 6867 9224 16295 18652 9641 11998 11462 19305 6307 5334 21833 13093 20856 17966 1467 7883 22025 8717 20641 6499 16443 21157 4549 10000 572 315 3648 12944 17658 18767 17729 8301 9373 16027 18245 7155 22062 13481 4053 12877 19948 22305 17596 8168 2623 1514 20285 13214 15293 17650 5274 7631 560 18304 15568 3369 16380 4595 6952 11666 9865 2794 8961 6192 19664 3165 808 6040 12424 18117 7421 16849 13358 11001 18890 9462 13075 15432 1290 17893 7217 19002 20796 6654 3068 21924 19567 15826 4041 281 10262 19557 2227 14012 10420 992 11529 2101 2903 17045 408 3735 10184 3113 17334 22048 11097 8740 12286 15527 8456 20655 19725 8290 3576 10644 22429 3067 3203 12631 19702 5977 13048 6211 17031 5988 10424 393 2617 16536 238 4674 11592 3982 525 13002 15359 8288 5086 6887 18672 4530 2173 9244 13958 15447 7483 19268 16022 7735 13280 15486 10772 9323 4609 2252 9557 19399 21756 21898 14827 685 10437 21527 4486 21121 19634 14089 7574 5217 10762 7010 20321 1465 11446 9781 19209 4792 11760 4689 22110 19339 9911 7996 12710 6722 9045 17635 12368 7654 6239 10953 972 19028 18139 8711 15782 16891 14507 12150 16864 21194 7437 12820 2681 16823 6842 12174 5103 14531 19941 15505 3306 6320 775 21990 3134 19633 10474 3403 15602 9389 517 12927 3499 22086 19729 4203 16958 7530 18976 120 13267 8831 21733 17297 10576 20004 1148 22219 2823 466 7951 12665 21401 4902 10826 14577 15106 5678 21344 273 20201 8416 17844 1551 2937 580 8316 19027 11442 4871 1544 8079 19864 15150 15984 13627 19172 20284 1428 21573 5074 9736 21097 14604 21327 11899 809 4272 11343 20771 9364 2117 1283 15425 15839 10146 17217 3692 17695 5910 2534 19033 16676 17542 13106 15378 11398 13755 8855 4419 17859 20216 3124 767 4230 20729 223 12666 6329 11043 642 8216 3806 17948 13234 5458 2405 48 14635 5207 20748 18391 4249 2031 16193 18858 14839 7768 11352 3614 8050 19140 21736 5237 801 14560 418 13108 3680 6037 10751 10176 17247 7544 2830 9484 7316 19101 9504 14218 14404 16761 8838 15909 6481 936 15958 1816 20672 6808 16236 5181 16966 17721 22435 6404 8761 16415 4630 17738 21951 16531 32 16524 4739 18742 6957 9184 290 14293 2508 20115 12419 14578 5150 436 3103 6457 1047 3577 17719 1489 12579 11829 16574 17909 2383 20961 6819 11958 8712 11441 9084 4784 21283 21336 6621 22041 5061 2704 19203 16846 13936 6865 12170 9813 2779 21635 12872 9110 11467 2270 10725 3654 17796 18905 19142 7357 12323 17037 2895 6222 17752 8324 13038 10267 839 8046 17474 1948 21615 2759 21732 14661 20909 349 21378 14307 8773 13487 233 21887 19530 12459 16321 13964 21035 1073 10632 12433 19504 1710 12108 5037 22006 19649 20257 18039 11756 16470 249 12034 12122 7408 10959 8236 1582 3715 20214 6072 11482 20354 4516 11796 21224 7082 8367 6956 8149 6674 11110 182 21654 441 12226 15548 8477 10834 9169 16240 18597 11665 18736 16379 5208 12557 772 2990 7426 19625 8533 15604 16523 11809 20959 16245 19989 12918 12388 603 5317 21101 6959 13992 18999 21356 4857 17056 7075 2142 3526 17668 6470 15342 10390 12747 1657 11434 20862 13821 8660 21968 4815 7172 13219 3791 21740 10379 8893 3534 5891 11372 5468 17253 10182 2790 5147 16932 2515 3679 20178 21704 491 7562 14633 8254 22396 104 4540 15630 18784 21141 9356 13375 3947 20446 11521 5570 14442 6017 10731 15306 12949 8907 5580 13776 6123 13194 12780 19851 995 7837 16028 1886 11876 9519 91 10487 22272 6746 12525 14148 3869 19120 21477 4978 1705 6710 14129 11772 9415 4009 1652 14305 163 19051 1307 116 1146 7800 64 2835 12263 19540 7341 14134 11777 10827 2925 568 5282 17126 10055 19483 208 21279 19933 2080 6516 18703 15376 17118 10047 6164 15592 715 5238 2881 524 521 19377 3229 13349 20420 10992 21214 6936 4579 6173 10887 906 9982 554 9565 21350 7208 15841 13484 7350 15565 20279 7992 19777 1435 20291 17622 5374 21873 660 21332 119 3906 15657 21619 14548 3214 17881 13583 1798 8869 376 16065 11629 14956 6084 19573 16246 7499 16927 7325 18872 20676 8891 5716 10569 3498 21946 16517 18 20536 11108 12217 11920 13359 11141 15032 22103 19398 21616 5332 21328 11347 4104 11175 4683 5661 19803 11703 16695 7267 21285 72 10351 12569 4806 9404 14118 17306 19663 1775 15917 18830 9402 14116 7045 19067 21424 9225 14259 7605 13150 14236 11793 21221 10823 1395 17894 19059 2560 203 6276 3919 20140 17783 8355 20805 6663 5832 1118 20188 1267 12295 21723 20760 2002 9073 13787 10460 1863 16005 18075 3933 5178 19320 12249 21677 613 2970 13549 14035 14869 19583 727 10775 22096 9023 16786 18780 8382 15453 5932 19671 19257 16900 7472 11063 7670 599 18496 4354 15949 8878 20313 8528 15585 155 8314 22456 13028 12611 19682 600 7706 5488 3914 11677 5023 607 15533 3334 3937 2091 13610 8896 4991 15528 6100 5435 17220 12803 10446 21864 10079 19846 5631 19773 4252 11323 1895 14094 19639 21838 625 1734 19927 17570 13639 8925 8749 10967 2143 20999 2146 7298 14309 19023 9459 18887 2388 16252 6824 2110 20493 16834 2692 15586 3801 22240 17526 10455 6934 14005 8937 100 16599 9528 12573 4466 16251 725 10164 736 1845 14733 5861 16951 3055 14840 698 14284 9570 21769 17528 4189 862 16842 17130 14773 21844 14371 19131 12175 14532 13916 705 5141 10697 713 6071 18343 20700 8669 13383 4919 6581 16009 16703 4918 11019 6305 18090 1591 3356 12907 1039 15181 10192 764 21363 14292 7648 4628 6082 1368 13320 745 11426 20557 9991 12996 8282 1628 18400 8972 13686 14795 14656 12299 17013 670 5384 15365 17642 19629 5487 1051 20993 4494 9431 10014 6380 8737 974 5913 1199 13056 6645 11359 19931 11185 16048 5504 12575 790 9236 10608 13935 14490 11955 20724 11296 6247 14955 10241 813 12811 5740 8097 4414 6771 2184 10879 16752 21466 8955 13253 6182 19173 16816 7388 8321 15907 10880 13237 22251 3395 1038 847 8268 15099 11216 20644 8363 20148 19873 5731 21611 7055 2341 9412 9789 20377 13306 965 22178 7525 11625 13982 4254 22210 2768 19267 7540 7088 2649 7363 16791 292 21505 3098 12526 16308 12394 7680 17429 930 19115 4973 8743 12185 16899 3676 1319 21145 4646 6217 18648 2149 22002 19645 20679 18322 20850 18493 16136 11422 15584 1442 17941 13227 1028 8844 11201 7051 10432 8075 1004 9425 2354 17739 21228 5479 17400 10329 22114 16036 13679 22276 17562 8134 11062 18133 1875 4232 6589 19298 9870 12227 11949 16663 19056 2557 20327 6185 2761 14546 21203 7061 2347 15848 13491 11134 1567 18066 20423 15496 6266 8623 3532 11814 7509 11389 20817 20460 6792 13863 11506 21444 231 14373 7302 3472 10103 12460 9495 1711 17675 15318 4861 19003 21360 1140 9289 9014 13728 18532 5085 12156 22446 1171 20362 15158 19872 1202 21666 7524 19966 12129 5058 18596 9168 17904 1405 1111 8182 12835 5764 20991 5465 8438 1367 2715 1255 2020 1432 4287 7038 4681 9395 2324 1276 17603 4206 6563 1887 20743 6601 10737 15451 6023 1309 9670 21455 10272 12629 13802 8984 1913 2965 12815 20730 17847 1348 17278 14921 17025 6361 8718 13258 3830 288 9716 3754 1536 1712 13497 14759 12585 800 7871 9260 7895 14966 11414 1416 8820 6277 3920 15367 17724 2198 15109 9283 13113 14692 20322 10956 15670 18017 15660 8464 8605 1534 15102 19816 1609 3966 18108 6323 15400 20114 3984 1627 15769 4324 6681 20823 1584 13885 19430 7178 4821 16004 8933 12754 5683 3326 8550 17850 8422 19157 301 13991 8742 1671 14726 63 4777 9481 14080 2295 11493 18722 6937 14982 16096 2163 4520 21191 18834 6469 1755 2211 6565 4208 13636 8804 
21159 21531 18671 8231 20855 18165 18635 17911 17406 20664 17420 18250 17222 17124 18857 17718 17655 17471 21979 16544 16430 20125 21052 16178 15737 16589 21743 19229 10051 17767 15443 15369 19330 14893 19055 18073 11907 14779 15599 18261 14951 20169 14141 1995 15333 21099 13500 21100 13111 15491 13358 13345 20290 15203 15827 14569 18150 20145 13156 17167 20519 13060 21456 13629 11032 12938 12785 18965 22031 17732 12673 12626 13805 12594 16912 22356 17054 18839 7244 12216 18877 12192 21526 16518 12129 12114 12014 19664 12727 14372 15873 6821 11908 18967 10916 15589 6005 20893 19590 14609 21697 11523 15968 19991 11466 19285 18509 18908 11257 13491 16633 14892 17854 20327 20309 18218 21973 13953 21181 7927 20733 1776 18793 20330 19206 16661 15513 10489 10485 15798 22320 16386 21650 13292 13145 10239 18045 17743 16624 20661 20137 10028 13296 14589 9866 9862 9825 14505 9791 14029 17241 9732 9701 4912 8612 14339 17249 16326 11237 19532 19559 9385 13681 9307 9305 19318 16575 9137 21447 17156 14534 10782 20870 15783 16904 17720 19094 13900 19253 20453 8943 15791 8908 12951 21480 8748 8676 13739 8652 13097 18184 8560 10000 22300 19680 22161 13936 15154 8487 13255 20384 8429 14991 8331 17414 8290 9884 8283 9278 21818 76 20424 14767 17802 9404 8814 21789 21174 10075 15383 11047 22387 20629 8017 7999 12973 13556 18640 9535 7925 19619 7913 7881 12400 7836 9323 14410 7820 9770 9799 7772 21350 9552 18531 9616 18161 15334 7738 7730 16570 15117 10030 20208 12340 7682 16673 17800 7626 16372 15465 944 16696 19720 18403 7516 7497 22318 7441 7855 8166 17888 12431 20121 7322 18582 4352 12985 13474 4238 12435 12557 16859 13969 7299 19277 8826 11929 7115 22145 5675 7074 19325 11234 7014 19802 6979 19306 11219 6145 19424 17515 12307 9697 8238 6847 6830 15582 8420 6792 9217 20523 18523 13700 6756 18890 15389 9942 6723 6716 13820 13847 14894 11481 14632 7996 5083 19418 6604 7824 19314 16810 6582 22205 13855 16722 6508 21752 11578 6483 6596 19463 14376 20656 6476 14545 18751 16373 20331 19549 14520 16018 13624 18711 14528 9889 6934 21615 6354 8964 8088 20099 17444 6161 6159 8581 8436 3969 16272 6098 20858 10684 6076 10385 17364 12277 17326 19241 16252 6078 6075 16200 6026 10096 18414 19039 16255 12398 6118 12430 5924 20005 15945 16801 6627 11714 5871 18430 13927 13704 6385 14162 13479 5813 6423 13614 5769 8927 6036 949 5722 17785 12323 7236 5708 5706 5701 8235 8885 5679 12637 17793 14370 9216 7900 5657 15292 12931 16468 8648 18822 15407 19453 5630 20411 19880 7950 12108 19354 17263 14943 5533 6119 21380 5498 5493 6287 11374 21970 10148 12532 19326 16219 5381 16235 22200 13146 15541 5367 12085 12653 17331 5349 17136 13271 7224 15900 5247 5238 15722 5213 5205 5770 8861 7741 8845 11065 19760 4618 15325 5151 5146 5139 5098 12611 17698 13660 18747 15499 22136 17944 6794 15984 14507 18050 13080 4927 13057 18033 8284 18458 13371 11995 18363 15417 4868 21011 4854 5721 4835 19918 17430 21701 19915 4783 11694 6607 18979 4822 14369 10804 4749 22197 8830 4705 7194 10456 20630 18026 5421 21976 4658 1482 4642 21745 13200 6479 8230 5704 11439 4547 10558 17878 14407 16395 22416 13221 9478 14914 4451 4446 18902 9529 4442 13778 10321 8224 4418 12296 13481 13288 8448 4394 7581 16167 14645 5059 12746 9453 4366 4355 18543 4315 4310 4309 17366 10128 12970 4295 14463 4289 18668 11828 15956 10869 18103 11645 17530 4413 4216 17795 14048 11388 4167 8055 17482 17180 11207 14300 4126 20449 18183 11968 4430 4447 5271 18524 13437 2106 15296 20383 22437 10637 5550 4408 12220 9136 4049 9022 7132 19605 4344 4009 4004 16662 4682 14856 18724 10521 21795 22310 17223 15168 5204 10291 15092 8913 3960 16583 1322 3958 22434 7358 8549 13471 13045 8440 9384 6909 6067 16078 10991 19298 3841 5365 21590 3815 3804 19064 3803 3800 5319 13256 15450 189 3765 4894 13587 3751 10271 8217 19007 8833 3746 14047 20791 14084 8295 3723 5055 9219 3701 19785 14281 16638 6464 3686 16675 21762 3656 12374 7287 21913 9340 3627 11665 6412 4013 19274 3715 8802 22089 11915 7753 15521 3580 9161 19797 17001 13834 2063 3542 18687 22364 7103 17287 11392 8598 13685 3511 3506 17689 7515 11743 8844 3480 5911 7443 14216 20018 13565 3459 13632 4776 17859 15815 3439 20925 9775 13218 8131 4679 2606 11865 20534 6772 12515 13546 3372 9773 6493 5334 13446 18891 22000 6739 20637 15529 20657 13136 3983 14157 7938 7965 18695 3266 3250 3245 15482 15204 7736 8522 20622 16767 20140 9966 18584 9834 18357 7112 13573 18433 12861 17948 18443 3182 13355 3181 6514 3166 11271 19104 3843 3139 13376 3123 3106 9483 5286 15460 3087 3086 3997 14171 19791 4530 13337 10654 7702 15270 10183 3057 12683 10993 4244 11220 16307 9875 14962 15640 5466 22273 1925 8839 13926 3752 14024 13774 3600 7953 3018 4428 3013 5528 19717 7449 13874 13223 8136 18310 2963 10531 9322 20558 18650 8476 2928 20509 15422 11245 21060 4291 8039 21173 2916 13143 8056 14699 15221 5047 8575 13662 10665 4501 17513 9470 4383 14352 12956 4953 16567 17123 13488 16817 21904 6643 11474 7956 4380 4745 12991 2817 21996 3351 2795 14354 9584 16537 21624 14884 7856 18662 3401 20284 5216 10177 6236 2755 6510 8705 12046 5633 19801 15113 20200 11321 6641 10542 3882 14422 4248 3258 18519 18926 8752 15498 2702 21027 5766 19763 20238 10064 2693 7349 12436 19904 2681 21528 16441 20161 4427 4404 19293 7806 8635 18809 9142 1507 5973 11060 22260 17173 15013 14745 2996 9609 12373 2590 13832 15179 2741 2582 12623 3428 4880 15054 6431 14026 9372 14537 19624 11751 2502 2497 21746 13896 8809 10604 21772 13091 18061 3003 10380 18742 13655 11243 21417 2462 2458 15651 14172 20373 9809 8481 13568 13767 5073 14319 4145 9232 21427 12952 11314 13087 4668 12607 2433 2430 16873 10037 18487 3226 2774 19334 4043 9130 10607 13583 13766 4094 3058 12201 7505 2402 21083 7484 2397 2392 2956 15245 4537 5882 16056 20053 1716 16919 2370 19429 6458 19526 2367 2346 2343 13811 12527 2353 13959 8872 2665 5971 884 16145 13688 17824 12737 2307 14446 4272 12474 2300 4386 13684 17534 2273 11252 8202 13289 8726 13813 12322 18680 5788 15962 20652 5391 3717 19834 2241 2240 21799 15748 5290 13738 8651 17492 2231 10930 12396 2222 20065 3257 6760 11847 6598 18397 14242 7002 12015 12134 2204 7281 2194 12718 7631 2185 2986 2177 13665 7897 2947 2491 5370 3742 19003 10120 2898 2456 17717 13185 2136 10807 15894 16374 6200 17388 2127 4138 11419 3224 22165 17078 7171 16928 18883 10069 15156 5418 9102 20399 16933 3907 6097 7588 8305 2495 10906 10430 3702 12811 19382 10523 19256 14970 9883 2073 2072 8334 17184 19054 7326 10941 3716 14634 18143 21129 5868 15978 5804 6044 13635 15397 10310 2030 14808 6995 12082 8596 9327 14414 10739 2009 19885 6835 6214 21475 4976 16761 19118 18102 2841 5198 11750 9088 18516 6731 10112 4018 14192 6155 1068 6694 11035 16122 1588 8659 479 6365 16539 20244 14707 18344 13257 19090 3829 5462 20723 11668 6581 6960 1873 5468 20729 6169 10883 18446 1947 14258 9171 2100 20250 3078 13252 7554 2467 12641 19487 7765 20296 10122 15719 3520 10591 11515 21689 1341 16602 3698 18959 444 438 16937 21300 11872 432 21645 8327 1256 21722 7580 19365 7620 12707 15064 922 2756 14889 1990 8382 413 14104 9679 14766 624 7336 17510 21122 8989 19163 307 2664 6996 15742 6952 2238 14476 21387 11213 6334 21595 16881 9810 9165 7181 2094 16481 21568 9410 14497 20381 15294 1152 17278 2017 22365 5780 12851 15208 9565 14652 19268 5638 15812 551 16730 20579 231 14373 12111 7024 10797 14236 9348 9438 4351 14525 9148 14235 4061 460 5161 20422 3550 8637 1945 11373 2960 12302 17389 10318 13604 8517 16334 6160 11529 2101 4829 18971 14257 19653 7868 3154 10577 16176 21721 15036 20123 9949 10186 22385 18417 8243 3381 13555 19887 9918 20147 2961 7060 16488 15214 17571 12960 3884 14058 13141 17855 11530 1356 760 14902 13531 3357 15744 10284 20458 16202 21289 14218 22122 11948 7234 19711 6545 2942 13228 2193 18692 2284 18783 7247 17956 15225 10138 5051 17495 12019 234 7305 4275 16060 610 3479 11403 21577 19220 11596 12553 14910 21981 11444 17100 20709 361 7432 14130 9043 19217 14778 16151 20865 20646 18289 4147 1790 21448 16361 9006 3919 10244 20418 8633 13642 18729 19475 9301 4587 22056 2454 12628 843 2827 7914 9141 21990 6729 18514 10715 5350 10437 4699 14873 731 2342 12516 11136 4482 14378 4204 16715 1454 345 12130 5379 3022 10093 7239 168 11953 12897 2723 366 5219 132 9556 14643 3767 10838 17308 7880 11848 22022 809 13067 5691 15865 13508 339 329 4421 7555 12642 17729 20292 15317 10230 16063 802 11277 21919 1571 5553 21998 5026 20287 322 563 2920 19416 6362 1275 2729 7816 21353 11179 15893 1751 9663 19091 19831 9657 18529 18581 8921 6703 5957 16131 7777 2690 5375 9768 4861 15035 12678 19749 6123 1036 8148 3061 13235 1450 20098 13621 6550 449 11293 9599 13095 22222 6961 15303 3518 4549 2331 7045 9901 20075 10431 15518 7054 7289 2202 354 10528 1780 19025 8851 14571 4397 18539 3651 13825 4473 14464 19551 8139 3052 20660 15874 613 12812 13921 11937 6850 4493 19868 14781 5353 6554 16355 6181 11268 11364 19805 3306 16478 9830 20004 15290 16399 14415 19502 9328 20798 13727 14473 4299 1942 6717 20859 21134 7177 9354 10155 21075 727 21940 11410 9053 16095 2104 18470 5939 16113 3084 13258 8544 12472 14829 7745 22094 5595 5488 16679 11592 9235 502 19358 17302 22389 8247 1318 20710 9462 16551 2409 11562 13667 14470 19557 1566 6653 21914 22037 13623 18710 13842 8755 4041 18736 4969 18098 7924 12470 18392 21114 16027 14416 9329 4242 6599 6046 3689 21958 1610 3365 687 10861 4608 6965 4993 7350 1289 20976 12350 7263 15304 18393 21582 6321 19235 21592 11853 4926 1599 4767 6994 17271 16695 21782 11509 4965 7552 8508 16020 5846 10087 12444 236 7307 4548 17550 9733 19907 3558 1201 16932 15263 222 12007 6065 11175 18938 82 8397 2576 15360 10273 20142 9968 11077 15418 20505 10340 5253 15427 1285 13070 15713 5539 6453 19357 4096 22369 20012 18236 13149 20757 15670 10956 18302 17064 11977 1803 2359 18858 7073 16542 21629 11936 22110 2108 12282 7195 22456 21082 5821 3638 17780 13029 215 8949 3862 8576 6592 1505 2753 14538 21921 1681 15575 5401 314 21900 16813 12513 17804 6019 18214 20571 12845 9566 14623 19710 16115 854 8883 1812 21244 896 21980 6719 3989 9076 16071 2335 3214 6809 22070 20594 11166 21768 15816 555 13112 3915 15700 9417 14504 92 21678 16591 7163 19681 9507 4420 9134 18562 5825 10912 21113 16026 7800 13594 3420 17562 5429 20553 15466 4515 7384 2297 9368 79 7166 11880 3839 20218 7561 2474 7473 10576 20750 402 9399 4685 7228 11475 9715 14802 15175 10088 8979 3892 17039 6865 21807 1459 13244 19203 7301 10652 20826 15957 18314 2948 13122 3694 10904 1476 239 14381 20949 7723 17897 4399 3290 44 14186 5716 10152 18911 55 6380 16554 10953 12928 7468 17642 11513 21687 16973 14068 19155 2656 13610 8896 16245 9030 11387 16793 15684 22331 2360 3113 14898 15718 5917 11004 16317 11230 1802 19654 798 22011 12621 16520 4077 6807 1720 5315 15489 20576 18454 3566 18827 13740 16694 21781 1466 7469 12556 14913 14179 1381 11182 6095 654 19883 14796 21867 15071 12714 5643 789 15935 674 21022 4656 14612 19699 9525 20029 14350 2565 208 20414 5153 7510 18904 13817 3643 8730 5254 20515 16067 10980 17044 6870 1783 11211 2102 17363 13395 3221 86 1324 16585 12285 19356 9928 7571 10071 20245 275 4711 7553 9910 1587 6674 18459 13686 3234 13408 16470 1209 5923 11470 6383 9710 9400 11384 16471 14458 3318 9921 7564 18577 5673 20934 9717 4630 14804 662 3487 19137 21177 11003 1575 21366 9016 14103 4675 21920 6659 11746 1228 8299 11029 21203 5942 21190 21563 16476 10100 672 12457 6122 11209 16625 11911 9001 6864 13935 5755 10469 14810 19897 16140 21227 7919 5562 18601 3340 929 11103 3147 13321 20361 13 19242 14155 13379 3259 8909 13996 19083 12012 12758 2584 13538 1391 8462 5732 10819 13729 1944 4301 15682 421 5994 19678 17321 13353 3179 19539 21462 15917 5046 6113 13184 2672 17933 1635 11063 20543 8641 783 2124 21059 21196 11022 16109 19436 13589 3415 17567 2306 21908 11734 15349 5175 88 514 8014 943 4687 12695 16022 872 373 12572 12945 7858 6390 19458 20842 12882 19953 5438 15612 10525 21597 6336 11423 5878 1164 10592 16102 5928 21189 383 15644 9578 14292 13585 8498 5768 10855 15196 20283 2109 17370 20785 437 7508 14854 7091 12551 2377 12095 22208 15137 27 4741 12197 2023 5615 15789 20876 11448 1579 5057 5518 5149 2555 7642 15832 571 14713 5285 10007 20927 579 5836 21097 16004 743 5826 3469 13618 8531 13245 17050 22137 20526 10352 18810 15172 13755 8668 1597 5207 120 21708 9923 7595 14249 14995 4821 13140 8426 2599 19928 9754 8225 3138 19637 17280 19369 14282 5410 3192 835 6058 21319 11145 2538 17799 8644 13731 20802 12622 9753 19927 14840 10126 17197 10872 698 15729 10642 6625 7734 8843 8455 9395 19569 11613 21787 11244 13462 1677 10328 154 4401 13829 10974 4320 6677 16117 11030 5943 8110 13197 8869 13144 8057 1889 22237 18269 13182 8095 395 20275 15188 13577 8490 3403 159 2516 1024 21372 10347 6886 9104 2033 2585 8588 13675 11345 14075 8988 21850 20985 637 4106 6836 1749 2223 17484 2596 12770 19702 2830 7917 4079 11842 14199 20706 358 4794 7151 9605 4518 10662 20836 15749 488 2845 6017 21278 16191 219 10393 20194 15107 8001 9337 19511 17858 20215 7460 19245 114 14629 9542 9169 19343 14256 21213 21586 16499 490 15751 11315 13005 22433 19852 9678 12354 17441 15843 10756 20930 2823 10267 5180 7537 5228 20489 7456 6205 11292 12401 21829 5998 21259 5540 20801 15714 13357 7951 22093 8940 14027 5546 21072 19088 14001 1 10213 39 5739 4620 19881 22212 3356 32 7476 2389 10593 11339 1165 18356 20713 9153 19327 14240 20341 12300 7959 2872 18123 21599 6338 3235 13409 6139 3921 7055 17229 16782 21869 21252 11078 5991 17357 2096 245 19291 4030 9117 7943 2856 9927 14641 13894 8807 6823 1736 4697 9784 11395 6308 21569 12514 7427 12452 17166 6231 464 4432 14606 21677 11868 6781 9650 19824 4563 14364 9277 11336 18407 20337 5045 12078 14062 19149 12257 19009 3748 13922 19755 9581 14668 4494 6642 16816 7355 11037 863 11902 22076 20045 18532 13445 6001 11088 17881 10810 7179 20298 10124 15211 20756 14152 3978 4225 7878 12965 5521 10608 11560 6473 12954 7867 21392 9069 13783 19050 7265 21501 9343 14430 22152 1804 17065 2134 12308 18141 2880 109 15431 5257 8584 5481 394 15655 3124 13298 19351 14264 21335 13155 15512 1370 18006 16466 11379 4887 21602 16515 16511 6337 21598 11424 6427 13498 19735 16001 2870 12790 3780 19031 13294 12921 18008 17923 2662 12836 7749 3448 10295 5208 121 21849 11675 1501 8572 6395 11482 7583 2496 13719 20790 18649 8475 13562 16238 21325 1723 11897 19714 9540 4039 9126 6043 13114 10208 2802 3911 11827 22001 20892 19383 21987 1639 11067 10614 15328 13483 8396 18943 3682 13064 2890 533 17032 2697 12871 5054 15228 17585 7164 5552 10639 4590 14764 18118 832 5919 6570 1483 10911 5406 692 18714 10307 15394 21600 1252 18721 22047 6786 1326 21674 16587 11500 17697 3289 21033 4262 14551 4848 16687 6513 21774 5610 15784 16316 6142 11229 1801 14332 4158 18927 21284 2750 7837 16709 447 2804 14864 7793 10644 7168 22429 6208 6542 5132 961 16222 11056 4209 14383 4582 9669 3879 21717 16630 4099 14273 9783 14870 19957 2712 12886 15505 19777 19990 9816 17579 8983 14070 19157 21375 15530 5356 10443 164 7302 17476 1627 21975 14531 19618 4496 9583 19757 17400 15321 20035 19377 14290 7592 2505 15399 8664 1593 13378 3384 18645 9590 4503 6860 21348 14650 9563 19364 14277 21402 1054 11228 8552 3465 7379 1834 8905 21671 17242 22329 13274 8187 13710 18146 6734 1647 13903 18990 3729 10054 20228 12601 9498 19672 17315 5606 519 19748 14661 7587 18829 8655 2325 15384 123 7401 13404 18491 3976 9063 9619 5183 16595 21682 20939 591 5678 4559 14733 19820 12332 6872 1785 17046 325 5440 10527 353 21424 17813 8941 14556 4382 16879 18525 12744 2570 7657 9154 4067 6502 20644 20648 300 1626 14173 5458 371 19600 14513 18115 13401 4772 17676 12589 2415 8099 17527 2554 8879 13966 19053 12355 17442 7268 2151 17412 2829 18090 15733 3948 11324 13987 3813 11630 1456 22445 1232 15186 2282 17543 17404 21840 12399 200 9512 18693 20609 261 196 6148 21409 10057 19485 18565 13478 22041 1693 9731 16802 1321 8622 13709 13236 8149 332 10506 2082 22430 21820 4948 10035 12779 7692 15481 17838 18517 16299 8482 18656 8675 3961 2991 18306 3791 8878 18663 13576 10249 2720 12894 16370 6196 1109 15251 12001 17595 1096 2142 20998 22117 6856 22297 12123 5052 20989 19751 4490 13918 14335 1431 16692 6066 3848 13906 3732 17817 12730 3302 4183 11531 21705 2849 19759 20651 5390 10104 4852 15026 9939 2868 11358 1184 13342 8255 10672 498 504 9878 548 5931 844 10086 4999 14758 9671 20416 19443 587 5301 12654 7567 21709 3187 7817 8120 11834 19498 14411 7340 19695 4434 18085 8602 6885 11599 20251 13180 6109 10383 6042 955 532 20970 15883 3352 13526 13787 3986 9073 6480 7877 12591 20804 15717 5543 9023 18780 16106 5932 20074 9718 3885 8972 19146 16970 98 5185 22311 18058 8214 18388 15395 134 5221 14584 4410 19671 14936 16529 21616 2014 12188 10024 15111 6056 16230 969 19715 14628 9541 18969 14063 3889 6318 11405 1977 21967 21833 15881 20968 620 7691 16427 11340 16556 21643 7501 581 583 12908 2734 14843 19930 9682 14396 22277 7016 18801 13338 7052 1965 594 7935 2848 20943 5682 595 1403 18275 13188 18023 606 20597 15510 12793 7706 11342 3392 14079 14825 4651 9456 1665 12524 20963 615 19471 12177 618 17292 12578 2655 13100 569 10743 8386 18688 4987 20248 18616 8442 638 7709 14780 12294 2120 22468 6500 16674 1413 6804 20996 648 17147 7719 12028 6941 14012 17425 2164 12338 7748 17922 12835 22207 11316 6975 17149 22236 1888 2156 7982 7990 13077 8736 13823 3649 919 6006 9662 19836 18005 2744 12209 8096 3009 13712 20620 1764 8808 18982 13895 1173 11347 19537 4276 13658 3484 18678 19608 12875 1090 21730 1382 16643 1051 21399 7804 8918 14005 21076 5268 11966 17053 2805 12233 9714 12799 2682 17943 13229 17668 4764 20025 2994 13168 13541 8454 4205 8919 17109 1848 11861 16948 6774 10759 3688 21524 16437 4652 2295 11823 1649 16910 15377 16496 6322 1235 6328 16502 1241 10669 15950 689 3046 21784 6523 16843 21930 10864 690 7822 1989 12163 17250 15639 5465 8030 9077 20345 15631 655 10829 2819 341 5428 10515 21750 22123 17036 11932 5954 16128 867 6536 1449 19021 10427 5340 16549 1288 2738 17999 9315 18743 21639 10989 5103 10190 15277 4159 9246 706 1602 6689 8147 19089 3828 6185 8929 15800 5626 19768 8693 3979 13611 8524 19296 14209 20621 1765 11432 21896 16809 6635 8246 3159 18420 10147 15135 9364 4277 20776 17181 22268 1920 3773 15676 20265 16547 10721 547 15808 5634 18244 12935 19106 3845 18968 3707 10701 20875 14055 11698 21126 6702 7324 10918 6204 8561 18362 13275 22069 11895 16982 11024 850 9818 1255 21603 19246 6335 1248 6180 1093 20883 11223 5763 15937 561 15822 16941 1680 7423 13434 8347 3633 17163 12076 19147 4270 16055 11866 16953 22040 10961 16048 790 792 16121 19224 9050 5303 14358 19445 8774 13861 7063 805 12816 7729 5372 13190 1405 11663 19107 14020 14393 9306 7661 22327 15256 16074 813 6673 16847 19950 9776 14457 6771 17445 2184 3863 19124 5927 12925 21535 11361 14161 11269 21443 6182 14812 6990 14434 9347 18128 12552 17511 22075 1727 4700 14874 2326 255 20603 15516 14094 20573 225 5312 2941 18202 28 15289 874 876 20851 15764 5590 10304 5965 878 10699 5612 11072 898 12432 21508 8616 1545 11057 883 9833 8123 11217 21905 16818 4902 968 16229 7262 12349 17497 2236 3416 2299 17560 19069 13982 16831 11744 1570 21918 17204 14847 2071 22419 87 20435 15348 11662 1488 21836 2980 21851 11677 14937 9700 18471 2187 5986 11073 3149 13323 21066 10892 21693 17725 7551 12045 7145 1312 6399 16573 4617 13672 18759 6655 11742 3552 13726 8639 18813 12688 7601 2138 21116 5855 14911 6580 14064 19151 3890 20389 4088 3404 21450 5687 20948 16607 11520 21216 16129 19037 13950 19410 9236 946 5914 17699 7342 5733 18731 11716 21890 6629 16803 5018 9081 9454 19628 4367 18390 9661 4574 11376 1948 4292 12109 1935 17470 2209 13994 719 5806 19635 14548 4981 10068 7338 12425 3551 13725 16082 18276 13189 7644 21410 6149 2673 17934 982 3362 8449 16422 21509 20945 5684 11171 6084 997 16259 998 15140 7037 19295 9121 11478 16233 21320 11146 11696 1016 19872 10039 15126 18028 14382 4208 3835 8922 22199 12025 1851 1021 4616 12738 2564 21036 18679 10180 20354 2558 17819 15462 19876 3724 8864 3777 4405 12511 17625 20205 14546 20535 15448 9261 2580 17987 12900 1115 14631 13914 21415 6154 1067 15265 20352 1496 5124 1081 10509 15841 3861 8948 526 10700 18351 8177 10534 18311 13224 16231 21318 11517 16604 6128 19955 21423 6162 17788 12701 19772 2195 5256 1110 19455 5456 7439 2352 21954 11780 13021 4759 16171 11084 910 21258 18607 17152 3569 13743 233 20581 14263 4089 4971 20232 15145 12054 6967 15072 20159 9985 3284 1145 1438 5511 20772 5625 10712 15799 16416 1155 21747 11573 18309 1810 14288 14688 17474 18862 21219 5199 15373 8750 933 11107 2048 7135 11926 5345 15519 6295 11382 16465 1204 1409 11583 713 15974 4565 15803 8060 9740 11108 16195 19372 4111 15176 9430 14517 11124 18195 1696 3602 2110 22458 18885 13904 18991 3730 9477 14564 17029 1768 6855 21360 6099 675 15936 19112 3524 5686 10645 15732 11512 6425 16599 4206 14380 12390 7303 10149 12506 9398 20589 14927 20014 5872 1547 12503 15279 20366 9210 16593 6419 21063 10889 715 5802 15230 19376 1753 17014 22101 4637 9724 14811 12650 17737 19750 17272 8041 2954 2317 9761 14848 4674 18935 8761 1365 21472 10927 16454 11735 18998 3737 15571 17792 16790 11703 6616 3112 8199 18373 12550 14709 17066 7637 2550 17811 12724 20638 3393 13567 4883 15057 17450 18843 20089 6789 1702 15635 21778 16691 1430 6811 11898 22072 10022 4935 15109 13768 18855 15920 17610 4274 9361 149 20497 13113 191 10365 20539 12009 1835 1475 5968 10498 1487 21612 16525 19524 9350 4010 17574 7462 20247 15160 1518 15660 1523 21874 1526 973 11701 1527 350 5437 12056 6969 397 5484 4555 19816 16196 6022 21283 8160 21685 11511 7796 12775 2601 7688 12609 2435 1567 13352 1574 1580 9960 20134 4431 14605 9518 17702 18493 13406 3232 19507 9333 15531 20618 10741 15828 6192 10776 602 15863 8740 3653 13799 3625 4609 1605 15587 10500 326 20674 8018 16786 16875 1614 6326 15365 18049 18872 13785 2000 9049 14509 892 5979 16907 1646 1678 6765 8582 8719 6687 1600 21948 7442 2355 649 15910 5736 6529 11616 21790 16703 6769 1682 4105 8608 9874 12347 17434 4232 14406 6968 4100 11493 8046 13133 8780 3693 11259 16346 17704 7530 7094 22355 6366 16990 1729 22078 1730 9897 14984 4810 2116 7203 22464 22171 1823 10108 13961 13588 3414 18675 15697 14935 4761 3953 14127 13997 21395 17892 10779 20953 15866 17823 2562 15941 9039 14126 13243 17391 2130 2932 13106 18193 14120 19207 8690 13777 18864 8828 9687 4600 593 15854 12585 11994 17085 1824 5267 10354 18021 7847 8906 3819 12004 1830 16394 11307 17330 7156 20635 15548 13482 4462 10944 2520 17781 7607 20864 2776 22246 1898 10422 20596 16264 7121 2034 12208 16169 908 21256 6645 20990 15903 18370 8196 16349 12489 9222 14309 1966 20868 139 15400 10567 6547 12165 1991 4137 9224 12061 4558 5314 
22350 20262 20122 19835 21406 20973 19283 20222 20943 18914 18836 18737 18671 18455 21437 18319 18165 18635 18116 18299 21808 17958 19939 18371 18077 17714 17712 17675 17563 17341 17313 17268 17251 17129 21250 17074 17029 16924 16785 16751 19463 5705 16430 16331 16297 16288 16250 17643 16178 7407 8627 18889 15960 17086 15864 15762 21704 15712 6221 17175 16498 18215 18136 17767 18332 15443 21912 15393 20987 15554 15293 21582 15952 19770 20333 14885 19055 76 15933 14816 17619 10151 6195 15892 14704 20304 9885 14552 18139 21363 19145 17616 20787 14327 14326 14316 14251 15225 19238 21239 18106 20777 10163 14119 19110 13933 21071 15848 13842 13837 19126 17256 310 13701 17465 13560 13547 16242 13483 14217 9668 13389 13374 16172 13334 16753 15583 14863 13167 18756 3336 17968 13099 14673 6586 13018 20323 13013 12938 13868 12926 12863 12818 1590 21378 18255 17732 17133 12663 20640 12655 9536 17201 13799 12566 20520 12528 12447 16690 18381 15796 12422 12383 22356 12304 17761 12255 12246 14968 7244 6239 19736 9463 6460 17730 19359 12133 20425 14761 19577 19622 15164 21953 11944 11936 11908 18175 22189 7578 17789 14980 11843 11806 22069 11796 17235 11722 17311 2698 14386 12771 11576 11575 16656 11542 9346 11515 15444 9913 5750 11368 11353 18509 11298 18908 11937 18650 6360 16633 5839 21619 22358 22465 11122 11116 11100 14028 20149 21647 16836 13008 11031 13055 20275 16725 15193 10955 20994 10921 20309 20554 22442 5534 14651 20733 19811 18830 5038 10667 19218 18380 15217 11027 15931 17382 13703 16801 10484 18191 14927 18847 15798 137 10410 13307 16788 10360 16386 10333 10330 16360 11605 17165 16704 17757 10753 10233 19363 18709 14010 10903 12030 10492 17408 16624 17493 15469 19234 9529 16595 2633 10099 14784 15880 9993 13461 18486 7243 9897 18347 9862 13354 9851 13405 9838 9831 16237 19444 21956 16227 15569 5296 12989 16629 16247 9747 15247 9738 9722 15520 9701 10326 17352 4912 13786 19450 13972 14339 19900 9627 22281 17249 15817 15439 9587 16062 13705 12488 19786 9513 18480 9510 9491 20370 14879 9448 16410 10750 16401 1560 9402 9397 10817 20464 9711 9326 14620 19570 9297 9288 13477 14443 9873 9228 20303 16569 16164 20561 10161 20434 16871 15595 9147 17822 15019 10286 9103 19290 9064 12087 10653 16706 20701 9013 11221 21494 13135 9378 9309 8983 15922 8958 20453 15791 8924 15086 18358 8873 17960 14756 7633 16483 10573 10572 18259 19073 8800 8796 8774 20404 8824 8768 13696 8702 13902 8676 8662 15710 14222 8645 12505 8632 22410 18157 13350 10265 8610 8605 20090 9533 8598 2441 15029 9767 10133 17754 8575 12508 10934 18278 18352 8541 11588 15266 8526 21263 14355 19572 13223 8493 13255 12844 941 8479 10584 8435 8431 8409 8408 8393 14114 8368 17805 8337 18771 1373 13793 10164 8569 15312 8290 9884 8283 14215 17104 9278 15975 20651 8223 16421 13948 19431 14767 14615 20106 22244 11255 14096 12719 17936 8165 9902 5783 15856 15383 17647 13792 18340 17380 17660 11512 15327 17015 22387 17181 16238 18792 17953 9929 20202 7999 18365 8092 12438 18267 7994 18832 12094 8638 16765 7973 16321 4736 15009 18640 21702 11739 19317 15911 20225 8322 18595 8163 7908 16819 7861 21137 12400 7840 8653 14410 7820 11497 7794 7787 5169 7775 9799 18045 7772 16418 19611 21350 11590 15434 9552 19681 7742 21400 7740 15334 21757 7714 9544 7690 19831 19788 7674 19855 9027 7662 17879 14582 10840 9955 16492 9124 13410 10754 13970 7617 14424 12796 9899 7569 18403 7544 18240 19294 8031 7518 21965 17773 7500 17770 7497 13115 7469 7465 18618 13959 12529 18478 13349 17114 17706 7433 17063 13876 17655 7382 12431 12766 17004 3308 10449 7322 10242 9937 18851 19674 9401 13601 15273 7266 8626 12009 7256 12368 16528 13646 10260 4238 11204 9703 19068 7182 10084 16451 7176 8497 11811 6274 19351 17759 16726 16126 18538 7148 13219 20195 9509 8685 8053 21804 16603 20563 19210 17561 7092 5675 16875 20060 9787 7074 7069 10448 19325 18775 13050 11689 17008 7021 15173 8481 11702 17183 7660 19182 15542 7264 20356 14717 6988 14933 9615 8173 10390 15927 8951 17766 6915 17143 9460 19424 7328 17601 6905 10026 9697 12998 9588 17160 6887 6884 6871 20190 8684 14474 11205 17606 9591 8238 19059 15582 22289 1930 13269 6816 6803 6793 8914 8682 18955 9217 17945 9291 6778 18523 7746 6758 10397 8617 18890 22371 10314 12211 17372 6723 11367 6718 16991 19460 16717 17965 16946 6673 6670 1098 15993 2924 9329 17602 6644 6637 4816 6620 7996 21276 6582 6577 6564 7675 16722 7281 6520 16986 8438 6483 14376 20656 8421 19464 14663 18751 8167 10058 20331 1932 6440 6439 6437 6405 14520 6392 18574 17672 9410 6368 6367 7739 6934 20573 10300 19338 19169 19592 10589 11019 16504 6352 15305 14960 16930 6762 18452 15456 12816 19925 15095 13411 16510 6237 15905 17874 19472 14763 14023 6187 11818 6165 17444 6159 6375 18334 4706 6123 6755 20921 10130 6639 17371 6073 12277 20087 9916 11582 12600 19322 14600 13081 8024 18297 15877 21285 11012 16851 8176 10096 8003 13563 13518 16354 5960 9568 9170 5941 5940 5936 6118 9123 14051 12909 10835 20005 18308 8035 8063 5871 12750 9466 5842 5837 20101 9828 5825 6209 10189 9038 7352 18242 5792 14871 7201 5774 6672 7962 21710 22425 5757 8986 10425 6127 8927 949 18901 5723 9043 10613 5709 15981 5708 5697 5696 18476 8203 18522 7354 3591 5682 12691 5680 5677 17793 6010 5671 13878 5657 18630 22191 11918 15504 13366 14064 15407 21 5627 5652 8897 7698 17971 15875 5602 10490 20450 5594 11706 6513 5576 15847 5574 5567 16989 19278 11938 19692 18348 13004 15221 9369 5507 5506 13069 14138 5493 6068 15325 6380 14618 5472 8489 15063 12453 21970 5579 5446 7849 21200 5441 21451 19620 10243 9026 17519 12532 5413 16503 7613 19754 6826 5392 9136 19409 16235 22017 1471 17756 7483 12652 9906 8445 17985 5355 13931 812 17331 12265 15726 19104 7555 11941 19868 14728 9365 5330 9643 5321 21943 14640 19250 14617 20686 15284 3445 14298 5270 7224 5259 5249 10647 22363 16856 15722 10950 21223 5224 5218 5213 11463 6509 14524 11272 22353 5191 19760 5966 9704 19977 5182 16123 14639 21997 16798 5167 16718 5164 8731 16050 5157 15331 5154 5151 5146 15415 5142 18192 12538 21440 5113 11226 15363 5090 5081 5067 15499 8959 21252 5050 14291 21116 5452 15725 8982 5043 17944 7711 9424 19697 21479 15282 5009 5003 9524 17388 18747 8474 9830 7199 5277 7292 12476 7920 12335 5121 9362 17186 15935 4982 6374 16647 14375 9386 15224 4951 16513 5442 18233 10167 20440 4936 4932 4927 18930 13057 16012 19520 4890 19254 16461 6188 6062 20285 4881 18363 4875 10561 4861 14912 1776 22322 4854 12352 18274 17097 4842 4841 4838 18823 4834 19918 12712 10517 18179 7906 19915 5788 8425 5886 12979 16157 5884 4798 6953 4782 21387 4757 18481 17950 10248 19453 9180 5137 15452 5179 20064 16915 6642 8899 5809 12596 7512 4717 14284 4709 5996 4704 7194 4703 4700 17689 5558 11749 10408 18026 4692 9607 4682 21127 5006 5963 8412 16108 5311 15627 4664 7042 18203 4659 4658 18254 8459 3167 4642 4641 4638 5236 4627 4626 16088 4621 15372 18182 18453 5714 3135 4602 18461 19878 4593 4591 5515 7332 4577 14849 4576 4564 13231 4553 4550 13594 4545 22368 6214 11288 13322 18426 9195 8020 20351 7223 17878 13668 20365 5536 4507 7963 6161 16434 11390 15398 19932 10229 6700 15281 4450 14420 12388 14421 19280 9007 19282 4424 4422 20360 13850 12296 18672 19744 4412 13481 8871 16734 12848 14676 4403 16000 5727 14440 7581 7802 5059 4389 22039 11766 5119 6292 17525 4340 4496 18342 14609 4336 7744 17218 17749 7476 14279 8811 19084 4322 7119 4317 8942 19215 4315 4310 12073 20808 13500 3227 14581 4308 4306 19335 17816 9707 19980 21727 10128 16044 5483 18439 16217 18444 8171 12970 17596 10091 20364 18098 7312 4295 19138 6365 16638 18668 14491 12268 17508 6311 16584 4263 4250 8797 5204 15477 19032 11078 19237 17140 18156 7883 14499 4226 4223 4723 10357 18940 4959 4216 4214 20942 11139 14475 4202 15723 14048 4175 16530 4168 14434 4161 13642 4725 13571 22130 16773 5556 4702 20140 17180 19405 9887 4120 18559 8311 12734 4104 9116 18183 15310 15998 5725 13172 4083 10207 17751 13437 12010 5601 15874 4538 18199 5490 16100 18148 7875 18722 11072 15746 4408 4052 12220 14323 4050 22364 21296 9022 4039 4032 20349 7132 12832 9100 4014 4013 8892 19165 5499 13023 4001 16662 22038 1492 10165 19997 9724 21982 4698 9351 7055 17973 17869 7596 19327 5116 8913 1341 14231 3958 8756 19029 5308 8214 18487 3936 8298 7358 6334 10532 4980 19850 4396 13471 16268 13045 15500 5056 4673 9474 12607 14415 8440 16424 12273 11276 3893 16011 16783 20377 12680 6664 16134 2206 6707 16980 20264 10991 19298 20671 3836 22187 16677 3833 20026 21560 20988 14679 5005 12767 5069 5278 19249 8976 4595 19265 10477 17167 6894 18080 7807 3812 3810 3808 19202 3803 19336 4620 3800 3799 5800 3796 3793 6279 5159 12411 17820 13658 3756 8962 13587 3753 18287 10271 928 21474 15818 22270 3746 16830 15166 17260 8295 22377 12104 3734 5769 16042 3725 20326 3721 13641 8599 3714 7972 5641 19614 9341 5055 11020 17205 17233 8446 17862 7589 13969 3696 20119 7950 18223 21463 14281 16004 6464 3681 11578 21851 17777 5734 21530 12100 7278 17551 21428 3656 3654 11581 3652 15946 7287 9214 15901 10003 13913 3640 21278 8262 12395 11656 9340 5342 5885 11665 6489 3623 3620 6060 18609 18141 6975 17425 19740 9313 18898 8625 18282 13169 3598 3597 4614 3593 3592 13856 3583 15252 4979 20476 20659 3571 3568 3566 15000 6114 17001 20346 4680 21369 17113 21974 3544 9527 7614 17174 12396 4525 14798 3508 3507 21367 10059 3644 8469 17355 20676 10403 11337 16366 17590 13637 14319 16018 5745 10001 20274 14329 9535 19808 8588 18861 6364 9537 14216 3460 3539 13632 3453 2045 3452 3441 20324 6400 19425 13700 3427 9775 8131 9820 3413 18138 11519 3408 21734 3406 8021 16397 1198 20256 9983 20718 3387 20534 3378 19587 5328 18158 3360 8570 15932 19818 3350 12326 13618 3345 14963 20740 14324 13446 16002 5729 20482 10209 19848 15270 6849 17122 3313 9166 20503 4267 8105 21908 8051 18324 15529 16284 3301 20374 10101 3299 20204 13569 3296 17270 6997 19951 7392 18211 7938 5537 3704 13977 20850 7965 13492 16935 3276 3272 16296 3266 15157 21806 3264 5533 15806 3254 4807 13523 3250 3661 17957 3235 21297 19699 12198 8303 8522 5807 16080 9454 14270 3206 9947 3201 3231 13504 18357 5366 13573 4883 3197 3195 3191 3190 13625 15677 5404 20273 12024 22297 8721 3182 18631 8358 11080 21353 12657 13192 16759 3165 3163 14828 4252 6567 10236 20509 22068 11795 6836 13422 3149 3146 3145 12413 13912 3639 3136 18385 6737 21742 3123 8949 11774 22047 8915 3594 15038 4765 13390 3117 3111 3109 13381 3108 15682 19975 19346 3099 3098 15243 9483 10677 15274 5001 5614 21600 18628 3089 14836 11057 3087 10144 14171 3080 3078 6859 12042 18176 21352 15526 5253 15619 16407 17185 19201 8928 16923 6650 3068 16450 6177 13337 3064 9067 19340 9962 17466 12382 3060 3059 3057 18362 3054 9089 21730 13863 13324 3051 3050 14100 6751 9951 13303 3042 11572 21845 12683 3039 8511 3036 10776 13304 3031 8212 13490 16780 14024 10961 6170 3018 11549 3015 4428 13284 3011 3007 4329 3002 17709 4865 7449 20270 17573 7300 19944 4789 4867 13672 12821 3884 21433 16695 13283 3347 13620 11192 20572 21309 13222 2949 14607 7872 6506 8484 18757 19851 18419 8146 11481 21754 7371 14177 3904 12721 2933 20358 15347 2928 12499 6108 16381 16174 5901 4291 9835 21173 2913 16231 2911 9470 7629 17902 7689 2905 5598 10755 3419 13692 2900 9494 14727 4454 3249 6938 17211 14774 4501 10184 6812 17085 4217 6921 10620 2863 8433 14352 20782 7790 10777 16140 5867 9859 10818 6770 2853 16059 4953 11092 13488 4977 15250 11651 10187 5105 12069 8315 18588 2829 7314 10176 2828 4380 16550 6277 17428 14527 5225 19538 14519 2811 2807 7214 2803 14835 2827 21826 15082 22016 15588 2789 18376 3971 7293 2780 13052 2779 12577 15913 7769 9464 19737 8056 18329 5216 16230 2765 2758 7336 18343 13951 16185 2737 8320 10071 4463 14736 2722 12994 2721 5048 7737 12810 20200 6641 19883 5135 21322 11049 21362 2713 3882 8246 18519 4662 13282 4942 22432 9391 7970 18243 15374 10150 5773 12966 2693 6981 12775 17611 19993 19904 2681 2679 2121 2883 8931 2674 7557 2778 15778 21081 21559 16069 5796 7534 19689 12939 2666 2662 13823 2660 4427 13241 2968 19242 19293 16940 2645 2643 20593 14302 2641 4381 9675 19605 9332 10417 20690 15545 2631 12754 2630 21524 6186 16459 12221 16501 2622 16740 13068 4599 14872 11763 22036 16698 17806 2602 15614 18621 19723 19882 9609 13310 3037 9237 17572 4504 4784 8775 15421 6948 18083 7810 12864 2591 2587 15179 3200 13473 9857 20130 12623 2581 4326 2578 10145 19543 13514 12256 8391 2555 15054 14563 4290 9372 13402 3129 7438 2600 21881 18451 12060 19763 9490 17470 10013 13007 7144 19467 9194 2199 2529 11261 2526 21752 11479 15540 4523 16249 5976 2522 10337 12792 2519 15406 18474 4145 1154 17664 3338 2513 11751 6888 12035 15094 19829 2501 2906 13179 13246 11824 21746 16160 5887 17440 7167 7955 10604 18082 7809 2486 3703 7318 12748 2475 2473 9327 17034 6761 15888 16302 15578 21941 2458 16092 9418 13942 2454 9896 4956 17164 2447 19435 18551 15070 3763 20604 9809 5013 11171 17663 2967 16821 15006 2440 2438 6027 21657 13957 8771 19044 13697 11762 1588 6675 9855 20128 9541 15116 20746 200 17645 7471 21715 11442 558 18388 21099 553 20901 20774 5414 15687 9285 19558 3567 13741 19902 19477 11963 1789 3019 13193 3379 8466 18780 18879 8606 10749 1988 10010 1747 6834 743 10917 13365 3092 18353 10025 4938 20199 1934 21519 599 14741 9654 7227 18007 401 6640 541 15802 19513 9339 14426 3765 14038 20361 9895 21672 8127 3040 20446 13541 21898 1352 13137 4464 19725 17535 17634 7361 20214 4669 9324 10004 20277 15190 20295 8120 20245 4885 15158 520 10595 20868 19421 14334 15800 12324 2150 10770 21142 596 5584 15857 536 5623 707 5323 20584 6009 4434 19695 2077 7164 15662 5389 20650 14047 3774 11876 1603 16864 10780 507 4233 19404 14416 4143 548 19938 4677 9492 19765 18054 2793 2088 19223 8950 16021 14156 19243 9069 14255 3982 21277 7017 17191 13302 3128 18389 9449 13180 6340 9394 4307 10258 20432 15345 6784 10606 10668 15755 20842 13491 3218 1865 6952 12039 8558 13645 3471 12650 17737 10666 19348 8017 18290 13001 18194 7921 22063 16976 4257 4421 9409 19682 9508 4764 14938 10197 23 18564 8390 12012 1838 7683 19514 12443 2499 20832 7233 16507 6234 4482 9569 16553 6379 17430 7157 4800 20061 22402 12129 1856 364 5352 15625 801 16054 5781 10868 15657 7536 2449 4645 19906 4930 6179 3748 19108 8835 13922 22221 11948 15268 4995 13096 2823 12997 18084 22225 11952 10154 10375 15462 15381 8310 3223 3124 13397 18484 450 14838 20250 447 16728 4409 14682 3390 20416 21261 10988 22325 12052 9688 19961 12776 14604 5672 17683 15700 10825 552 20900 15813 13182 2909 3404 4446 14719 9632 437 5425 15698 7556 12643 5768 681 9611 7254 15170 4897 3851 14124 13507 3333 11899 431 20535 10262 19690 4429 10725 452 5539 5440 15713 7466 15246 9000 19632 17275 3512 2667 12940 18027 11985 1712 4742 17745 7472 12559 413 20860 10587 14158 3885 14104 19534 9261 9804 2938 19155 14167 3894 9727 8485 8154 18328 3067 6139 17924 12213 7027 17300 2039 21920 1374 8346 18619 1505 19485 13990 5428 341 17213 20316 14671 4497 8903 19176 3816 14089 22251 17263 6990 5752 15926 18850 13763 5626 15899 539 10812 21205 659 15920 16329 1068 21008 10834 16730 5913 826 7024 6925 17198 1937 21070 10797 5710 12274 2001 17262 22349 7088 6544 11631 6627 16900 21987 22185 1639 9797 19225 12154 1980 1798 12071 22245 6885 17158 14856 4583 19844 1923 8164 16881 11794 17067 19051 6741 4028 19289 14202 12115 1842 6929 19005 8732 15490 6721 16895 11808 20964 418 5132 5464 10551 5599 15872 320 10593 419 4804 14978 12567 2294 12468 8517 11056 16516 11529 21901 1355 13621 8907 5257 435 20915 10642 2825 21684 6129 8486 5297 2855 13128 8041 19658 4397 14622 19709 10395 5780 19922 4661 17526 12812 14128 14227 3954 16036 21046 16058 5785 21244 698 9664 19937 10404 20677 10602 329 20191 9918 9819 20092 18040 12953 1541 21889 18222 1612 4177 20412 17996 18095 7822 17798 6805 11991 22264 1718 3857 19118 8944 7584 2055 1328 11403 21676 3357 432 10705 904 7946 18219 7579 17852 17932 14032 15865 21150 604 3415 13589 8028 2404 2942 14646 9559 10350 20524 16194 479 16978 7247 2160 12334 16866 22151 1605 12781 17495 4439 2635 15539 10452 12019 5637 16248 5975 888 16149 15403 5229 10217 20490 18604 20028 9755 8083 5726 13643 8457 18730 11247 15961 21048 700 21286 6025 4624 14936 20023 5508 12673 2400 16066 5793 9662 19935 9761 14848 17578 12590 2317 18943 13955 3682 2444 11163 890 10965 21238 21759 9974 12367 2094 15656 20743 16146 5873 21332 786 15928 5655 568 2284 12458 14541 4268 4404 14677 9590 17404 7230 3847 21109 563 5551 15824 9871 4655 10881 21154 16393 16188 927 7408 12495 19930 9657 14744 14043 3869 8956 6972 1885 10609 336 5829 21288 742 6125 16299 19862 14874 4601 4302 19662 9389 17267 6994 17168 2783 10118 13067 7881 18154 7980 1103 20504 10600 327 21940 2974 4192 9279 20511 12143 1969 16857 6683 20904 10631 358 21164 13213 303 18020 7747 16846 5192 8387 16303 6030 15458 10272 20545 15602 5329 20689 10416 20590 22340 12166 19589 4328 3090 2997 12545 2272 12446 9149 10680 407 5494 20755 2764 7816 2729 9255 19429 14282 20833 10560 386 2043 7031 17304 12217 17403 7130 8300 18573 13585 3312 6202 1115 16376 19189 14201 3928 14102 7475 12661 2388 8136 18409 11240 16327 13597 8510 7985 13171 2898 914 6001 11088 8895 13982 313 17779 14134 3861 8948 19594 9321 14507 4234 4325 9412 19499 2018 13932 3758 19019 8993 14080 19343 17831 7558 19978 9705 14792 19879 2331 14672 4772 15045 15144 4871 19759 9486 21858 1312 16672 6399 16573 8418 13095 5981 21242 17769 4433 12175 22448 10663 15750 2929 9155 19428 9802 20075 14988 9455 20232 4872 15145 7634 17907 12820 22320 12047 1873 6861 17134 22062 1714 10303 17374 17473 7200 22461 15017 9930 15561 8998 19271 18525 5287 15560 6132 1045 534 5248 161 9106 4019 22085 16998 22184 11911 20318 13631 11274 1100 414 5501 2771 7858 312 15672 5399 4729 19990 14903 11642 3121 17138 4508 14781 6391 21652 11478 20218 10044 703 21051 5790 4572 14845 19194 8921 18349 3088 13262 12050 17137 17007 22094 17106 6833 19796 6085 998 3006 13279 16478 2025 22310 12037 22409 1863 17223 6950 11666 685 487 21033 20378 10105 18033 7760 2673 17752 12665 12764 2491 8324 18498 5144 15318 549 17048 11986 15934 10748 21021 10399 10370 10794 13151 5415 15688 14176 3903 14077 21224 14502 4229 16676 16775 6502 17659 12572 17758 7485 12671 2398 8316 17909 15552 6504 16777 3921 7666 9583 3919 16549 6276 1189 21537 15704 10960 687 21035 2220 15853 8614 8802 19075 19174 8901 20830 10557 284 10359 20632 2131 12292 2019 9699 11492 16816 7202 17475 7301 2214 1685 2431 17692 14425 19512 15544 8758 18186 8713 11915 1642 14904 16265 6091 11277 1004 3635 13908 8821 18736 7924 8717 3630 7458 2371 16681 11495 21768 1420 6497 16770 20619 12937 18024 12813 7726 268 20715 10442 10343 20616 7334 2247 6324 21783 1237 1989 7076 22436 12163 17250 6517 16691 2957 5859 16132 871 11045 16323 6050 21429 883 5040 20804 10531 258 4686 9400 14168 9081 1926 18425 3065 13338 1563 22109 5820 16093 21180 20475 10202 20376 15289 5115 4343 12440 17579 13253 6313 1599 4767 9355 19628 10842 569 12354 17446 7173 2086 4209 20708 360 5447 6814 17087 12000 14311 19497 9224 12332 19776 14451 4277 22005 11732 11831 1558 6645 993 20913 2057 22405 17318 9128 7100 17274 12840 2567 9638 12881 21313 11040 3839 10910 21282 736 9663 20180 15192 4919 2102 14349 5559 274 20820 15733 2813 15717 11652 1379 4135 14309 8893 3878 19891 18544 8271 3184 12551 2278 7365 6695 16869 22055 11782 439 10712 15799 20297 10024 20198 19228 5086 16352 18891 8618 6261 1174 9689 261 5348 20609 2325 17685 7412 18227 12006 1733 6447 11435 21708 5422 3708 13981 14668 12311 3752 14025 19112 9143 6594 16768 16022 16263 6089 21502 11229 956 20548 2 406 18546 8372 2047 22395 7834 14905 9818 11624 1351 6065 8700 21565 11292 20010 10582 15768 5495 10491 218 9087 3901 14174 15844 19046 8773 13487 14922 4649 16375 1114 6947 17121 21933 1387 6474 6661 1574 12622 7535 15449 20734 188 4803 15076 12666 2492 21891 22089 1543 15256 4118 16151 5878 11329 1155 6242 2153 10142 20415 20337 6807 9164 8766 7067 17340 7166 4786 10066 4880 15153 8957 19131 10678 20951 21149 603 3548 13821 18187 14271 19358 7186 17459 12745 21218 4858 3172 13445 8259 18532 20478 15391 2168 12715 224 10497 2532 9608 19881 16276 21089 10816 13321 8607 15447 7531 17804 2970 8057 13144 10041 15227 4954 15128 15586 10499 5412 14505 4232 17540 2279 95 20443 5083 15356 5202 15475 20661 10388 6047 11134 6558 10899 174 1225 6173 16347 3443 13716 18902 8629 12685 2412 17673 8672 18945 3585 13858 20635 10362 89 2775 13048 13147 2874 18135 2416 14340 19427 10471 20744 198 15459 5285 464 20812 14181 19601 9328 6126 16399 21486 6575 1488 4357 16026 10939 6045 11132 21159 613 10886 5700 15973 8529 3343 13616 13899 15992 5719 632 7604 17877 7703 1968 12142 9174 19447 14459 4186 9273 5910 16084 13826 3553 5097 15271 82 15343 1917 13682 3409 13550 3376 14659 81 16636 1375 6462 3990 9077 2437 10353 20626 80 21568 6307 11394 4224 14497 14220 15339 16723 15604 665 21211 16223 5950 18699 8426 10783 5597 15870 13294 2465 12738 12837 2564 1620 22166 9197 16439 6166 1079 20308 10134 11976 1327 6414 410 16621 6348 17994 8566 19045 21045 19474 14486 4213 1621 6708 10853 580 22235 1689 16950 19030 8757 13943 3670 18931 22232 1686 10269 20542 5156 69 2428 11856 8654 18927 8753 13939 3666 14213 10344 71 5158 19780 3281 18542 18265 7992 13079 19777 14841 4568 19555 9282 3731 10682 409 5496 12293 2020 14551 134 1187 16448 2699 12972 6318 12419 2991 12960 18047 7401 17674 2314 12587 2413 1175 11349 9758 20031 12996 2723 5030 10117 14458 19545 20825 279 8862 19135 5535 15808 18129 14161 21572 21047 501 15861 5588 19598 18214 4072 19333 9381 19654 6112 4128 7422 3094 2995 13268 3622 292 19148 20811 16097 18454 13540 8453 4112 15152 4879 20711 165 10339 5849 18479 8206 13765 3492 16610 6337 11325 21598 21697 11424 20894 10621 348 20696 5435 10522 18648 19493 9220 4133 13656 17056 20147 9973 13921 3648 15433 14463 4190 9277 1061 11136 21409 18405 8132 7759 3004 10920 647 10518 21819 1273 10701 21073 527 19712 10284 12031 4915 17819 15174 13790 6719 12101 22374 7113 12200 3521 18782 12674 7587 3246 12684 7139 1953 12226 2052 20047 9774 14813 4540 14714 5360 15633 3848 17762 17861 7588 19702 10625 16085 9373 19646 17289 4305 11058 785 235 20781 15793 5520 334 10607 7473 2386 6053 13538 18724 8451 7136 7828 12542 7356 17629 6302 8763 15121 10034 7080 1993 12627 17813 7540 12726 2453 2348 1903 12176 22449 2101 7188 4274 14547 18213 7940 123 411 9839 10100 15187 16551 12682 2409 52 20400 4084 16714 6441 6342 16615 20749 10476 203 5290 5246 19388 4127 19983 9710 12197 19505 19604 9331 21862 649 5736 550 10823 7553 17391 4779 15052 12695 15897 5624 10612 20885 11098 21371 924 11197 19014 11946 22318 1772 14439 4265 19526 21510 10570 297 16796 19184 8911 19525 14438 49 17740 18727 13739 3466 8553 3340 18601 1650 22196 1569 12 14154 8354 15425 16863 1602 4739 16524 5091 15364 22435 17348 2087 22369 2021 12195 9739 20012 332 20779 10506 5419 5046 10904 10579 6333 16071 10984 16170 5897 14267 4093 17594 7420 7237 17510 20712 10439 2838 13012 3113 17255 12168 961 12181 9824 19998 6914 17088 22175 7878 22020 11846 1672 16933 13843 12331 2058 19950 9677 14764 9074 19347 3987 14260 19082 19903 20002 9729 7273 17546 10475 5822 10909 3879 18021 2760 7847 7347 2260 10382 20655 307 5903 16176 915 9105 19562 19643 14495 9438 19711 4351 14624 7081 17354 9964 20237 4877 15150 10063 15523 21927 1381 16642 9144 4057 5636 15909 6481 16655 13347 3074 13248 19714 4453 9540 17357 10618 20145 9872 4785 18644 13557 4502 13791 19476 13525 17940 10496 512 5500 15773 20213 9940 20114 19368 16310 6037 11124 21298 16211 18919 14205 19292 7768 10528 20801 16833 14273 21344 11269 996 16630 11543 6456 14870 7961 18234 8060 7086 1999 388 5376 15649 20835 10562 6614 16887 8506 18779 12553 2280 17640 7367 496 79 10253 17423 7150 3859 14033 15644 18985 8712 3625 3153 13426 8339 20334 15620 13263 13074 7987 4048 13059 13158 2885 3631 10702 528 21592 1244 11418 6 20354 15267 559 5646 9987 21713 16626 19356 17536 20367 15379 5106 8552 18825 8651 21243 21342 11069 11815 7426 7799 7877 12964 10234 21533 21632 1086 11359 16700 6427 16601 14648 9561 19241 8968 14055 18396 21215 867 10863 590 10018 4931 2570 12843 14454 4486 11458 1185 21731 15590 5317 17102 17411 7138 1952 12225 6019 8664 5462 15735 10690 417 12066 6880 17153 4987 20248 20347 10074 6096 5997 16270 2282 7369 8644 18917 8743 21584 11311 272 2629 18155 13205 8584 13671 18565 13478 10276 3 21187 10914 17912 15986 5713 20368 10095 17447 8019 13106 13578 3305 16111 850 18468 2525 7612 7239 17413 2152 9596 20794 248 20596 8634 13721 18062 20969 621 9946 17671 22385 8243 3156 13535 11488 11389 21662 20652 10379 10478 205 14241 19328 19375 9879 20152 190 8049 18972 3711 22174 11901 20662 116 5203 2876 13149 16742 6568 1283 21829 7995 18268 16861 6588 19852 9579 5139 15412 6899 17172 12194 22467 7206 2583 12757 17844 21850 6589 3933 14107 16563 6290 5445 15718 378 22421 2073 12993 2819 3945 14218 19627 16536 11449 3906 14179 9709 19982 14895 9808 8197 10554 15641 12911 20646 100 18953 19052 8779 1230 22443 12269 6539 8514 11563 13920 9206 9107 19380 16277 1016 2773 21002 10729 2597 22298 12025 3706 8793 13134 18221 1159 4262 9250 19523 15049 18251 7978 945 20076 15362 12500 3628 8023 18296 8868 19042 13582 17483 7210 139 20487 15400 6008 21467 921 17370 2010 12283 19588 16074 5801 714 6075 16348 6454 16727 6553 1268 21814 3972 9059 6329 3127 13400 3896 11718 6720 16993 14435 7364 14164 3891 4738 2103 19387 20799 10526 15613 18442 8169 959 20660 10387 20071 4810 14436 4163 13783 14698 4425 19686 6226 13297 473 15734 5560 2830 6699 16972 385 18716 8443 13530 18617 3356 3729 13157 791 21337 989 1636 11909 22029 18991 3977 14250 9163 7179 2092 20083 10394 121 19629 9356 20375 10102 4916 15189 19001 15409 78 20624 6207 3530 9756 20029 15041 4768 5205 15478 10391 6272 16545 11557 1284 15033 4760 2403 5034 15307 15485 5212 20691 10418 46 20592 16519 17364 7091 22451 1905 12178 4873 20134 7460 18936 8663 10280 7 10082 20355 12898 15258 20444 10171 271 10544 20916 370 21523 977 12762 20525 6659 16932 22019 19919 11336 1063 21411 6150 8266 18539 13452 12018 1745 22093 17105 6832 7545 17818 17917 7644 4106 2476 12749 1829 13511 15868 20724 15736 5463 15637 4225 4126 14399 15368 7470 18560 21536 3963 9050 14049 3875 19136 16406 16505 6232 21493 8838 19111 4754 40 4476 19735 9462 34 2252 18548 8374 16191 5398 6606 4249 9336 8118 18391 3130 5761 16034 10848 575 21121 9420 19693 14705 4432 16590 7162 5799 16072 21357 811 19274 9001 3815 14088 9580 2509 14143 10175 13779 8692 18418 13331 3735 13909 167 7611 3270 14262 14361 4088 5512 15785 10698 5611 13428 5337 151 10424 12130 7043 12229 1956 11727 1454 13239 10588 315 5029 8788 7259 16823 11835 1562 11755 17314 7041 1954 2596 12869 18055 7782 16763 6490 699 10972 8159 18432 13444 3171 9235 5908 21169 17350 16797 14402 6432 14348 4075 33 2124 15826 5553 839 16199 5926 2558 12831 20594 8245 3158 13187 8100 8473 3386 6116 11203 11570 21843 4499 14772 902 13532 3259 17325 18097 13756 15716 5443 21275 729 15990 21077 10571 15757 5484 16130 5857 16031 12928 13027 2754 1618 3975 21936 1390 17889 13175 13005 2732 12353 9034 16105 16204 5931 14718 9159 19432 8755 6398 9033 8934 19207 12235 1962 9764 20037 13774 3501 5858 19583 10155 12512 3779 21968 1422 9104 14191 3494 19020 16496 6223 6612 21972 11699 17507 2246 21112 21310 11037 764 3867 10422 20695 11548 21821 12872 2599 22300 12027 22201 1853 22186 1640 16901 9111 19384 13551 3377 13776 2686 5746 16019 237 10411 7308 2221 19093 3733 14006 15783 5510 20771 7867 2736 2637 12910 4248 14521 9434 21780 11507 6321 16594 12481 2208 17065 16537 6264 16815 6542 22001 11728 1455 20289 10016 2572 3608 20107 15020 9933 9848 4761 14562 14661 4388 9475 3449 9661 10784 511 16593 21779 11506 6419 18950 7165 22426 7618 7519 17792 13073 13670 3397 2841 7928 13194 7335 17608 373 10646 20919 19407 9134 14221 4420 16205 6031 15098 4825 9539 11150 111 20793 247 1485 18006 7832 2460 17721 19804 9531 6064 16337 10072 13755 280 20826 5565 4191 14365 16894 6621 16795 11807 22080 1534 13232 2959 8277 3563 11228 6141 19873 9600 21527 16813 21900 4212 3902 19262 8989 2961 13234 13286 15643 16688 4903 14331 22176 1630 13233 3176 11273 15028 4755 14929 5896 10884 21157 9002 19275 14188 14561 6930 14483 9769 10047 9948 20221 2877 13150 21540 2311 12485 17269 2008 19626 4266 14539 4548 14821 19908 22445 1998 12271 3496 8613 12145 12894 2365 2266 12539 5821 9367 19640 4379 12416 6857 17130 17229 6956 15626 10638 365 639 10912 10813 21086 19326 9053 5268 18714 6154 1067 14070 3797 19157 8884 8448 18721 10405 132 10433 160 16520 1259 12651 2378 17639 16380 6107 9248 1053 954 11227 21060 514 15775 9097 19370 9196 4010 14283 21356 5557 12628 17715 8456 18729 9301 828 6373 1286 11890 9035 19209 5833 16106 845 1964 7051 18153 2892 20510 13439 8352 18717 8288 20433 5172 6291 21552 13484 6413 16313 6040 20182 3269 13443 7983 13070 3221 18482 19 10292 283 20829 15841 5568 21674 11401 21575 3624 13897 8810 2112 9183 9084 19357 14369 4096 17780 3638 15110 16229 770 21316 6055 7212 141 321 5035 10122 2328 7415 18827 16470 20113 15125 4852 15399 10419 20692 146 15506 5233 6562 22021 11748 1475 17208 13339 3066 18327 10731 458 21671 8194 3107 19979 14991 4718 1123 11297 17622 1071 15213 19372 4111 10208 20481 17720 7447 16472 8655 22237 17150 18608 8335 15395 5122 20703 157 11785 21213 5952 18200 13113 1701 120 10393 5207 15480 11238 965 6052 16226 4461 14766 2981 11467 21740 516 10789 5603 15876 21712 7935 18208 6545 4188 349 2474 12747 12846 2573 8406 9934 13447 3174 18435 8261 9046 19319 19773 8754 19027 13940 10444 171 2544 7258 12345 17100 9184 19457 11817 6730 8302 173 10347 4878 15151 10983 710 18800 7015 11734 10962 21235 16148 20568 22 20469 10196 7093 436 20784 8781 9795 20068 17988 18087 7814 6203 2042 8268 18541 13454 5911 16184 7642 12729 12092 6285 10453 180 12667 17853 7580 5596 980 5631 7143 17416 2999 7023 17296 12209 3154 18415 22010 19957 9684 3900 14173 10457 184 13143 2870 12150 18512 8239 1168 11342 970 21516 15929 21016 5983 896 11070 18966 15097 4824 9911 449 4417 9877 4691 14964 1357 13142 2917 10728 455 21668 16680 6407 9330 6501 16774 1513 22086 11813 1540 9998 19426 17069 1834 22380 19901 9628 4541 4636 9723 18090 13217 21133 10860 3366 13639 3491 14902 9815 8204 16608 1347 15183 4910 15084 12593 17206 6933 11921 22194 12119 1846 9832 20105 13879 3606 3220 8307 5577 8299 20084 5942 21401 11128 855 8210 18483 3222 5306 15579 15678 5405 21138 10865 691 14266 3993 19353 9080 4907 193 15512 1370 16631 11674 1401 21749 9984 20257 4996 6115 6016 16289 12556 2283 20562 16 10190 7087 5541 14969 9783 20056 7898 16960 22146 11873 12678 2405 8691 16746 6473 1386 20699 8698 1627 7853 18126 12442 2169 5064 12135 7951 18125 8512 3798 10057 15616 5343 13709 8523 18796 18701 15292 5019 1274 21820 8690 18963 5339 6587 11773 1500 10456 20729 10555 21280 11007 5920 5075 15348 5448 15721 20907 361 10634 21675 1129 5843 756 21203 10930 1037 21583 21781 1235 1136 11409 12155 5828 12899 4941 227 7990 10249 136 10310 10211 20484 2417 7405 17678 12591 5644 15917 3375 13648 22330 12156 15259 8999 3912 4926 20758 212 21425 9138 302 20848 12496 17583 338 15980 148 20694 15607 18416 8143 342 14467 4293 21538 7396 21420 11345 1072 10480 20753 207 5294 8072 13159 14350 20754 208 21065 6710 4894 15167 2181 8119 2344 2245 12518 897 17396 2135 20836 290 10365 20638 191 10464 12075 17162 3062 7776 14684 4411 14585 11482 515 10788 16936 6663 16091 21376 830 11332 16518 6245 19248 8975 22401 343 10616 11199 21472 20100 4839 20945 10672 2756 13029 22100 22199 11926 3456 13729 13828 3555 16086 9363 3160 14035 3762 19023 13521 8807 3720 15878 617 10791 3499 13432 14016 19567 14480 13480 18567 573 574 20914 21643 16556 21125 579 9768 14855 10855 582 21029 10756 17549 2288 13808 8622 18895 4818 14992 19442 21130 10857 584 3142 5312 15585 18354 8081 11681 21954 1408 15518 4643 10302 4955 15228 21139 593 20902 15014 4741 6717 16990 4227 12084 6898 17171 1910 6308 21767 1221 14687 4414 9501 11538 21811 1463 16330 16987 11801 22074 17490 13414 3240 7750 18023 21146 10873 600 20948 6665 16938 1677 17684 7498 3536 13809 408 20954 21838 11565 1193 21739 3780 21813 4372 4273 14546 15265 20451 10178 1674 10519 20693 14079 3905 11617 9456 4991 19063 16491 6218 21578 11305 6119 16392 19013 8740 1468 11741 1567 10889 616 20312 10039 2969 18078 6167 21339 11066 892 6294 1207 1161 963 21509 17614 7440 7019 17292 18805 9242 625 21859 1313 11487 3916 14189 19276 4015 10901 628 5715 629 19874 16210 14633 4589 16350 6077 8880 19153 21181 10908 635 10916 643 12053 8832 19105 3745 14018 6739 17012 8363 646 15907 960 21506 11233 8330 12606 651 13120 4827 12338 653 16661 6388 12835 13520 12180 1907 22453 14951 4678 1031 21379 15804 20990 444 10717 2901 13174 7298 2211 2566 8601 13712 662 21160 10887 10986 713 5701 15974 10235 15322 5319 15592 10505 20679 1 20547 21620 11347 1173 6260 16373 6100 16359 6086 13357 6235 12204 1931 17291 7018 6370 16643 12521 2248 12436 2163 19548 10257 20530 15358 674 17896 7623 11571 6484 16658 18410 15025 11775 9714 3334 16787 11799 1526 7103 17376 17943 13016 12672 2399 5163 15436 19113 19212 8939 4205 6164 16437 11350 3683 9229 21447 11174 901 421 20967 21579 1033 11224 11323 1050 17708 21841 6580 22347 1801 6378 21837 1291 17864 20752 10479 16413 1152 2881 14733 19820 4559 17468 2207 695 19830 19929 9656 12610 22027 11754 11853 1580 7054 6955 17228 1681 11954 11855 22128 3540 12250 22424 13619 13822 3549 6666 7033 4242 11715 1442 20392 17649 7376 20402 15315 15414 5141 15231 4958 8000 18273 11195 11294 1021 19021 8847 8467 9506 8727 8917 20465 19393 14306 16916 363 10636 13421 11905 1731 16384 6111 11603 13022 2749 21581 19092 6387 16660 8272 14371 13166 7231 4259 14532 4358 16357 1096 6215 2752 13025 17530 7257 12344 9488 11044 771 21317 21416 11143 5357 15630 15729 5456 10543 7241 2154 14240 542 21088 10815 16001 5728 20992 13245 14476 4203 11705 6519 16792 1333 21879 9715 19988 14057 10978 705 21152 606 10879 21328 782 10956 16043 11193 3828 17941 3005 6496 4650 4551 14824 9957 19364 14277 8501 18774 16344 6071 9519 19792 3242 13416 8230 18503 1981 12254 18514 8340 15290 15821 21007 461 10734 716 3110 13383 6635 6623 16896 9653 4918 19578 13306 17815 7542 17716 12629 21782 21980 1434 14041 3768 14750 4477 19738 12014 22287 1741 6874 17147 16668 15790 5517 9276 14363 727 5814 728 15989 3773 415 2024 22372 16444 1183 7648 14901 4628 12144 5480 294 10567 737 10911 11927 11828 22101 20239 2421 7508 7409 17682 14118 3845 3707 5498 15771 16246 492 21038 7710 2623 2524 12797 12681 4536 9623 13320 14455 6271 5732 16005 14358 3318 8405 17486 2225 13777 3504 18765 7694 17967 4625 18894 3633 10957 19913 9640 19840 17156 6883 16982 2029 19823 753 8325 13412 15760 5487 15661 1460 6547 3193 13466 13565 3292 12371 2197 21630 1084 7456 8590 18764 7827 11028 755 21103 16469 6295 19079 1247 10148 20421 757 21445 899 11939 22311 1765 21589 21688 11415 1446 16707 21777 11504 1195 17016 6743 1656 19530 9257 21961 4171 14444 14543 4270 12491 2218 11041 768 5855 10610 337 20883 11223 1049 21745 1199 6286 17901 7727 769 19701 9647 15324 16611 1350 1217 21763 11490 12492 2219 21324 778 22193 1647 12369 17456 17555 7282 7691 21225 15036 4763 18620 8347 12636 2935 13208 17032 7368 5961 16234 16048 3339 13612 16566 11063 790 13757 11065 792 11067 794 10608 17345 21341 795 18117 13824 7128 21346 11073 800 4892 16121 5303 802 5889 13960 11296 16383 2814 4123 14396 18002 7729 8007 17283 2022 13890 11881 11980 1707 6629 11081 808 11551 1278 21824 8665 8647 9287 19560 7661 17835 4184 14457 12466 9674 14198 4024 11599 820 10994 3394 4888 7444 2357 5927 21287 11014 10915 21188 19940 9667 18149 20292 10019 18279 1504 21254 10981 2652 12925 8681 18954 809 21355 5390 15663 14413 19500 21603 1057 6144 11859 22132 6772 17045 16428 969 21515 16455 6182 14812 21894 16807 17661 7388 17562 14099 3826 14000 15937 10850 11802 16426 21612 1066 11339 21711 11438 1165 12280 17367 14833 4904 15177 10090 17511 10324 20597 20442 5082 15355 22288 1742 11120 21393 847 6850 10944 21217 8723 22450 1904 18413 8140 21408 862 7574 17847 2586 5180 2358 3821 14094 14193 3920 17656 2395 2759 13032 18119 18969 21265 719 10992 5053 15326 2159 12432 2258 22328 12055 1266 2703 12976 17284 7011 14795 16969 16538 4925 6253 11241 968 21514 10341 20614 7803 14576 19663 18797 17898 2538 12811 17997 7724 20634 586 21132 2843 8990 19263 19309 9036 2846 7793 18066 11892 1619 2236 18769 7265 20117 4856 14343 1325 1226 11499 903 16971 1611 11884 1372 21918 20644 2151 2852 18212 7939 16877 22162 1616 9852 8312 1467 22013 20714 10441 19164 8891 19065 11677 21454 908 2187 17547 7274 17448 2268 6671 16275 12999 2726 14753 4480 21281 735 11008 4150 15915 555 10828 11970 22243 5077 4978 15251 10065 20338 2514 9597 12838 11183 910 21258 5998 21458 912 10771 17796 12709 8687 18960 19894 9621 11574 21847 6416 16689 21964 11691 21196 10923 14890 4617 4364 16305 1044 16308 8202 16999 20735 10462 1987 11516 11615 1342 3890 8394 936 16197 9403 22153 11212 21485 939 14738 6626 16899 8729 3642 6121 488 10761 20278 11745 6559 16832 6217 14456 4183 13950 2788 12962 19158 8597 2012 18731 13644 14986 4713 2761 11998 7778 1950 17310 7037 12124 21503 957 16317 6044 12445 10179 20452 2690 6904 4332 14605 12243 17429 7156 18841 8293 1112 2345 13736 9318 17612 15676 5403 12079 6992 6893 17166 9924 16267 4134 19395 16179 3805 14078 8991 18500 7643 21695 11422 3909 8996 2916 13189 1960 12233 17419 7146 17320 6571 16240 19465 4350 4475 3599 18860 14042 986 22238 6366 16540 20074 13216 2943 7649 18088 7815 13622 3349 21543 997 472 21018 16521 1140 5350 15623 20008 14921 3607 1005 16365 6092 16632 6359 1010 911 11184 8980 11146 6059 6191 21650 1104 1012 6099 10212 20110 4849 20039 9766 21969 11696 7035 22286 484 21030 15943 3691 13364 3091 4701 18039 21758 11584 4616 12614 2341 21573 1027 4030 14303 19390 10763 21036 589 10862 14084 3811 19876 8237 3724 9953 17125 2624 15003 19365 11219 21492 1144 14678 4405 1759 2238 12511 6185 21585 1039 19704 14716 4443 9530 3320 13593 18680 1469 22015 16928 9476 19650 20205 4845 15118 16125 11038 15376 15680 5407 6013 16187 16529 6256 15448 21594 1048 16309 17778 12790 2517 12853 2580 609 10882 11333 1060 21608 1062 20319 15219 4946 10033 14253 6958 3787 15351 5078 1525 11798 1624 21616 1070 21621 1075 15397 5124 1622 16883 17369 4260 11275 6168 21628 11355 1082 983 21529 11256 13510 21914 11361 1088 6076 16349 2166 17427 21179 3922 21769 1700 6746 16920 5516 13702 2644 12917 2977 13250 7283 17556 21459 19349 9076 22137 11864 16951 17575 7302 19247 3046 14629 21895 1349 21648 1102 1108 10287 13006 10227 9182 19455 14368 11443 3764 19124 8851 19025 17839 11386 1113 3115 13388 14359 8447 16411 4335 14509 13356 3083 19768 9495 19669 4035 19296 16839 21633 1087 11360 11459 1186 2831 13104 13203 2930 17154 3562 13835 17482 7209 8624 15483 10297 20570 1119 21665 16578 18821 8548 13635 22195 11922 6835 5065 15338 7065 17239 6636 1549 7598 17871 13947 3674 3038 12212 6638 181 20727 20581 1134 7381 17654 14362 4089 8706 4581 21689 11416 1143 13728 13827 3554 21984 1438 16699 17094 1833 7245 17518 2257 5471 14865 5022 17559 12549 7462 1160 21508 1163 8254 12173 22446 2936 15859 10673 20946 1172 17838 2478 12751 9995 20268 19706 10315 20588 21724 1178 18237 7964 8967 19240 21726 1180 21627 1081 11354 13801 11268 5100 15373 9599 19872 4611 3329 5232 6384 14389 4116 8256 1210 18456 8183 7413 17686 12698 2425 8652 18925 1216 2585 12858 21764 1218 21566 4173 1610 11883 22255 1709 17457 2196 18074 7801 13040 13139 2866 16035 10948 12118 1229 11406 6319 8174 17477 7303 12390 21786 1240 11977 1704 16965 21913 1367 19117 640 21186 12988 2715 6592 16865 11679 21952 22150 11877 1604 13346 11522 1249 5922 16195 6021 2781 7127 17400 2139 7226 20249 22404 12131 1575 8612 18885 20287 10113 12448 2175 17696 2435 3454 13628 13699 17120 17824 7551 7452 17725 2415 7869 18043 4876 20359 2820 10796 17603 20025 9752 14839 10626 353 20899 17264 7974 18247 2986 21840 1294 1783 12056 6969 13983 3710 7153 12339 2066 12141 22414 12380 6022 14091 3917 11580 1307 11382 21655 11583 1310 6298 16571 2362 12635 4107 14380 7331 17505 10246 5062 2618 12891 17978 10316 20589 20254 9981 4769 15042 20366 12949 18195 9461 21877 1331 1232 11505 8611 19910 9637 4451 14724 3407 14691 1431 21977 17257 16679 6406 21884 11611 1338 12421 2148 2049 12322 5747 16020 10933 14353 16165 5892 10880 21153 10870 19750 2310 19509 9236 11636 1363 11968 1695 942 21488 11215 17406 7133 12319 2046 6738 11924 1651 1552 11825 8576 11626 1353 16614 17271 18912 6332 11419 1361 319 20865 2385 12658 2584 17036 21917 11644 1371 3112 13385 3809 1376 7564 19989 9716 1380 11554 20115 6965 17238 18094 9088 19361 17145 15404 20033 9760 4574 14847 1462 22008 11735 15296 5023 12164 1891 22239 3511 13784 468 10741 15828 17811 18653 8380 16806 9382 19655 1396 14430 1398 8419 11753 22026 20949 3772 8859 16634 4068 1318 11591 18316 11678 1405 1306 11579 15924 4091 14265 18318 9961 18683 1412 11687 1414 20654 9816 20089 4828 3431 8319 9728 20001 22053 11780 5902 1435 18315 13816 3543 2036 17690 3736 17006 6733 11919 1646 18980 21383 1457 11730 18261 7988 13075 13072 2799 8349 11729 1456 15738 5564 22381 1835 9172 8462 2976 13249 9468 20294 5968 5014 1486 18163 7989 7829 16525 22455 1909 19623 9350 12887 8659 18833 6220 1034 11307 14544 4271 9358 3991 14758 9262 19535 11770 1497 15160 17230 6957 15401 12123 22396 4026 14299 9259 12239 17929 7656 12842 2569 22064 1518 9366 15660 6599 19391 1527 19843 1532 7279 5985 3302 19816 12072 22444 12171 1898 18422 15147 8160 18465 1238 11511 19011 9736 20009 6323 6224 16497 4929 15202 8461 13548 11830 1557 7627 6288 7688 1564 11838 22111 1565 19246 22114 1568 7251 17524 15137 16057 6931 17204 18675 8402 6471 1285 21831 11558 14994 4022 14295 9109 19382 8642 18915 2746 13019 9333 15263 4990 21464 11191 1593 13775 20242 15254 4981 17009 6736 8825 3326 3505 18056 7783 18009 18291 8018 22161 1615 10959 686 21232 14382 4339 13567 8480 9211 8744 19017 13930 10327 1625 12290 22177 1631 9274 5532 5433 15706 2656 16511 6238 1637 8472 8373 18646 17046 22190 1644 8582 18992 8719 11925 1652 4862 2619 1402 21948 12586 2313 1657 3718 13991 19177 8904 1661 6649 16922 13276 22215 1669 1676 22226 1680 10232 11961 1688 9031 19304 8669 18942 1300 21846 17323 11979 1706 2233 12506 2332 4792 19392 9119 19615 7137 12323 2050 2251 5970 16243 4245 14518 6569 5222 6574 13509 3236 5613 7003 18649 8376 12878 10432 20705 17704 8281 10147 5476 15384 5111 4391 14664 10125 20398 4520 17979 3485 13758 1730 12974 22280 1734 13555 3282 8561 18834 19730 8643 944 11217 21490 6130 16403 9660 9307 19580 12185 12789 377 10650 1755 4556 12632 21906 1360 11633 21807 12732 2459 19969 9696 4609 18951 7059 17332 17431 7158 12406 5206 15866 1411 21957 20396 10123 9794 11421 21694 11331 21604 19193 13958 3685 5668 15941 9521 19794 13615 9822 10301 13590 1792 4585 14858 19945 4282 17464 7191 22343 12070 1797 8219 18492 9011 19284 14197 15467 22355 1809 6896 18591 14873 4600 1815 12093 1820 11994 8848 19121 8198 3012 13285 22376 12103 18270 18744 8471 13485 16119 7936 20293 10020 20194 19213 14999 4726 18929 8656 1832 22382 1836 18464 12110 1837 17197 6924 9526 19799 14867 1339 21885 11896 8922 19195 14560 2467 18513 8240 17883 1861 4826 9298 19571 22413 1867 6954 21728 11455 4644 18867 8594 7607 14740 4467 8279 17544 7271 6701 16974 11788 22061 9719 1888 22447 2099 5024 15297 2776 8787 5991 16264 2683 22430 3322 18205 12193 1920 21404 1750 22296 12023 8551 9024 19297 6142 16415 13453 3180 14462 16694 6421 13889 7836 18109 18469 8196 14466 8705 18978 3319 13592 3418 8361 18634 1958 17219 2487 22076 17259 6986 1124 21670 7062 1975 17083 3561 9779 20052 15261 10385 20658 5866 1972 10819 8314 13424 14223 17741 20045 9772 4685 22142 1984 22332 1991 5643 8013 18286 1788 12061 19822 7859 2534 12807 4558 2005 17266 19219 1813 10318 20591 18264 14414 4898 15171 3071 13344 8596 20193 9920 16219 5946 9146 18434 7952 18225 19024 13986 17832 7559 12467 2669 12942 19652 14565 5386 15659 16141 5868 583 21129 3522 8077 2816 7451 12317 2044 465 10738 366 20912 16925 4793 2054 10244 7105 17378 3401 13674 8155 4466 12386 18657 8384 15611 21214 10941 12341 2068 7326 8679 9883 14878 9574 19847 16576 14351 4078 12384 2111 14591 4318 12306 13669 3396 2533 12387 20871 17390 2129 2147 13852 3694 13967 3224 20929 10656 14145 7530 17803 14411 4138 12401 2128 15894 10566 293 20839 2136 2141 8593 16453 6180 3169 13442 13091 2818 4788 5291 2632 13556 3283 4731 15004 12978 5080 9260 19533 4272 18188 6679 16952 3761 12540 5242 12465 16811 17399 7022 14133 18989 8716 16572 6299 2176 12803 2530 12456 2183 18305 8032 2189 12464 2191 422 10695 8770 19043 20353 2204 12478 2205 14924 18361 3910 3981 14254 18137 6682 2231 12405 13317 18629 21842 1296 13975 22265 1719 1253 21799 13732 3574 12513 2240 2611 2243 21170 10897 18623 6971 17244 15664 5391 15962 4301 14574 2264 979 11252 12546 2273 12944 13894 3621 20435 10162 17115 13945 12826 2553 12573 2300 3927 16852 14276 18611 4584 14857 20133 12737 12849 8476 18749 13811 5261 15534 2330 17991 7718 17928 18099 7826 11291 2367 3953 17982 5721 15994 17082 18712 20429 10156 16919 10483 18875 8039 18312 21911 1365 11638 8604 6479 16752 4972 15245 14328 4055 12669 2396 11993 8926 19199 13041 2402 3643 4094 11981 4065 14338 17977 7704 7363 1756 12029 13544 13094 2821 20477 10204 2774 13861 3588 15212 4939 10037 10858 12700 2427 13088 2815 21554 7779 
