7670 1990 11459 1604 9783 9329
16625 15867 10855 14022 22337 12105
8095 18072 15516 20400 1179 19290
15198 5672 1085 882 6662 14232
12972 3148 872 2859 7419 19459
21384 2230 7061 18327 21133 9013
7423 9751 4505 16201 17903 8797
6164 14622 7233 615 21760 20456
8660 5323 14083 6064 6000 6485
10681 22374 6913 3483 10631 13970
39 19588 18268 13930 3104 19475
10249 8907 22357 22086 16695 12341
21771 21840 4196 1723 1596 3625
1639 17598 18728 1356 15874 8744
237 20320 7311 8187 6194 18032
3238 11585 6618 795 19090 22086
21236 249 20597 6779 6177 18756
3270 486 18021 13636 5583 11087
19870 6158 22092 5984 20062 16287
2909 6340 13557 8155 3193 12040
5284 540 4868 8731 12755 7098
16131 5132 454 2655 2309 10207
18977 2522 21660 20351 7059 18501
22199 6404 21046 21812 19300 4582
11189 9171 9693 3411 4928 13065
5525 5451 763 19425 20834 9473
17088 18622 232 12843 4635 2486
4633 9901 18969 6249 19760 5955
6230 13184 9818 4091 3657 16983
6206 1086 14278 15824 4485 9806
1068 7845 533 13782 15921 20686
5942 17236 1398 19913 2491 7126
12862 16258 8747 18960 2854 4216
8788 14374 6854 19552 4898 12557
17343 11418 20627 5290 14846 1854
318 16485 16941 12886 10081 15705
10530 18411 7528 18341 3624 9205
18612 19741 9446 15437 6433 14884
6395 11177 22392 13174 6927 3208
3279 10444 21746 13601 21350 16356
19562 13215 17603 15480 13492 4773
14344 19028 20493 18918 12551 21015
22236 8614 3046 8433 12041 10141
12163 2558 18927 9829 8576 20426
932 11076 15956 15675 15443 20767
6866 10269 15862 6767 16642 13200
21814 17389 2821 20464 16595 18032
20631 19768 21269 14214 21391 20855
14111 8266 21321 7634 18780 7047
18024 1327 10892 11499 13457 14674
4222 20949 5145 9951 18259 21074
6442 22217 10656 3605 21070 15837
5351 3937 11827 17766 19681 13547
5030 15049 8903 4283 10812 16583
11716 1638 1645 18809 3316 6497
93 963 2701 15031 8733 21632
16628 6350 14319 8110 12270 15712
554 1247 12069 12202 13883 17351
9706 12714 11008 4584 17205 20457
21751 17851 1935 2458 3299 10291
8920 1389 5870 2030 3264 4435
9287 4072 22094 16645 10990 12719
1293 15503 1951 13558 5946 5691
5639 9141 16428 14886 13867 9288
1401 4177 14824 20931 4278 19285
21033 6007 8382 17280 8971 20270
9263 22290 7587 17474 21104 9234
3443 486 2409 21315 9119 12571
8671 8827 11088 14898 11143 18350
18512 14262 11571 769 20703 20429
1111 15401 10567 3522 21291 18215
5987 4587 2921 15428 21201 14357
35 19844 9092 12072 8476 5734
21392 2581 19661 3925 5193 6615
2635 2998 3624 18453 7512 22384
16514 5896 3836 10478 17720 16172
20844 2658 816 1537 5052 7344
4502 1740 21337 11977 10791 7936
16127 20712 15623 7513 14081 20017
277 2126 15694 6626 15608 21295
20105 4540 7054 1505 12909 20222
21491 5946 18578 5974 7675 9851
17178 1731 8931 13700 16714 16317
17370 16791 13323 21484 16507 16781
9985 9361 20931 5065 3421 22017
6095 10119 13524 2300 4389 13500
15129 16927 8551 12010 17371 13405
6502 17126 20606 1269 7956 11167
15337 13164 10525 7548 15203 20060
8520 6605 2334 13822 15775 13131
10458 21577 16716 11678 15124 11029
13462 19483 2040 12337 1518 10557
5799 17295 19615 12919 8733 17494
5823 11721 2238 16047 8723 17807
2830 399 991 12245 17985 5462
353 15153 6617 5519 10293 6857
6612 275 308 423 17258 1138
2474 82 7822 1664 21258 15856
6807 19589 815 22114 9526 10736
16777 857 7131 16241 3850 6748
22058 17274 2543 12895 13351 7266
16485 11529 19079 18370 19353 6437
2709 7648 14353 17149 9365 8409
21208 3356 8718 7130 7224 7698
4397 8912 2452 9444 22434 18733
7247 21284 6238 15497 2755 10777
19119 20863 3393 20689 1013 3413
22435 21356 14464 5611 2074 4771
202 3955 4797 21294 7330 8768
4874 412 4379 11883 7155 13247
3279 8987 20851 22140 1709 2720
568 20986 3031 5774 12384 16679
11767 13790 5609 2615 16126 11298
8678 18007 18327 16442 5689 3904
3663 4804 15503 5551 2714 1511
15447 9368 4922 4241 4250 20208
12911 16545 6316 1739 13108 19088
4755 1042 6071 17650 5653 14617
15785 4048 15103 16644 7275 15154
18 6914 5294 2741 19408 3109
7291 550 5450 1791 13276 16737
18289 5808 3797 16120 12257 9763
467 3955 15756 4922 16966 2426
9500 19499 6606 20745 18667 7824
4257 8129 13246 7518 16996 10417
20842 7462 1869 9771 12277 19464
1599 4580 5027 6598 1507 4736
340 6534 15719 17477 17381 20665
20314 14918 3549 9595 10680 5043
7111 19672 15160 13811 3008 13944
6190 14764 22357 19710 18343 7744
3274 21550 21669 10620 7842 10276
15687 9974 16949 11673 20398 20512
21270 17048 784 6681 16054 17672
19483 286 7223 11322 21933 2108
8977 14453 11917 4280 5060 13171
14854 10057 3932 3558 10014 13561
462 534 11518 9643 16654 11566
5470 14487 8823 8980 12775 16563
1558 11634 20631 18178 10358 21308
7235 18869 6477 11623 16768 9043
11600 20204 6280 4613 10296 19170
15098 3084 4839 13070 21411 21081
8477 17240 1038 6803 8953 16209
1099 13177 17466 13730 15559 15059
21588 116 14895 2544 16119 21697
14521 6338 20009 5092 8578 9026
14710 12272 1409 12518 20495 18771
19292 16093 13019 5114 5697 19339
5989 10755 7802 5315 9249 18907
5460 2824 17453 21310 1697 11517
21740 3713 11082 2105 4216 14203
8194 6557 1516 11468 18091 20304
21820 1249 15870 15166 5319 16227
18336 16650 21180 17435 3882 16006
7909 17421 13346 3681 3837 8278
630 1658 168 10504 3475 19772
11488 22328 21298 3129 5677 9937
15178 2528 16627 11653 16531 22184
18123 7164 10995 11099 9318 18370
71 10436 11193 15884 7935 7117
2736 744 858 12434 11499 2798
8933 13068 1322 4692 19855 17970
22080 13476 15018 18330 880 8728
3774 4269 15870 21081 11799 21653
2594 4477 16824 19883 19162 12384
14666 16938 815 8471 15094 2674
8045 4710 5965 14524 19809 22232
165 3048 9059 20991 5264 6117
490 681 16683 16848 14152 7836
20932 16302 2537 20526 7262 15954
13929 9667 13019 818 15598 19985
959 6244 8494 12112 6505 19592
3230 5387 17975 5308 13008 16430
21211 14178 16931 20752 20747 17609
13194 2736 21830 7712 5565 20866
5019 4457 6681 18434 13450 12028
15604 2710 15037 1871 9436 15783
11001 19884 15596 6896 14062 13842
18079 237 440 2925 2304 16037
1998 2695 5749 13534 6641 12821
1519 15237 11959 10045 6224 5137
2644 21294 16824 5866 13713 12101
14919 8716 3850 11072 12063 13374
591 8048 835 5902 5315 12335
18201 6523 7391 8913 1092 19959
21045 1294 9489 2883 21408 14137
16534 13053 20036 17632 1821 19463
19010 21828 10388 9056 11527 6609
14377 1974 17843 17746 13700 8682
20248 11735 1671 9522 5933 8646
22295 16121 11972 9586 12541 19107
6023 3253 17377 3840 7496 855
1280 20738 5166 2835 3106 16287
6316 8611 4027 16279 8536 17580
16693 4265 5668 13869 19335 22454
9663 468 5254 10054 17338 9862
19588 10061 14496 7854 20201 13547
5093 168 19002 20095 8721 9416
13608 18186 2567 6006 12446 5099
1879 1701 5314 14844 16161 18269
18475 5112 11626 4119 4756 21950
1054 1989 22217 3255 11714 14185
3705 1814 6084 4268 2364 8617
14350 17190 5206 2448 4182 13405
22245 5639 20785 19926 11101 14549
20717 16689 17810 6910 18476 14224
6481 698 8546 16967 18679 19168
962 14256 18855 5052 18047 8276
8277 19903 19275 6698 9771 14715
2202 12097 7998 13948 19644 20197
2284 8071 18732 12108 20384 17276
13958 15638 4514 2817 17004 13013
3630 11479 3745 17886 6423 8983
3576 1850 7644 21829 11715 1982
186 22381 14897 11426 2336 22298
20250 2605 15883 15503 22431 20417
19474 840 12851 12153 815 6739
6321 4378 9422 10804 6024 21137
14260 22053 4237 20804 18793 13660
1086 3743 1449 7234 2711 6110
8501 3713 667 16195 415 3210
20879 9117 719 8427 18481 5042
6625 2936 6097 21445 7954 18756
12486 14958 13179 4428 19612 11819
791 11657 6148 11583 8124 21362
14796 20131 16150 4345 11130 12340
17645 10981 11381 16057 12281 18563
13870 20436 4148 17160 22231 18877
2904 8607 4382 13879 3994 15434
1872 16650 9214 10901 4533 15095
21217 16525 6282 8016 20506 7107
9580 5793 6809 7902 12763 13826
5660 4651 2534 16150 5677 6938
20695 7198 15373 19609 2670 5512
0 14049 16588 19606 5630 21303
9254 2186 21190 14624 11354 5098
20636 19732 21142 6873 12378 17015
18253 14833 20581 12578 14696 9115
18180 13159 16045 13830 1393 9375
44 11416 11033 18833 3444 12718
20951 19583 7249 11339 8448 7748
20388 2921 16576 3453 19858 15273
11 12614 15676 2394 19390 2924
21366 15090 17528 20132 9752 6687
18006 5631 18743 14512 8478 17481
13750 18661 6834 21849 9177 16298
1086 10186 12215 20880 1818 20973
6080 1928 22324 19609 4870 11854
281 745 13425 17603 4726 8399
5896 15524 17764 11754 3376 7730
12759 21639 4035 19687 21176 4770
3762 16136 16224 11586 5669 22038
15839 695 4503 15857 5105 17514
4320 4185 3482 16531 17444 8627
10018 13049 20724 15733 11422 9994
20013 643 5611 14844 9195 10845
645 3044 7490 19827 4365 10121
9839 14891 5449 16683 22014 3018
3521 14117 18263 13883 2108 17124
8767 9412 11355 6576 10378 8398
8367 19198 22188 18760 9115 4613
17683 9674 9018 10927 18629 8518
10959 14694 1319 10925 19047 11910
18427 8139 9824 9204 12378 11407
1965 20650 20015 18999 3183 21997
754 9352 17599 10254 7366 22410
12393 9061 2899 6118 21874 11221
17509 5085 14861 5467 9472 13754
19803 9222 20672 3009 3770 19559
18720 17612 8202 4721 12430 11758
2732 822 3024 10267 4703 9799
5760 8211 10706 8441 9955 8892
15358 12460 16415 6027 2672 22315
11266 19289 16258 12141 19695 2454
6528 21674 17674 21384 10190 15893
8663 15840 18017 2262 6258 9908
18693 14166 20693 3920 3366 9062
15652 11193 14750 21530 3696 13479
5988 1251 1574 6356 20947 22021
20091 15518 8198 1991 7723 10233
19929 2042 3012 16707 14763 20803
8455 22140 12836 20026 4937 15889
12842 10500 20118 6102 21948 13856
9893 16506 12237 6375 7337 13970
14862 8072 2709 6545 18801 14997
15195 4433 453 16833 12570 7052
6219 11759 3513 17021 12611 13545
22228 6784 9242 1830 19822 4332
22255 21277 21468 18195 12063 18879
20261 15586 21431 6506 15558 11739
16052 18644 21699 17776 6363 21706
17658 1762 15780 12119 3734 10485
4795 17859 13637 1563 11941 12685
12429 13095 1366 4090 16728 15010
9850 13893 11767 6253 16704 12717
11719 606 10318 3239 3355 12726
18448 15729 13861 15943 11407 21567
2029 20703 18324 4052 19910 8163
5690 16047 9555 2989 2986 8577
827 19628 3970 8258 19833 21641
14106 7641 20341 8919 17501 14774
1780 15787 14558 8269 19532 21390
5237 1595 19533 10243 20450 18751
13853 12109 15707 2177 16843 15621
11747 10104 18008 9014 16589 18558
12831 13678 546 12576 15722 18228
19422 17375 3548 15902 18045 18501
12408 20465 757 20959 20705 9043
2420 4552 14949 6737 7433 15569
5801 17437 13667 12016 7896 7679
11473 9725 17734 3603 3637 13953
7334 11780 9361 11633 12208 2913
8149 1437 15490 7763 10991 18711
10932 6738 15588 20401 7064 11129
18512 7735 19893 13450 2321 12201
21270 5920 4082 11590 8998 11937
19027 12936 15064 4714 16488 3377
1636 12318 20822 6810 1633 18711
16139 14358 2497 2977 3831 11552
16015 639 15423 20409 1889 11081
22124 19038 3550 10742 19390 19859
5160 3154 15107 17377 3247 20102
828 20956 20338 7589 422 20048
10466 4733 21432 8521 7074 15587
21598 15916 2656 5700 19785 11000
7095 4969 2163 7959 3317 8144
452 7955 7744 21651 12755 13097
8766 13742 11898 1450 9508 14527
559 6338 17599 12219 18742 17420
13627 12412 17316 21117 10300 8053
4473 14455 19645 8828 7557 6531
13776 19470 5931 2054 21766 5164
14686 14163 21191 8998 19073 12122
4323 1834 11986 22391 6197 3511
3137 19072 7461 2795 2995 15491
21182 3230 21552 18004 11938 9722
22181 14245 2576 18466 10056 1830
14356 18645 7600 20846 12506 3445
1494 2286 800 15239 13305 9859
10978 4189 11490 15476 1724 16974
18622 699 15608 19241 6005 17800
4112 4270 18765 10786 11385 17043
8669 11728 8687 5979 8978 7182
19986 6961 20597 20576 22130 21701
3631 4964 12629 19610 16318 7742
10443 22056 8129 2639 4449 7513
20478 830 20814 13745 12184 17278
2124 393 12707 22386 8608 14414
7607 3568 21560 15786 12522 21074
15916 2899 4261 17210 21010 11708
4429 15803 11584 20607 9009 8539
5981 14444 10793 2622 12588 11636
9106 8944 13674 2706 8145 13054
4221 19691 7923 13635 13349 19167
8508 9486 11710 20021 16974 9722
7423 3447 20181 17331 6680 17953
19982 18550 3087 13200 9436 9463
14111 2419 19445 2231 2542 18189
4653 5383 15455 18453 19102 21193
3273 12846 14495 10855 5409 4148
11916 17389 15863 15680 5774 17273
19097 18557 2052 3954 6428 9309
18149 6498 21083 14876 19314 18450
17509 13649 7926 1249 7936 4119
4246 56 19203 10566 4988 22425
11158 18373 11511 1631 22309 3658
6764 165 5384 16532 5838 10563
919 6623 12297 3039 20886 20947
16797 19081 19038 15303 14200 21966
18906 13915 174 5094 14673 19586
7967 17639 4047 15598 18668 16325
18727 17069 648 1768 7604 21331
17914 10778 8654 16728 17748 4668
3409 6818 8817 4437 16817 22465
22181 16106 17456 21472 14655 10465
7839 6043 2550 22432 13622 12316
11260 1866 10294 9771 12196 12384
13584 1704 10063 12743 12115 11690
18113 12372 10381 4612 10089 11566
10988 12070 19849 2632 12120 19940
2732 2236 2634 11770 6194 16158
22 75 8637 5559 2046 3195
829 2749 4997 17525 12277 11080
14095 379 12072 3127 21997 14846
10306 18548 10989 4027 11929 9153
9754 10679 12838 7451 2394 18742
9692 1902 632 13352 11092 17113
16968 3274 6827 5249 20482 9758
18881 2835 18785 10710 12725 12904
13724 15277 13280 21877 12008 19114
14213 15021 21215 6791 16518 20855
7422 6455 8068 18607 20501 11748
2959 544 20151 6704 2963 16788
19881 19830 21509 6465 4692 10248
8232 1412 21256 21101 8207 13004
10910 1311 12406 15310 5761 18839
17912 2354 14338 13052 13778 11695
16519 2105 3787 15903 15888 12963
10355 14411 9611 9458 7532 19925
7198 8878 2749 9970 10853 14651
5153 11883 6518 2900 12350 12630
15883 20268 5560 21158 11554 9989
10933 7530 21657 5789 7886 10026
12589 3429 1210 11474 20746 22262
9045 8372 13667 7576 3193 9929
10510 21862 907 14921 19018 13483
2117 2783 17014 12507 18284 2584
1654 3541 6690 12773 9195 22459
5562 6373 15605 22129 14949 9085
5096 2342 13179 14347 5700 21638
6271 7480 21124 19480 11661 13219
21538 19757 17490 22179 2291 16757
5353 10112 12225 4051 16092 19360
9319 20750 14143 16398 20681 20266
1978 1985 19948 6791 4467 19095
2468 17769 19172 7926 2576 4702
3047 19608 1212 2445 12405 7256
21122 14532 22339 18274 928 19912
3131 3501 19390 14775 19338 14208
17296 13710 5765 8466 19390 3927
7258 18652 22012 6738 14599 12673
21847 3777 2820 21717 14639 16929
6533 644 10515 18755 4551 10764
12738 20956 809 9752 18318 8398
17880 2167 803 2705 2800 12557
11801 7310 17531 18205 15578 14294
19204 10530 7297 13188 6880 22154
15717 11980 19072 22284 22075 8468
20909 18917 8432 867 16609 8745
7760 637 1413 8510 1162 8166
5624 9554 10618 5479 5516 21505
21877 5917 20988 4945 9285 20379
493 11532 11848 5485 8844 7590
297 19578 10691 13909 10853 16684
1660 8206 9569 3745 8063 22287
1068 12591 17417 4181 7414 17311
13001 8799 19593 17946 15132 18650
18827 12095 12049 16847 21021 9426
4482 2526 6658 16424 4240 8552
4794 783 9239 9150 20722 18526
1302 1330 5800 5095 12932 15724
14809 21272 7663 790 2538 7117
8455 12730 13667 20023 2778 18839
6562 12295 7166 4510 5023 2225
17955 8524 14493 3833 10916 14935
11159 15833 21760 14210 8433 17293
21821 18541 16890 2418 15424 14914
19608 20212 4841 17746 9401 17270
19495 20569 3405 2298 15441 13739
680 17594 10894 17889 12791 13705
18750 14882 5751 2155 17427 13448
1035 5694 12269 18766 1039 16921
17889 3857 12417 3542 14805 17647
9206 19979 14348 3916 17306 12926
21897 11651 6836 5514 18000 18104
4388 4095 5484 4156 5833 15999
364 21850 13585 5413 19568 16298
6584 4622 14091 14302 2693 5529
22331 20678 18683 4119 17970 21934
1181 8805 10172 7349 19516 19807
4843 17250 18885 7405 22273 12136
4093 11591 14909 2873 8262 20843
12230 22391 842 12200 22075 20197
9861 1606 18061 14157 9467 14779
5046 13173 452 11076 6280 21878
17645 1093 8767 8919 16694 18824
6046 4452 813 5336 8897 19389
9934 21048 8849 8870 18357 22462
6571 17434 15955 7943 11717 7244
6764 1303 5756 18310 14640 9533
10457 795 8199 16653 13986 18035
16514 11761 1315 15426 4329 8230
3 6245 8275 20409 4126 18033
22374 1849 20042 5820 13563 13900
20206 21175 2432 18892 15578 19681
13327 8921 8510 20315 19016 21410
5735 12622 17579 10194 12040 9502
3791 6252 3810 9720 9979 15762
10496 14282 22340 5759 14938 16886
10221 1150 20204 10124 1410 18251
8434 805 11584 5718 7522 17467
2825 911 6767 18868 7300 18443
10632 279 5297 20934 21819 19058
7781 15604 13149 929 18840 13559
4275 8453 9317 2607 13778 9616
21550 7156 3876 16018 15972 20002
2316 3563 498 10941 18628 4658
19525 17121 20902 12632 11380 13374
8807 20862 13112 1992 1098 18132
15228 7648 1027 13940 4600 15590
17411 80 12907 7619 20553 12018
7791 15185 3226 17232 14747 13842
17158 1951 10219 13485 16991 13127
1980 1355 9725 9981 16164 22143
9235 20883 15874 15123 12246 21499
1967 8466 16643 15461 17400 21195
4373 5245 7706 8353 19314 11837
3274 7761 10999 2005 9396 7205
2709 10724 4153 8623 15977 19418
31 7646 15581 9807 20041 22193
21379 5812 4317 6570 7836 6662
19243 6671 21856 15635 5204 19550
20592 6116 430 10452 2254 8315
10110 20219 17840 5944 16579 19821
1531 381 541 6297 9102 22306
8257 8314 20296 5702 14684 18278
5496 16592 15898 13442 18433 13924
228 3722 1739 16940 10328 22152
18972 9141 20004 20236 986 22378
16203 12283 18982 8616 18061 21678
3063 1405 3482 15977 8979 14215
3204 13888 12336 19548 4295 19958
3766 2991 11053 8666 10561 8093
19574 18536 1991 10060 19668 14321
10953 9892 10659 4915 7937 14914
460 14751 6943 7113 13092 17832
17554 21923 13346 7287 20942 15225
17860 7388 2998 17059 3310 15115
13385 18163 6736 8009 4391 18908
8067 11603 9435 15955 19809 16836
20911 11729 10858 6697 20523 14972
14864 4720 12171 1729 14986 16745
4804 19562 1285 16806 12256 11320
2232 12332 20507 9025 17647 10239
19037 2676 16004 8176 16944 20987
10849 2972 19427 7888 10263 20813
13675 9972 1045 12750 11157 18444
69 9606 14838 22370 1423 11985
11180 13578 550 10856 7425 13925
8243 17050 10575 15446 21333 19359
26 20811 15377 4666 19532 21615
10968 10215 18322 15775 3159 9959
14249 7487 13895 5475 2836 11796
4486 3013 11990 15407 13913 18360
113 15914 3006 2171 20130 3261
19403 20724 21380 9459 11764 18443
6542 21475 7493 20940 10987 18965
12429 20479 9114 20520 20535 18444
7499 480 10530 1628 8646 14424
1352 4441 10252 8061 20907 14434
6390 6511 4636 788 13901 8406
120 10774 11710 6351 2343 21647
6663 12098 11994 7127 16344 8796
7041 15280 9268 12948 9059 3012
10306 11604 20129 1016 17431 10353
8589 11355 3141 10193 9913 17463
16622 8087 20959 20537 8873 12246
979 8295 12644 9195 7862 9931
9001 121 8633 14399 9044 22168
6252 21984 13873 1509 1891 8828
19384 5386 5915 13288 8207 5782
21828 2438 13504 10321 5955 11624
20856 7706 18809 18130 19630 8833
1985 14146 1974 6094 7581 18816
16543 6541 8162 5810 13152 16510
10972 2169 11454 21886 20679 11517
22380 3526 413 532 21806 6119
10098 2806 15559 10081 9720 20987
3915 16755 5192 17790 11513 7772
18825 4583 8921 9096 6087 8914
21755 5822 5198 11351 11403 9451
22144 718 10531 21090 8121 8180
1740 22365 12765 8666 12201 22187
17668 9315 2187 10111 7149 13959
10497 19901 2535 12188 6450 15036
8498 12106 12608 19842 21664 12383
19439 7152 20926 19162 12700 1995
22327 10666 14817 18623 6874 9605
15384 17158 22025 21470 1666 14150
6181 7142 16973 14603 13179 7089
4808 21672 1010 20038 5851 20301
10578 18198 10315 1935 15092 18956
4186 21690 9377 10392 20387 10357
7460 7015 17762 18028 4279 14152
1960 7083 2418 3689 22455 8958
19626 10803 177 3801 13403 16312
16854 5126 13311 18465 3298 14939
2153 9949 3351 18826 16483 18116
21141 14834 21901 6143 8802 5753
19270 18169 18774 10329 7126 19912
16716 6198 17258 8167 8053 19570
15908 20469 18049 14527 5468 7201
11746 966 18422 8906 15233 20835
7851 7268 1752 10319 18863 12174
44 1300 605 4438 16707 6170
14706 9251 4635 2555 19555 14776
6618 8693 10450 20648 17497 18956
2117 10306 219 21537 21126 12266
8734 16127 2551 6289 21483 19918
3043 6092 20933 9980 18367 14771
21732 13093 21779 5294 10677 5649
12173 9690 967 20015 11810 10752
5501 736 19718 10157 7640 18579
20049 17684 12193 9913 15333 19517
18949 14204 3567 9958 20096 6644
7750 8299 16274 9985 13254 9490
8106 13439 1288 9375 11481 8379
19881 98 10540 18154 2091 15817
16127 3622 2575 11472 7806 6995
20505 17003 22003 7230 13811 10022
12795 20745 9178 14727 5133 19206
679 19891 20310 14558 8051 14096
19931 10692 6191 2553 18599 17637
20837 18462 6345 19582 1495 10207
8579 6959 573 10590 821 14932
19383 1279 10892 3674 6092 13002
13680 747 10919 9270 12327 14075
3479 19871 21505 1596 20861 14665
5840 1448 20789 3904 4756 12114
7680 20400 1671 4316 5310 16039
3270 9804 9733 21936 10225 7120
4218 13396 15700 1347 19316 14542
6605 16426 13991 4731 14979 6119
17693 20514 2729 4982 7143 11572
16400 7412 14383 12799 20155 7175
21768 6037 11125 15307 10157 7862
16176 887 4096 21881 2772 15418
13821 300 7708 15322 1918 19402
7095 8348 21211 17142 10111 17814
5775 10761 15401 10183 14227 19869
4795 11184 18445 20834 18822 20328
7606 12556 18123 14815 20789 12561
9967 7952 15157 7435 13204 20160
14111 11173 20100 18264 16461 22021
21729 213 18393 4922 18519 21649
14124 532 10619 3484 20648 10689
652 4897 1436 8978 5911 17054
11539 13193 10129 671 6810 11930
4497 4441 3950 2947 7682 13532
554 5156 13353 13023 19047 10867
14166 996 15446 20659 6283 13799
13536 15544 19998 20622 18705 19185
13719 3423 541 1028 1364 20332
10621 20667 3909 17586 18127 4998
16022 20287 21409 13747 6015 22017
6398 18530 6143 5190 11821 18837
9450 6594 644 9927 1030 18988
15052 11199 8804 8992 4638 21871
226 18641 3338 18282 6909 4442
13193 4829 18149 19812 20814 21866
14682 8779 20999 17468 18183 9249
5356 785 8595 6761 22091 21528
4470 19625 18557 18962 8252 12826
20221 3668 4158 19134 19531 3481
18024 20162 9893 9000 4773 16321
10292 17262 19393 18435 21220 19616
15788 3022 1742 3619 19258 4396
8447 12309 14309 8260 15709 10091
19643 2685 7462 10113 8527 10277
19726 15828 19207 2947 16024 11139
16413 14513 19744 13948 18444 21673
5156 1508 6862 20095 3244 13477
13272 20505 9398 8738 22341 6684
181 21328 3889 13589 17373 5444
16601 19362 16783 5852 7855 17789
21663 1087 5629 21942 7654 2995
1156 12399 22102 2536 15816 5121
3864 21820 505 21123 9889 14096
21164 558 14874 14855 4278 6652
10166 614 18108 6319 8979 8816
17731 17762 6414 8283 10433 14657
13677 10245 9412 15094 5535 12087
11898 13068 8313 7112 9679 19991
13462 8963 6007 7170 21842 12663
506 13403 4127 18210 12328 19728
1588 3629 1615 6569 4474 16646
12106 22375 428 15130 17329 7044
641 1650 1029 15949 21288 6394
19387 15718 1367 19641 19122 22353
2532 15720 2456 15233 8121 16619
20216 963 9645 14751 8365 12191
2442 14454 13415 2473 15529 16297
15319 18460 771 14413 14443 14816
660 3044 21195 11354 16501 9343
3564 10082 10979 14134 7690 10012
19700 15240 11824 3186 11186 12312
15472 4080 8440 14361 4639 18709
18577 359 8151 15503 13104 18036
12394 17668 5899 4037 19888 21628
10614 6181 7282 13401 2945 21997
866 9623 19466 10096 8479 21808
1595 9395 990 18765 11393 8479
20889 5212 13478 20386 1580 8818
4808 19289 4219 8695 6911 12427
17639 10910 13469 15834 8457 13495
4342 12004 6924 12442 7201 22387
4204 20369 10768 18809 16961 15292
19337 1457 2014 21509 5551 16513
15898 20088 18415 16523 5043 10195
9818 14870 17686 21404 16459 20704
6499 16899 17615 6723 7482 14498
14349 7728 14670 2918 12330 13606
11550 9689 7764 13669 5788 11434
9554 21987 13070 9726 4005 8832
10661 4021 19704 7416 11437 6831
9315 20563 9902 13588 13972 8231
19947 14493 18028 6402 15521 4984
395 9486 15637 3228 11763 22126
14485 18505 11753 981 21505 14915
3070 1375 20776 18264 10891 10328
7401 16021 19303 3200 2903 20563
18392 1145 6192 1732 18647 8066
11529 8576 1396 6788 14810 13786
1658 2311 14931 17309 8363 4001
11788 17939 21416 11938 17746 10710
19703 387 10604 3680 5032 14318
6397 844 9076 5437 21464 8489
18827 10771 9570 18061 7922 8853
917 6949 12069 3085 5003 11214
11187 1612 15145 5804 21797 14217
9318 9804 20533 7753 6438 11286
12621 7528 10311 19405 19811 12274
274 3541 18271 11404 4838 14010
3156 709 8064 6727 7530 17095
17631 3518 2714 18275 10183 13404
22338 7605 13227 9343 9341 15504
15153 14240 13133 11628 18616 19912
16779 2378 13353 14095 22412 4691
15868 16749 21685 19035 7574 6939
21245 14723 1359 9312 15854 7055
7212 5878 17823 821 9475 20978
7025 14613 430 3514 11633 10889
22240 19403 18692 7541 3348 21092
10633 7474 10504 6119 14705 17278
16127 17566 17641 14822 6852 667
811 5509 3187 15696 9419 12979
19225 9276 1919 1306 17473 5218
22171 4042 21639 8097 21188 14054
14385 7684 8603 8776 22231 12363
13139 3002 14152 19921 6582 11234
13981 9098 1836 20453 20635 19223
13550 15260 14297 12990 20591 8829
14311 7761 17066 6565 20300 20225
4393 10861 1338 21075 21278 16735
6811 21242 6278 12377 14897 10742
20147 11444 11879 7023 19852 16939
6395 14234 17592 765 12587 18398
11769 387 739 14406 14836 19835
4910 14662 16151 18546 15578 19861
10727 3801 19670 1384 8480 16479
7049 6058 10530 2821 3640 9746
360 20004 6002 18760 7700 4396
1610 1937 1037 11308 1584 19201
16881 4897 3970 5198 17189 3197
1635 16387 20375 12885 1022 11615
14212 6469 17233 7346 15956 12876
909 9812 15396 2303 16268 12927
17491 9645 6196 4606 5247 21320
14790 13831 15260 5121 19910 7176
13059 8255 12290 12671 3488 18401
19967 17135 15991 2402 4664 4734
8449 10389 11009 2737 13376 15975
8297 3859 8926 2321 4916 20958
19732 12714 14994 13246 2975 11662
16813 5892 21138 5745 3445 19397
17242 4542 15656 2237 7199 15336
5284 14506 13993 19136 3018 20684
10729 19682 1593 20399 21415 4582
11469 16098 10803 3655 7800 22271
13264 2822 18392 14578 20379 12251
14743 11678 5804 22293 20082 11821
3305 13530 18002 14174 21371 7088
2597 20654 4584 2550 21825 6377
15213 11113 12237 3228 5962 8399
19589 8258 2907 3447 22455 9673
5469 3811 18230 13758 8229 1296
1872 14919 11426 10534 6015 15939
12379 11652 17906 17232 21637 5661
17020 14598 7157 16357 22233 21262
8467 8650 15668 9281 5094 16822
14854 17170 7602 18644 5450 5958
14864 9134 9998 3841 8783 21535
19135 14682 10411 3861 2699 6506
3251 4437 7572 12527 22218 16684
14076 6109 15988 15578 2910 7546
4656 3451 5814 6429 13999 10407
17283 883 9845 8762 17390 18700
21683 9176 15458 17472 12107 5743
1187 11005 4812 14654 17597 19338
16700 20710 21599 4727 4285 17400
6667 12456 3730 17755 7935 8653
12814 1062 13688 13431 22131 19517
8813 6271 1659 2480 7287 20171
21475 11562 21563 11381 22049 15998
7375 16485 16005 1811 12405 18332
2653 7072 11530 15244 4924 11000
15318 5087 18205 7120 13948 12626
2651 12875 17572 21058 19832 5511
18825 6503 16792 17524 22035 14533
5690 15760 16440 10218 2491 8768
16223 11050 1456 17928 11930 18838
1621 4563 12970 13355 12566 13566
904 21360 2810 18567 17399 5661
3612 17851 6401 3714 5738 21137
20678 18811 17708 19582 5018 5552
16866 1173 7380 12195 22377 17580
8883 5183 7485 18759 9522 11330
789 502 6703 10692 3931 12433
4677 20694 8633 6043 14641 21665
83 527 19907 21252 17156 14997
15090 5964 429 10716 7285 18281
6023 9202 21126 15078 15491 20508
13524 3434 3190 14121 10397 7630
20380 2676 11016 15903 9010 5355
11892 9618 18896 16852 13692 2912
8495 5458 561 13526 16440 7484
6993 11548 9121 21455 6754 10940
7734 744 915 2867 10613 22300
15107 10072 2554 12980 11752 10265
17565 11282 15692 3337 3657 15712
17101 16445 16707 4684 12307 9630
4672 17668 6370 6929 3600 21637
478 7083 9455 10994 9823 21990
19690 17120 2923 4001 7224 18249
18919 2605 16848 18861 5774 16331
6763 21289 17367 6767 10403 12543
10503 8874 6116 8674 4316 13668
17198 8916 1625 4777 7430 16373
19679 7648 7709 5718 13471 17793
18502 6588 4122 6769 10603 12906
3066 4053 2925 22147 10068 4350
2141 14022 5625 6882 11109 17492
307 18092 6704 12760 8205 22287
1011 3706 20319 17477 13331 15014
8766 19967 6813 2420 1778 4798
5057 19474 670 1203 8679 8170
16845 17943 21291 11915 19751 16046
15749 3932 12463 805 17934 19029
17354 6724 19298 7327 10343 14901
8045 7648 18642 12451 17805 16665
71 20719 14913 5686 5532 18941
13434 453 8828 19362 3858 5341
21781 9292 4612 12697 21099 18417
4235 12789 15894 12060 14473 21042
17130 20004 908 12276 9686 20348
19288 8400 5973 7962 10920 16886
7535 1271 21496 2450 3368 18775
4512 1843 5327 15275 11417 16356
3494 4605 4918 12599 8388 9885
3229 17069 16309 4685 6093 17919
12556 15362 16355 7628 21853 16859
121 13643 17116 22349 21089 6977
16303 10110 1353 18700 5133 17129
1401 2596 7340 1563 21982 22088
6422 20341 7419 2839 7544 10000
14080 10061 3777 1567 11337 10962
22122 16970 6919 14865 8966 20464
14942 13042 20933 10839 18431 15691
11375 17464 2444 9486 8821 10340
16973 1192 20399 19211 7449 12998
20458 12486 15844 14432 21505 17191
17566 258 5383 1064 3027 19136
19701 1222 16195 3604 7163 22039
17550 14904 6601 2751 4410 16563
18448 6711 6743 12578 22125 15167
14030 3761 2550 6651 20897 14939
14973 4701 1346 18372 18551 944
15926 20132 11511 13329 16378 21029
19075 4503 20452 2046 11707 16670
13723 343 4970 4792 7830 3708
11447 16370 9071 21500 18004 18176
3559 4769 3899 2821 21816 3929
5543 18137 19242 5537 10192 20238
6766 4938 4546 962 9658 20211
8153 16870 17257 21920 20457 5762
73 991 21365 3427 19154 8953
16184 7007 2635 3588 3940 5820
10681 6386 12102 17654 7343 7181
16136 1006 21530 16435 17809 21667
19485 16195 14734 16898 6909 8407
1339 1275 2783 14229 18503 12476
10570 1699 21183 12586 1341 5195
12595 19214 20043 13108 8964 19089
16137 8703 8001 18164 16582 9007
13750 18768 22355 8274 19340 17777
273 19503 9981 20726 20175 10795
9061 17030 13740 15311 1784 3547
8758 12681 825 3967 4407 10662
9220 3718 4994 17606 13819 16058
8302 13653 9498 13131 5615 6104
10857 9366 7274 18606 20215 3283
14181 2238 6150 15614 4814 6159
7657 3198 17668 1717 4928 21899
20316 21882 11418 20482 18303 15443
16849 11492 3332 8060 2027 10000
11228 13989 12445 7801 17902 15981
20481 7434 14789 1335 5962 8543
16112 4382 4113 17668 14358 8870
91 8490 8871 5129 20154 19614
4420 21037 16523 19740 17541 7685
6993 4989 14116 2470 14517 22348
19027 3461 16627 17972 4626 13980
4377 6174 11504 16599 7482 14222
3484 14306 6410 8447 19502 10320
21781 12658 2682 3360 3834 17944
19010 4118 14411 11646 20296 6405
6169 19536 17369 15498 12758 7435
15567 21527 7812 2333 17223 19855
19443 4222 22269 2928 21205 12442
8905 15914 15632 1652 6268 6454
15560 17962 11210 6075 20965 18175
13992 14643 1130 6734 15310 8430
16741 6940 123 10528 14307 6788
2732 5619 18688 10559 18711 14443
7173 19669 22201 19593 310 18331
3221 5858 22022 1845 2556 11760
1156 9294 22370 7030 17270 18956
6686 13791 14697 17348 973 3593
15845 17791 13277 2628 14745 16907
16561 3282 10767 2780 9443 12479
21274 17480 18285 1859 7031 9885
22010 22240 9395 19376 3257 7900
3476 5925 766 22076 11837 16867
17128 19269 9846 2769 2660 14004
9603 11966 16525 14536 10568 8383
21489 21760 20268 21271 16221 12267
2819 1016 8349 14265 2490 14877
15146 6496 3158 21815 4381 20324
1176 21444 16731 4865 17183 16242
10379 20261 14429 12390 21362 21849
8669 789 15259 16475 19160 21130
9484 1175 1692 3931 15722 5621
8120 8624 21340 11807 20351 11821
114 2119 7760 15237 1131 15665
3928 21966 8102 16484 5173 21797
21527 19627 11334 6979 21664 11722
715 4963 12135 12894 16925 4289
11916 14516 1023 9114 12110 19238
9086 1034 8699 10555 11995 13987
5948 10553 12199 19897 20885 6178
11137 17079 15099 14956 15397 22195
16370 1759 16965 14133 20383 11706
21629 13507 21509 1045 20671 5081
15437 12984 6894 6425 12125 7435
20989 15466 622 8007 14163 11771
18064 16969 10525 5399 12772 20852
19013 2239 3105 20711 8020 13330
14151 3540 9334 8791 21534 11936
16205 2914 19117 14740 13780 2800
12617 855 1206 19265 6785 12803
21236 2162 4097 14243 13401 22039
21212 8354 4833 3849 15477 12560
4079 15579 13235 13743 15793 19278
21087 12795 21861 17856 12956 13927
5496 22375 5409 1452 4927 22050
5849 809 6185 2267 6360 19107
14219 427 15461 10434 17366 13057
8932 14198 12322 5260 11568 9565
6457 15950 22123 1717 14125 14990
20210 1969 3805 16974 18629 4396
17358 2596 1535 12669 14755 7187
9315 20812 9540 11595 10158 13827
12977 19233 4095 15453 8061 12554
15341 21343 4208 2553 21786 22017
19292 5211 4804 6924 1492 4692
16223 8602 7078 7174 7397 13405
7422 5577 8999 9528 20190 7283
20998 2234 12418 5583 12087 10689
7978 5332 8999 13267 1090 6541
6140 9807 2093 12964 20670 22320
179 6608 20890 958 17428 20637
3919 11767 3292 7656 21284 1511
5215 5690 3423 11160 20185 14767
7280 17454 14396 11014 14618 12129
18718 617 8995 8213 1605 19723
10511 418 5811 9071 7390 15273
3631 4324 11010 3643 7127 3627
1943 10005 5292 535 4122 13172
839 6318 2167 506 15797 5816
18473 4735 19987 19843 1570 7085
161 9739 5172 7830 14087 12115
977 3603 5087 14301 15571 22427
4483 9119 3664 12700 13035 15117
4075 15134 6943 16160 21477 14915
19812 12081 14945 6060 18649 21777
14311 13193 2580 1237 18632 12951
20645 21721 15265 10631 15902 10268
17696 7627 13766 18351 14097 18956
6795 15436 1021 19909 19085 11087
41 21830 8127 7451 15209 15930
17170 977 12012 760 11459 16059
12759 9893 4478 21723 2560 5240
7990 9754 10411 18739 13390 17958
20269 7065 21026 16626 12018 22363
1379 7558 18284 9236 4585 18733
21259 3090 20392 2356 16376 19900
15673 8851 2308 2963 3795 5278
18219 11014 18559 9302 17786 17675
12075 10538 9904 5743 9713 17515
8169 144 2626 8722 9702 13259
4499 11478 17075 9847 13230 13171
13608 9456 2175 17790 10244 14114
16998 11050 2372 3033 14007 17503
14637 13227 7573 14287 3834 12508
11547 354 15419 14180 13659 16904
6298 9667 3801 14336 9157 21871
13352 11993 20040 16169 8027 16158
10110 5914 8391 9454 18103 15305
6043 1017 18769 6288 16060 17187
