17740 183 9411 10487 5851 15389 20447
498 15337 1659 10077 11288 4586 15344
18645 6453 21537 6827 17682 17039 18147
18023 21179 3809 8673 19256 7030 9252
10783 6633 6046 3819 2046 20630 18215
10255 849 10093 4839 13834 15521 5092
18023 13990 14500 896 15342 14835 22382
20071 2837 336 3596 20802 5986 15743
2238 3043 14973 1525 21691 10990 18523
4858 5829 13120 8005 864 8556 22273
13263 8261 17041 6236 8801 18246 9137
5357 6021 2735 14679 5992 6613 16446
0 2193 3194 1534 2013 8193 15628
12342 8028 1592 22464 2646 19593 16606
21955 7839 19131 2517 15670 19047 17539
16957 10027 6791 6019 18270 17403 8291
7305 14817 1888 11171 10604 17084 9424
6926 2613 611 20189 1524 2984 20945
2 15433 21890 8248 1154 14121 5083
10868 6799 15065 9434 3110 2650 18582
9599 11899 14189 11215 10927 2185 7996
17088 1610 5612 3643 5381 5924 14465
21833 6215 757 19618 18931 13087 17175
465 21643 8343 11443 19544 12418 13437
14928 18850 926 1392 6515 3068 15093
11809 10540 7584 4204 4458 4351 8148
381 13522 2515 3653 13863 17017 17706
19735 7250 1260 5131 2930 6749 12788
11424 11874 11410 19179 10034 2818 76
12463 16433 1603 3700 21539 4424 6485
2344 2909 16707 2975 5594 12691 5955
6745 17691 17517 5336 6131 8610 8662
15713 3525 10067 9210 2607 3947 8850
15543 9594 15807 16223 446 6889 5978
21921 9004 21639 7988 13071 16775 4708
16260 9761 1017 21532 5964 9432 12567
17628 9145 3703 18724 15765 1098 15081
16535 574 6071 13941 18256 19201 13055
4711 13862 4911 12056 18631 9378 18904
8139 10785 12913 13454 20297 11764 21287
6844 8687 8773 4592 1448 1851 12998
13426 231 18866 7798 1256 20846 22455
12402 12708 14813 21114 21116 12487 11512
15341 12770 9312 5645 2304 14022 9309
17837 12882 809 4183 9954 13772 12003
3741 816 818 7737 3350 4920 11096
12031 13714 987 617 21474 14571 18650
4077 9033 17359 21855 1488 16728 16046
8218 2680 11277 19346 11713 22437 21234
19700 7384 17909 21317 6671 5595 13370
10904 1817 18320 1541 16841 13877 2607
81 249 2284 11258 10837 17314 8051
4423 2059 6359 19112 21728 5963 11018
1635 6136 10785 19316 11810 10524 12963
18825 17560 7008 7175 16523 21382 14232
18819 13123 21051 14929 2475 6619 17757
217 21460 527 21981 20674 2307 12959
6285 2237 16501 2731 4144 5425 18653
18440 14335 11992 22102 11030 12014 20211
17038 17848 14350 20530 16472 6082 8681
8763 10857 15568 13631 8751 2867 20767
18024 9256 6709 7202 2522 4255 18662
15830 4561 4203 9804 21340 4990 4408
8717 887 8948 18567 19374 14098 21999
937 4195 22296 1632 2267 18555 14434
368 16267 2072 20670 18256 4944 21262
13643 19042 20545 2775 18985 11598 19472
21683 362 8466 10411 10377 8035 13259
6011 8213 7619 2898 13528 10127 14417
12443 15190 14058 6382 18274 22075 22320
695 10646 4292 4493 5265 20968 13913
20624 1041 10010 21123 11577 13143 14459
15174 15413 17988 18484 19003 18293 21015
21206 14373 11649 21540 1296 17853 21499
21059 10775 1664 10567 2363 7105 16624
49 6130 16809 18872 9320 13056 9834
19979 13272 13114 5595 17435 21081 8435
7218 1130 4115 21311 3752 7424 16757
18782 9001 13718 5174 5032 20519 14232
10539 3281 12102 11725 12082 20587 18751
6171 500 15615 1398 2711 15913 6609
13 9596 1772 17264 18634 2030 21725
17540 4804 2340 3851 11288 4802 9748
194 6045 2329 805 5088 4501 10804
19027 543 1211 7334 18070 17452 14389
12624 3718 16657 14088 4647 16030 18775
18644 4560 21427 11707 20747 16429 15589
501 1959 984 10042 20186 13970 16624
10596 12394 1186 1347 11622 16192 15192
13445 6987 6657 5482 10434 18559 14203
19574 16761 17783 7007 5979 20058 17245
8482 491 8087 1539 15995 5213 14401
18735 4285 10878 11993 13544 6428 13900
3374 5051 10173 22396 15329 2887 9937
15916 8264 3542 16351 19831 7840 11163
17209 21817 8355 14946 3886 11205 21441
1274 15899 14049 9674 15267 14627 9453
20644 12102 20114 18122 9219 7995 17953
5951 16474 6800 19045 5105 15244 1373
3970 3010 17859 18654 17985 13817 22258
11005 21749 7984 3125 6205 9997 11839
10282 13309 9824 507 14833 12588 19015
10281 16676 7860 7649 1232 19652 14231
18872 8668 8903 7572 19696 13329 4822
13234 16106 9244 4534 21233 3255 3799
9699 12061 7560 14519 8949 3286 15357
5523 20029 8939 7073 19230 12350 21170
20710 22259 16295 18797 2883 2766 20288
12116 16223 7086 3095 15041 16101 21650
13508 14712 673 14055 18862 3181 13467
12654 3577 6571 11465 1514 7003 8851
5926 1786 6156 22381 21928 2947 3581
17747 3887 15757 15455 19046 16598 14507
3499 14452 2669 12913 4623 5109 13356
1840 11136 13436 3224 13762 5414 13773
11332 3995 12260 20172 10132 3665 12690
573 891 2166 3497 8319 17706 7270
6142 12603 10466 18817 12083 3942 13022
19856 19607 17581 20465 17125 15888 3120
21803 4904 705 15135 7810 21504 13471
7347 11874 11073 7933 15559 20154 9876
6140 12315 10352 5611 7627 19839 14007
10879 16689 1539 15400 537 8345 9267
6247 11524 2799 20496 8294 4366 12114
6320 534 20644 17608 17448 13820 10928
21498 15073 14104 14006 3461 2866 17305
18495 15763 175 662 2905 18057 19230
1257 13486 2718 7405 15180 10931 13711
21206 22092 14898 2036 20136 10177 5528
2474 474 15141 17992 13046 18967 20861
13418 1660 20811 7985 21068 8183 8240
15576 6534 11198 7940 12507 2792 6454
20937 1796 22084 15376 10060 16216 6033
17190 15158 313 866 10656 21019 19175
4987 7258 291 3054 14515 3652 18014
9371 21490 10654 3266 5877 18175 15302
18123 20483 3173 10269 17290 12277 6309
9849 4417 7084 14567 19202 16747 7811
8004 3485 22456 12838 16125 2048 8172
16590 4337 8877 11528 21463 5293 16429
9330 3608 10419 504 932 1497 22120
12318 16698 3051 3565 21115 21429 11772
6302 13128 6406 20242 4465 20642 18184
9003 22280 22299 4997 3080 4294 12229
10466 17468 19109 16215 19323 20535 17124
19031 15240 21219 16920 2448 15677 15513
18488 20167 15169 5975 15683 22264 16199
9240 10499 1780 15649 5316 1482 11806
15110 11448 11331 10543 8412 4924 14251
1599 19075 5634 21603 20199 6267 9819
8883 6663 4761 9873 22091 18148 22209
14591 9645 3102 4384 3503 8063 18697
22041 335 1228 12144 11520 18705 8408
961 715 1863 3520 6769 9238 7838
11103 18314 13406 22160 20593 4395 22350
266 10197 7623 7061 22178 20796 17407
82 13265 4676 4429 12182 20406 2887
8216 13549 8494 5544 15829 19568 13983
4589 3000 11905 4713 9924 21030 10422
10262 21918 2576 7904 11457 12694 18867
306 8717 7153 2979 9439 17640 17761
20594 7940 7703 16740 8047 22289 15369
11880 323 9274 5242 16811 2996 7309
21731 15237 8664 8451 1347 3258 8899
3451 2014 7432 14044 8935 2016 2901
8191 18798 12265 5527 6670 8826 8346
11716 11791 17159 8492 16973 2462 20448
4601 5846 5011 7088 13380 13433 10324
22338 9745 10496 152 867 7658 7782
164 2914 11642 15672 4705 19549 13654
22403 863 10587 1809 9056 9167 10356
6008 7323 17262 22419 2161 4667 7270
9287 4516 14041 14662 2729 18433 15753
3409 1967 20375 3783 18562 16369 19791
18002 10143 21565 11697 8699 6690 9679
6175 6324 6081 11926 2551 5313 11601
5628 9932 15742 8343 17204 13350 19218
5942 19908 5670 17443 8376 11733 17306
14701 6806 19759 22433 7012 12760 20910
14179 12039 9204 973 8279 8235 10704
1063 12379 289 22251 15953 7113 6304
395 2991 11947 14874 4961 18668 15233
21635 14672 685 13494 6070 9995 21136
2078 18065 4836 11513 16451 18212 11438
1582 5086 13521 14606 2586 19612 14208
8894 6407 890 20212 9999 2867 13661
8957 10769 6987 4351 17759 9831 13810
402 7161 18514 13282 4371 14771 19095
7291 20798 3889 21168 1546 16192 21691
17711 13785 21513 10620 7042 4706 17431
11957 13921 17486 10287 14574 2402 15349
16529 18341 16141 14468 13236 5481 11091
3956 9377 2267 22451 20336 8748 16563
22369 4066 11715 12104 9900 9906 16238
10 10088 19172 2428 20668 17527 17906
5500 13187 11236 18220 18254 6905 20747
145 15183 21580 18312 7112 18057 10585
16641 9134 7229 3699 13559 18452 22384
15686 2340 15371 10036 4043 4083 19234
16602 16223 3478 12587 1782 21515 7946
4072 20832 853 1005 1262 14961 12501
15231 21180 3418 16134 14415 20298 16051
10932 11538 16176 14055 14744 8619 18988
9364 5710 8664 14336 7548 15977 16255
4012 9204 17125 1919 14721 5696 6880
18155 16444 2235 2240 18204 2790 21071
17159 20088 8718 5436 9449 10807 12690
19803 13667 14845 3472 17597 18004 18323
10878 7914 8820 8115 3387 10398 10513
14076 1312 14068 20742 13269 8702 15036
6096 10789 1104 2587 2829 16317 16418
7060 438 8336 16015 6656 13491 15361
11761 4992 22458 16786 6788 15588 11812
3678 20412 1733 1500 5312 3208 20370
20361 4888 9245 16030 21826 17992 7861
4888 11784 1999 15347 3913 4039 20459
1078 9262 798 4204 5117 1843 18486
11177 18087 18146 1463 18794 22079 16878
16151 15676 6713 7737 11267 8074 21857
9973 11920 8082 1970 10080 21209 11740
9625 5856 11376 22278 21996 18033 5954
5826 5373 1042 12254 9406 1447 6038
21468 765 21241 6971 2631 19737 6438
19489 18804 20708 9593 9927 18538 14357
10501 12177 21836 2317 10933 8872 17832
6517 7540 16807 14909 15816 5875 2095
8139 13261 4209 16803 17615 6577 10191
15674 22445 11309 5379 10902 8131 21006
12311 4511 18108 19335 16542 15235 13954
5458 21226 15301 21139 7891 19327 17514
10198 15514 2639 22013 14886 11613 1373
18006 11927 21854 21340 19298 19999 19150
21536 3398 6018 15992 15324 9772 15927
10639 18087 7263 17637 10295 17817 19939
7218 912 1529 5155 4089 13246 7124
6390 19727 20712 1013 15910 10244 12877
8455 12459 10724 19109 5915 17950 19326
6806 16095 1902 11652 4409 14639 5852
15378 18273 21800 2550 16366 6944 15274
10215 5845 18797 1417 12478 17293 13977
13899 14973 4833 2592 14979 14312 18144
577 1297 7724 2667 21607 10654 16759
10972 3767 801 8665 20736 19173 7546
13656 20812 8810 4487 10811 19959 10628
12677 12896 20633 17772 8800 10382 20608
21211 367 4386 3178 5924 18365 9885
19469 1574 2333 13767 5202 7738 19330
21687 2315 11777 5990 3080 13459 7059
8354 18932 7815 19361 17068 22032 16946
13814 8757 14278 1634 12669 2063 18292
14311 20677 10588 4839 4890 6796 7752
14999 6757 7679 15233 15292 9185 15796
18911 3156 3328 587 22298 12717 13060
18882 11905 13971 15264 12711 9903 21719
16425 3541 13416 4810 10473 22031 21125
20245 22101 16980 4220 20669 9756 16612
16506 7409 12324 9010 3794 4166 7020
78 13398 1973 5218 17136 17964 13840
1943 3212 18491 14966 21283 10966 7465
19002 16300 1950 21508 1859 11858 17496
8426 11301 1207 8319 4138 5642 16939
16879 18717 10790 18322 7282 5532 11282
353 14905 12081 1652 5616 4280 20289
6154 14220 4197 2353 11092 11072 13124
126 17750 15265 8699 12103 17662 12583
10062 21183 10607 16369 8020 19440 15293
19372 14526 8274 15345 18445 4745 6859
479 18605 8138 20612 12182 16144 13496
14706 508 19571 3761 2828 18213 14222
17405 9488 1920 2855 8543 9271 21953
8837 1195 8405 4449 10367 1378 10841
2124 18572 1666 2978 17737 1909 12211
12458 212 14662 13507 10967 22182 17766
3342 6766 19856 1711 5370 5305 9851
45 108 7258 2617 9310 4990 10064
3870 15523 22056 7932 20248 10919 9771
4719 20547 3424 1828 11652 15001 10053
21221 16425 20260 16015 7844 1515 16076
8400 11857 7870 5703 16871 12778 13924
4873 8855 6791 3803 5798 5744 7109
10005 14103 18245 18632 2099 19909 20834
18062 16332 17064 11127 10964 7582 16180
141 9990 16263 5578 13369 18141 21679
21687 12621 13206 1814 429 6792 118
10860 11333 4309 14092 17824 16996 18838
8139 3608 17111 13947 11518 20273 3581
12911 17791 16814 9087 21110 11066 18799
30 17731 3359 8751 15835 7252 4916
13095 21179 1400 18264 4541 21876 13147
1301 20906 6484 21092 17019 5774 16789
18337 18530 6851 18127 19914 16477 7217
21740 9741 5391 21230 5783 13588 21312
5 5448 14706 8130 19633 5845 7021
7585 4193 20734 4056 15584 9609 19359
21321 19690 8261 10267 7512 21246 18526
13117 503 20606 15697 5939 7617 9781
9593 7480 15870 20367 1505 21387 16763
19548 7018 11674 10517 21 14933 16790
20913 1031 4859 20474 14877 9266 18099
14271 5379 4486 14841 5692 14176 7491
12645 14653 17646 12935 2493 19886 21461
16034 5093 17639 3922 4595 12841 13204
13541 6022 7948 4127 14011 19546 10075
21661 4192 4058 9416 18658 16237 22325
365 19856 19576 5436 2769 18657 6881
10139 521 3265 7078 2435 7146 4703
20623 16818 7638 14847 2853 4960 11126
22401 14280 7897 20062 4762 5642 15333
2557 15580 19072 14489 13563 12191 20861
6347 14444 16023 14922 8834 17333 11216
18560 1499 10203 7400 4675 5088 1889
18040 17834 19296 8622 6953 5249 6744
16630 1962 243 17026 16653 3327 17749
20255 21475 2077 12254 21020 4049 16037
17787 2042 2492 18300 14363 5320 4582
5074 19196 10769 14240 8183 8170 12854
9371 15237 14388 794 22151 14603 17101
5033 16655 14753 19520 21710 16801 20945
6719 16464 1906 2930 7214 15487 9950
18337 9646 11247 20881 8116 18618 9673
5257 21723 12445 1915 20598 6685 8017
15804 719 742 17248 9481 16312 21136
14596 8257 14594 17033 1557 4844 16237
17833 15258 528 15696 6093 6277 6514
12235 6253 10601 12489 13132 16054 14630
17099 7733 10098 3907 18419 12510 10800
6409 17172 2315 11492 1561 3734 5442
16529 2272 7661 17260 13404 18876 11694
21224 20959 15501 18626 6010 14600 6268
624 12492 10741 3765 14912 9387 21376
21206 17737 1729 1972 17501 6362 18398
3521 10359 20749 21652 1664 10782 1776
12993 2754 1299 15823 16961 8144 17817
16273 22321 11433 3228 2948 10226 22384
8381 14015 2334 6256 8948 13918 8166
18 21341 4201 7974 15870 22150 7353
11719 3868 11461 9152 3950 2182 19965
16590 576 21634 20050 18989 7907 20661
20046 21924 14872 18233 11823 6759 21246
9262 2881 7703 5161 20843 16390 20665
19 13027 5318 2566 12237 14660 21994
16864 9504 11899 1472 6925 2776 12608
2434 21869 16525 6433 9820 6124 7818
19634 2001 1630 15593 9040 20017 20122
10014 18330 2175 7922 13506 4083 22257
8893 13859 1528 19993 2215 9041 15104
401 20784 13498 7819 6877 22302 6243
4769 19050 830 1400 10933 3696 6201
8495 353 13073 19037 11405 16786 6485
14233 8451 18935 20014 2611 14203 21783
13814 2047 19061 12297 4293 9702 18737
9665 16079 4710 7965 18001 5810 21052
566 848 19353 10414 9327 3592 9058
19081 17237 631 4261 10070 16732 16822
20271 6781 11340 21815 7359 17878 16751
1047 5093 20660 4893 12776 932 8521
12047 15696 8595 4956 19425 10991 17751
13731 5070 11599 5531 3132 15770 21312
18645 20483 1144 1513 18670 17041 16367
6950 766 17531 6180 12840 7085 19788
970 9727 5683 19124 907 16235 10934
16106 9366 13424 19382 16284 10667 22344
5632 234 21690 278 9339 11798 18901
18473 14743 2745 979 21666 21352 9655
7383 250 593 3778 18637 2291 7446
21767 13313 2257 6183 9451 12040 14901
19372 245 11082 6092 20104 20629 14446
11297 3768 3737 17741 6596 8580 14997
245 14385 3326 11016 2313 11239 6430
10095 665 14055 20239 10036 8834 5647
7898 2272 9004 1792 11827 2982 18979
1078 3972 12615 8760 13489 10869 20701
1267 6571 1481 22142 9553 6672 12274
10969 1553 12054 3953 18880 21818 19869
223 12833 389 10067 1681 17259 15971
8920 6232 9826 2168 6785 13546 19616
5215 2725 20147 14261 2603 15100 20141
21088 16669 16488 13172 5330 17086 20125
11537 7015 625 20603 6964 7987 7946
12946 11342 11571 18942 3917 17850 17590
18512 17178 3915 13260 21401 5936 9170
18497 859 9901 6765 2456 11021 15856
3081 7761 6301 10430 8721 5789 17313
17300 14139 1434 20822 4631 8412 12246
20776 21545 16628 1894 12120 15345 21147
9163 6326 18420 6366 7124 3408 7313
21424 12186 18546 19442 20226 14527 22157
7645 638 15442 14110 18256 4430 11961
18090 18268 11306 18980 1870 11933 17187
15718 7528 12058 11133 15828 17715 4070
13261 4419 7923 3763 5549 4850 8998
1600 7040 8219 15920 16874 18184 9792
3859 438 5345 22295 22275 16878 14687
4262 18636 17873 13761 22289 16726 9799
9882 16685 5683 3322 3258 21333 20195
6622 1302 2942 1571 17277 12800 11031
339 4414 16982 2399 6888 16307 20960
16702 14349 22286 15611 2068 5447 7819
10117 6411 21578 19977 10164 17382 14704
19380 13388 3028 22064 7889 16665 21567
1019 1647 12498 13823 5273 13704 12926
14559 2752 3893 10314 6759 19942 17869
1879 161 1741 8213 15728 12411 10745
2644 1270 14293 21561 6185 4280 19808
7479 21739 14523 3924 19459 6327 12748
8766 14895 13286 10668 3754 21158 17551
15172 19705 20595 9489 4274 11086 18025
8204 17055 2093 5646 12289 7682 20303
5158 1241 8138 18909 10866 17721 7604
14111 2080 4331 21810 2237 17468 6516
11797 8336 7864 21846 13632 16871 16313
15172 7789 9599 14388 10666 1108 19293
12639 9042 10316 7281 16714 8037 17529
13462 7926 8221 22012 9295 3197 16745
2575 10827 18665 6702 10014 5324 16677
11657 9736 21343 18166 12060 19740 6343
14115 22037 17336 8623 4438 16528 12689
58 698 15857 3418 14739 15428 16025
4225 17377 8678 763 19774 8984 15609
3400 16116 9322 5965 16503 19590 12687
17804 18577 10365 3961 12823 2553 11866
8790 1054 287 8841 2498 8979 20904
18087 5768 3171 17009 21249 5876 16817
7400 8158 4024 18348 17371 7187 19914
8773 2617 15074 8261 5069 5005 9937
378 20586 2029 12291 5479 8199 17657
4328 18910 14815 5464 11808 1272 11443
2331 6969 20299 21996 4418 8235 4866
16406 5637 11808 14766 3237 19180 9121
2488 5923 734 3856 10220 21091 13491
36 6926 22093 11554 11171 18664 6187
3779 10988 22383 11945 22260 6995 16563
16420 8266 16681 12132 6787 7545 17868
8245 11536 6338 15990 3027 7344 5907
3241 14148 521 11067 2020 14728 8562
4910 9698 5110 911 3912 5094 13733
4707 14198 2955 9953 2772 11821 18082
10166 8091 618 5473 3834 10863 17997
17804 9371 12033 11483 10871 21040 5515
2272 4742 9789 12460 19445 3309 13892
14325 12102 16289 2393 5386 8141 19616
1568 21034 20496 7194 20096 12487 17874
11348 7932 11416 18415 2501 16350 8208
12928 20522 16969 3114 19453 21137 14505
13123 18336 7501 2002 5247 8145 6672
4211 4053 10068 1447 13838 9178 7582
20396 391 14078 10451 6518 7171 11157
15005 18991 595 17188 9592 5724 16272
807 4647 12570 9265 12607 20142 21350
18457 21007 10770 13357 12591 3522 13692
4246 15385 20068 17389 7623 1399 17749
6100 11573 14898 17755 2660 9491 15770
15718 668 17856 20539 13456 19025 7696
12982 3504 13413 4248 5641 6853 12805
15223 17633 7428 11432 20155 6295 12200
365 19949 21078 21286 1028 10915 19656
5451 8045 21915 9733 8264 10077 11417
19757 1878 11444 2571 7044 11417 12863
17685 13396 16659 9947 9756 16359 15333
3932 12928 6058 10663 11705 14603 18380
3213 16028 4003 4497 10814 20096 9438
12946 10510 635 17803 12754 7996 8816
13677 1297 1214 8898 21525 18031 9989
20182 6933 22240 4672 762 10366 8507
1722 7467 18285 765 10838 9867 11441
12684 20677 13336 13679 15003 7022 11510
14787 9515 16254 1356 3248 5281 22360
7015 16183 1891 6017 17043 9510 17828
15612 19131 16269 5475 6299 12198 11080
9 689 20439 19417 9272 5644 11234
20810 10359 16229 2447 15241 5969 10876
7734 12982 11301 10446 10963 21000 4740
13130 11023 18047 5020 20996 15997 11368
9162 17234 9152 857 22457 22077 13856
19387 6468 6415 13670 8701 14441 13856
15643 15481 15897 18728 1534 4610 11403
11657 21784 6043 696 20053 18159 5007
5690 200 7247 6071 1243 13999 20288
8002 11947 692 8550 4282 17501 3452
8514 11573 1555 14509 1714 10115 14419
4991 1742 21884 20748 21380 13269 16789
18359 12237 8449 13103 16359 6448 10188
93 1990 10606 1847 12843 17601 10585
8977 6031 22294 20008 13086 1708 4407
213 6193 7323 274 2240 12760 20721
21842 3702 6693 11740 14836 7105 20535
14547 370 22428 11112 7683 2781 18506
4246 145 6109 1356 18042 2796 6108
15121 3603 19494 22045 9522 19579 9502
21951 18976 1872 20689 9540 779 17525
20927 16864 12260 21889 10601 22043 6776
904 19673 20997 15453 12406 13401 5414
6337 12672 20488 6746 17517 12320 16671
12672 14531 1519 17483 13202 5606 15597
19872 17784 21842 5320 4039 8425 5642
7776 12622 3019 2701 15905 10584 22165
12715 469 2329 8330 12579 11777 5055
18677 7458 18882 9203 17418 22123 4387
10034 9179 21609 5772 10863 6939 21543
10932 160 20811 18817 19784 9693 4776
9620 15216 17527 11381 22170 16436 3163
1053 14503 5925 10156 5253 3190 14378
9279 5828 19465 11730 1894 19754 5656
22124 21273 17821 21861 4834 14424 10349
21164 4338 15171 16497 4885 5709 20275
2917 22372 11584 9794 20052 17636 19251
19252 10363 12933 13620 19603 20346 20410
14350 11273 6677 5950 14207 6109 18437
19558 7423 19563 2067 16363 10930 15806
12295 278 3949 18746 6858 8496 19107
15751 12332 20595 9276 8155 6697 9122
19691 14204 1920 9733 17900 9013 13356
7879 5847 20041 11184 21075 21678 8003
3154 6230 6634 9721 16030 6643 22095
917 11493 11496 14044 6228 8532 19323
22008 407 11954 20354 12751 1795 11760
9654 6750 6710 18207 15861 5148 15292
3052 15570 2854 1645 15850 8696 15293
2134 18409 14123 3940 21200 938 9673
3821 19027 8557 10013 13903 6651 20971
16186 9486 7471 1421 21770 21816 5061
18 15129 2488 2001 6016 22416 12277
20756 434 13104 17571 13064 17409 13221
1989 4173 14098 5712 21200 11281 13495
18327 748 874 10656 18543 20787 15737
8712 7423 4015 11154 21670 12623 10403
16553 6469 4248 7275 3609 15229 11085
16648 177 1427 10464 3799 11690 18455
2597 703 22397 12648 20539 2716 17086
13667 11074 11546 5354 21295 3151 14138
9928 7473 17437 8955 20215 14876 13322
14662 3633 4946 18367 19529 2291 21735
6420 5297 11344 12886 2511 3545 17720
14666 18180 409 12042 21551 4983 12522
811 12055 20926 15167 11632 20709 4706
13036 3359 9740 20865 13195 3680 9730
12329 13635 10678 8235 17314 13349 19532
9881 899 16538 4173 12503 2553 2829
126 2316 771 4080 8021 8323 18926
14344 13005 18690 20026 10236 15288 11806
9053 21801 15953 2433 8227 17371 12340
6926 13536 1264 5497 12128 16558 13044
17416 18425 19117 1356 7131 9680 17129
6706 12907 12550 10218 7336 8962 18060
15502 1054 12598 19183 6927 10561 12301
6432 11769 13250 15501 4983 17230 17273
21784 11649 4616 12126 2215 6328 8479
8713 12020 12960 15272 5365 10561 8328
4858 10076 893 17142 20609 12933 15292
844 20007 14397 14828 14180 15842 6762
17673 3437 20551 14519 8311 8063 10565
1077 7498 11603 878 1319 10665 4237
9197 11768 380 5626 1452 19212 15861
9053 204 11631 2151 12329 3627 17990
21774 6633 1483 17092 20004 12967 15428
20538 20645 2174 4904 16300 1448 15297
834 22286 2028 3662 13573 18199 6265
1773 21699 831 4795 13789 6238 13107
4737 18200 19455 19232 4928 6508 19590
20826 3150 19477 5196 2863 14324 8407
261 10560 4022 2690 18018 14065 20384
10436 15103 3357 12197 10477 14993 15569
18391 11248 13478 19742 13231 12080 17432
13141 1408 8751 8834 15995 9993 12129
19026 110 771 8371 17191 10236 19162
10729 20191 13689 13721 9026 16717 20961
6 22352 20879 19344 16467 1050 11083
1964 11225 1006 15496 16967 5865 18452
22282 923 3134 4395 11689 19206 21999
2837 21110 13036 8118 15034 16906 14541
14996 9202 1363 17439 3704 1932 12857
6962 10507 3386 2579 15550 5213 780
16643 2560 7531 8915 5269 13968 13284
97 9349 1938 18034 19123 13210 22442
6383 9985 16454 6510 20087 7339 15528
21681 4906 9242 8442 3488 12453 18077
4437 21634 7505 14886 4980 15106 19185
18698 8437 13425 19376 12111 13438 6403
16332 6703 3448 12976 3412 12504 5534
14402 8509 1701 7191 15535 11578 13082
21708 18151 12925 19593 3810 12301 11330
4549 12248 17678 7746 14390 15273 13566
791 9777 20699 16095 5637 10909 7395
7781 20785 273 13174 1793 9308 4059
11608 4896 14923 5360 8085 7483 6033
10224 1300 5977 1833 4558 5969 3350
405 3423 20522 14341 20723 6235 17046
21337 15879 16445 18657 12499 3411 13308
15174 4707 17248 4105 12201 16070 8953
13426 680 530 3362 6541 13041 10204
1803 6931 21061 16246 10775 20089 11835
2856 8999 17752 16276 17838 3671 15591
2224 7076 3121 4028 2044 14145 16138
13872 12084 4376 3673 3552 8278 16518
14364 21623 17959 5070 6270 16083 5792
18581 6950 3360 19425 16737 20300 7650
5778 245 19948 4896 5334 10116 19960
12283 11166 3670 4913 14721 19544 17981
10458 740 4098 2880 20627 14947 13230
11560 10905 8271 11688 4933 3288 18360
19702 1559 21317 12357 7787 8662 14901
18693 397 9293 15023 6186 9676 21832
20819 906 7974 1735 9334 3836 13711
20045 16814 21316 1781 14578 9332 3245
19947 11295 16931 12404 18764 17394 20860
3559 589 21347 18521 14008 2427 18902
10231 348 7422 12934 20347 4980 17923
2723 9192 2576 1018 9445 9340 18653
1512 4869 2223 21753 11646 16789 17647
13009 12237 7871 2579 6093 5657 9942
14907 18779 17708 15426 18936 15776 10137
19081 5587 1286 2234 22274 12164 18156
329 15915 12724 10826 11896 13303 1932
21430 10562 16769 21841 21291 4311 20996
1156 15688 10255 15142 1227 14098 1854
20924 7479 3564 1902 12891 1456 19246
3781 3552 3605 17722 13618 8571 15933
21341 4855 4494 20074 11346 13013 17322
18992 125 10258 13272 14694 8282 11095
13616 12461 255 4224 1675 12211 7176
5603 13242 14057 14297 22390 21151 9950
20781 20851 4931 7430 20157 5411 11910
8509 8439 12946 958 5832 6613 8150
18123 13186 15251 1841 6715 14533 16917
17337 6001 4856 11151 6826 14810 22203
7595 7535 2419 2230 17315 8244 2657
14264 799 3416 12272 19800 10880 12301
11323 8139 11998 15476 7103 11635 20552
5890 9918 4797 16703 17539 9136 14925
173 19416 12976 18370 1976 2866 11161
17591 3774 7850 6957 4291 6467 8393
9939 3895 8369 19381 7486 10733 6672
12977 441 19421 15142 10808 19378 17263
2344 18314 557 3773 20887 10248 17931
20488 3655 12773 15125 4447 9195 12161
782 22286 12337 6599 2522 20141 17816
16290 18714 19978 11352 11544 5590 6576
6333 7951 16085 3005 16245 1810 5083
21713 6993 21155 750 15358 15618 21587
14249 17069 17798 11532 11638 2737 8383
15872 8154 5795 12320 10091 12517 21469
709 9408 903 7044 21795 13481 13491
1303 19042 1578 3737 1638 5532 13324
12525 14652 21122 1583 6468 5200 21471
14218 13228 3619 15866 2765 18456 19788
20636 11687 14014 11445 4688 16894 21780
9578 2565 11370 17577 20883 19451 20792
7452 593 15871 734 6319 8871 8089
16361 20004 3318 10445 8945 16371 13410
4419 4804 7054 12859 11385 20003 22348
8956 15436 7879 12526 8608 17160 11237
13265 7274 7491 21564 17548 17735 20958
14904 2018 4218 2190 17024 4278 20788
21729 15191 11059 2373 11337 4593 6988
9973 21659 20593 13023 7686 5980 11075
5808 17121 12900 20568 8769 3127 18364
15026 2305 7220 1826 18209 11670 20664
17727 22022 6013 10430 4273 10728 18255
17048 14833 8213 20242 13188 6110 11944
21213 17438 6496 9333 2030 12273 4408
16047 7233 13387 7346 12388 17945 12133
8494 930 18284 7463 17068 8172 11522
19973 5071 1682 4268 8339 7541 21090
16538 10371 13889 19975 16320 18626 17638
14166 2328 14818 4785 3924 14258 21437
15098 9714 17264 10820 18674 12234 76
7602 21897 7247 622 14455 11876 18258
13174 12224 1657 14953 11713 8774 18914
10606 11344 7587 14063 18762 22411 13050
13264 3921 19810 6877 20548 5697 18763
14895 18905 3711 10309 8298 15786 12675
10577 1988 11698 11331 15893 18474 10183
17477 10866 13473 5717 15296 7740 10191
12603 18604 18151 21132 1178 11328 12537
4636 9901 20580 1805 22455 5050 17341
15046 11171 20136 9313 4087 5219 9989
9382 14778 19193 1782 9658 13568 19099
15656 10859 16030 5769 14418 16206 12864
6132 6067 8644 5321 17118 7059 17074
545 9192 7063 16959 15451 14150 18371
18325 19053 524 19151 1348 11733 7339
179 5268 14636 7974 20074 17060 4530
120 15195 13213 1414 4458 22364 21543
279 3016 17435 16452 6079 16374 14120
11424 14764 18750 12781 2259 11133 17160
11727 10724 15521 11597 9613 7676 16140
2418 14449 18162 18131 17431 7387 9487
3891 20158 13122 21843 2320 10448 22000
21055 18436 1589 10206 1824 5963 16168
8613 4611 13501 10321 14582 12675 11032
5913 11444 20093 8921 5944 16163 19006
20708 396 12172 15563 22015 14361 19325
14840 18881 10525 20151 21566 5721 5669
14787 5192 8318 8703 10147 11334 10030
59 11228 2085 14101 18973 8208 22382
18216 16136 11350 21009 19849 9447 15772
19074 10700 5217 1417 2203 4450 16409
7647 13076 21524 18788 21150 14892 18175
7700 5331 5702 9470 10719 21609 15059
5806 3224 6216 8784 7047 20328 12771
218 13507 2470 4715 7512 21965 20370
9109 12606 8343 7783 5127 19141 1445
15684 5808 18159 8171 13088 11930 19566
19732 6420 21775 383 11884 20039 20915
8086 5835 12428 2659 422 9780 19352
8843 3743 13950 18516 12430 7650 13973
10591 18610 2034 19258 4778 10542 11943
12025 11375 1962 17189 10108 15891 10313
1817 17144 5698 15168 13407 14029 11434
20246 10952 3613 11436 10013 4390 22425
419 16857 5312 8922 5797 780 8947
8389 961 21749 20916 12772 17679 11974
17762 531 2586 20423 17555 16067 22113
22380 7645 10506 8619 20284 6909 16344
6696 5913 9766 1414 7803 18549 9137
8911 519 1842 462 17901 17489 8541
4109 7073 1394 21091 18204 18899 9085
12715 3150 5650 1369 14005 744 15120
156 12929 3009 6969 2807 15028 5714
11894 5895 14526 19473 12028 12278 9702
15394 22400 6701 14243 20634 3411 6312
13151 2331 8174 20658 18584 16785 19239
13116 12177 12995 10094 15517 5346 14360
18527 3432 21424 2770 13052 12861 8504
7898 8987 2727 6484 1774 13365 16204
12693 11006 9506 4024 14182 9672 18737
7641 10394 18423 13379 14369 18033 20854
12036 7060 1017 10794 17171 6242 2445
11212 7968 11563 17501 19125 8393 9908
18720 14812 3162 11760 16610 22214 11080
267 10685 848 21129 21837 3089 13673
14 4622 2333 13365 5346 22090 16834
21496 15510 18279 20998 1201 3604 19905
8956 18870 7940 20917 16832 16341 3031
1786 1062 2899 7371 13376 13054 16360
3215 3052 6784 12082 15504 9588 12501
16879 5051 5143 617 9667 10408 19188
7048 6376 12146 18840 17859 17372 17808
8664 1470 9115 13317 18160 17515 7141
6789 3520 13669 20947 4340 14640 10986
19795 185 8946 2859 18176 14730 20202
3798 7887 20750 12106 12946 7319 472
15394 1235 14517 10487 10432 5898 20099
1533 17202 692 10160 14515 8913 5697
13151 18960 12239 21017 7682 13905 19223
6965 775 9251 21948 4883 12099 9111
12300 21765 11472 13790 8494 19792 10349
9934 13 12353 9255 18935 22034 21161
22261 2327 21270 7572 10132 6356 13322
14257 10331 18945 4975 15162 690 13715
17065 9551 681 20265 2481 6770 14177
8614 12946 15354 21189 11118 8193 8676
3215 13920 10104 17904 5651 4124 12026
20785 3048 17703 17209 15208 21540 11749
5051 11797 5323 19128 1753 20540 12522
2881 12406 3439 21464 20993 7042 14135
2391 14328 16794 3022 13314 18722 22090
15490 272 5476 1824 13118 14761 13924
142 18684 16402 476 3793 12588 21864
6329 20318 21233 7610 5779 4837 9842
22380 16746 19183 19519 13679 14007 9763
31 18467 17135 240 7004 9760 938
12987 10202 15291 17209 22129 15109 1928
13423 7644 17025 8160 6843 19214 14183
5538 2507 6325 15614 15272 12969 22250
6070 18484 7260 17328 6055 3818 17998
8911 9973 3395 19091 13469 3059 15029
8495 2869 6592 5644 5875 10628 15375
19929 18817 22411 6153 9345 4374 14137
345 16308 3693 15405 4953 4263 5309
17509 20444 5672 3000 20284 19201 15993
18190 11448 2026 2065 2436 9340 5434
139 9261 9374 6205 14007 5906 12825
18391 10770 10530 2743 1296 16315 20048
21157 649 3366 5883 20583 374 17923
13866 9611 5811 18003 14872 11574 6639
60 14907 12020 15277 1354 2290 8463
14837 13252 14678 3216 1800 20440 19809
21178 13919 14237 5642 19497 11695 20039
18677 5517 12432 11350 15741 19883 17465
207 8855 19637 3136 20534 11551 18255
19050 20159 13079 5516 20385 15345 10077
8663 6654 7874 21877 1555 20006 17351
10621 368 10694 19829 7112 18672 4962
11332 394 13794 11154 10925 14175 8024
20919 22267 14277 1838 10906 8433 7717
6298 176 10273 1856 6784 16472 8693
1126 6552 3932 2710 559 2396 19295
4425 11999 18094 3057 8733 14941 14761
7133 6623 1656 8619 13162 6669 12009
3251 10345 3198 8994 5963 10243 21871
9928 193 6361 9289 6145 13793 10290
17135 15950 15944 10956 5015 15795 12180
10436 999 20352 15855 5505 2052 9265
81 22065 17779 17794 17047 14684 18323
391 11834 21021 7133 8949 10869 16672
626 20000 17683 9082 14788 11131 1609
16052 1934 2895 19423 16014 8419 14542
15354 11886 15695 3180 7167 3904 14051
17804 4122 6032 2742 4920 9790 13167
16122 20851 2002 5418 5083 15996 21202
3771 20745 15346 1040 14406 17872 21530
4569 10255 11282 19226 2206 16831 17874
6728 5983 288 13611 19008 10147 10267
7602 19375 4062 907 2111 8203 10684
7108 8367 2278 18652 2523 2931 21636
18638 18856 6952 2472 3858 7994 4146
8773 19646 20693 9815 3907 18034 15627
20876 6453 18318 1829 18778 17333 12734
12972 8630 2053 3669 4314 16852 5213
7228 5993 458 16082 15338 2755 8949
5070 14833 2116 2873 16271 21478 15059
213 13400 16945 14603 10929 9016 22320
20135 18190 14280 15346 2543 5704 4618
18462 2547 4733 3375 11540 21848 15344
5739 12286 18874 13780 3035 4770 9979
8501 7221 9786 714 17023 1400 13088
8098 13929 702 20255 18706 9748 21187
3797 21381 9388 17035 3880 18568 6757
17363 11430 20728 2617 22295 8007 7274
129 3672 21179 5998 14277 9207 6343
7005 18944 19267 3493 19685 6501 11818
12627 1694 16818 16971 12468 11527 8575
6414 3027 10070 15977 9357 9393 19227
2070 19936 4014 3135 11044 19619 8291
17126 11427 17537 20148 9258 8378 20684
15097 4737 527 19424 10376 16247 19145
5919 11785 408 3475 16035 3872 19055
2014 9827 1120 2521 17541 7563 8736
12139 4669 18954 21964 997 7758 21145
13538 11059 10255 21733 19652 13609 10336
14249 319 16644 17071 1864 16320 16843
8455 7091 14985 450 1064 4771 13366
176 16031 14150 18246 10189 20929 15595
348 20386 1530 1644 2136 16167 6268
17239 2772 5965 18902 11294 17256 17322
6182 6773 4622 6569 6643 17210 6754
8936 19174 2793 13502 13553 11474 5105
4031 18976 531 11606 17973 14120 18051
9872 12898 4324 5718 18203 9158 14129
6213 10370 6523 19994 11377 12026 8914
9839 19269 7843 13830 21216 11620 20456
10399 15782 741 6526 6054 17225 12508
14706 2431 5977 19585 12701 20619 20321
21388 5324 2715 18297 6803 10696 13955
17905 22125 19420 16004 21322 12391 19528
15478 6983 1171 15084 10746 4272 10064
20244 18283 11133 189 4481 17785 12255
11266 2025 6952 19158 12843 9517 14584
8025 19953 4534 15550 4595 13845 21789
49 858 20400 11010 1905 5986 18799
359 1491 18273 2219 4952 7001 14434
19574 14187 5312 3696 19440 17986 18558
1193 2181 4191 17262 16448 19422 19184
14496 16802 7220 2432 19472 7465 12963
3963 3791 19732 263 20009 5949 22281
6337 3766 266 4363 12910 8949 7808
18548 2940 20063 10196 4957 16296 18699
3043 13032 1897 15680 1898 21959 9748
14686 9237 17814 20006 10877 20438 10841
20113 16093 512 22327 18784 15011 16670
9986 13764 5874 10189 5934 12455 13152
19856 477 7128 915 22314 16114 18156
21460 16702 1498 8567 10736 16672 20985
7379 431 4652 1436 22034 8809 22351
7128 20490 15467 2414 18450 18989 12115
13582 13426 14148 19053 8649 18485 20434
11277 9949 22288 9870 5456 12571 17290
15756 19793 19947 1107 7527 19122 7358
6914 3492 18353 14722 21054 17593 9429
18569 685 15568 8152 10880 8323 19088
5570 20621 2429 7300 18237 9340 16171
16093 12215 606 15249 1549 5646 7942
4760 4999 21522 15866 20532 2850 16815
4401 8780 20490 12249 17150 2650 14663
17121 2858 11659 7013 11810 1471 14499
10611 11608 10142 1514 6184 16235 21330
12762 103 10643 17032 1787 16788 12385
15107 17646 15476 16415 14786 2375 4395
6173 12353 7903 17205 6327 17011 15091
5187 7093 17023 6468 14986 17825 10343
12332 10097 7691 10608 15803 20227 16242
13128 11659 16294 18875 21761 4860 15783
18886 13458 15760 18088 2079 5391 16115
2551 7809 18809 11338 16894 6887 8322
18789 14220 13174 3508 12865 20267 17601
2771 20853 19758 11579 20761 4481 6644
15878 20093 593 1532 2370 11234 9221
3213 20283 5412 16873 3207 4745 20687
16521 12409 22378 1893 10113 21258 9040
18869 2834 11616 12347 10710 9221 20944
13484 19726 14870 18896 3030 9780 13705
20617 11507 8709 15924 14956 5643 7481
15603 19657 2657 3582 10408 5275 18175
18655 2738 6198 6128 21305 1495 11636
10095 7367 10526 1781 20399 2541 9523
12813 10289 5180 21970 5640 6778 10916
10692 6958 5071 1363 10060 14997 20417
14148 21721 16551 2190 833 19247 14665
9376 16770 18054 11093 17488 2288 5205
19421 3625 20155 17883 15748 15617 16384
22052 10789 18960 20925 17140 7178 21534
21035 2216 7873 19526 10804 9535 22233
16885 14695 7171 2582 12676 19997 20958
17523 19198 291 1509 14480 6027 3441
14577 11669 19597 3552 14581 8578 6884
4995 3813 6976 3302 4726 12782 4500
11401 20634 8697 13162 21974 8291 21874
3663 9319 10614 8125 10243 5711 6239
7289 4625 9571 13592 2677 13031 17098
51 15187 16971 6330 8928 15296 14541
8655 5787 21443 1222 3597 4018 7126
6398 1100 20442 1772 4700 9180 7109
5890 17791 9774 20151 2408 11740 3172
3879 14882 17145 6611 15309 9643 20137
12786 22100 10996 5927 1297 19955 1261
8335 12252 196 3386 7185 20328 14019
11878 18152 19243 15865 19527 5915 19130
15258 8213 17899 2672 4008 21413 22233
4401 14762 10219 8781 3191 3264 19528
361 845 15322 18264 5113 14728 12400
4846 12853 16485 9547 2854 12891 6798
7553 13582 253 21811 21293 10128 12938
7694 9428 4966 4341 14438 4831 15080
19602 12011 5300 18870 1571 7084 5556
13112 9797 832 21948 9660 17840 10260
18827 6677 3062 1634 16800 22211 8748
22316 11666 19741 7284 18770 21789 8627
21226 21498 16976 3321 4231 17183 20894
13480 18656 823 18530 3059 11086 8024
9990 14025 15687 12606 21169 19032 7224
16368 119 19008 11810 5067 9353 10314
14591 18495 5030 7280 1042 392 8479
11209 21854 12425 5026 8421 7141 16696
3365 10873 11697 4535 15350 17820 18786
11874 18597 12054 17266 11519 3842 20275
17090 20795 11449 15700 21773 6715 5673
2294 14233 12701 2302 6853 20137 21591
15021 20575 772 17283 1861 3488 18590
2162 20724 9059 4968 18568 15977 8497
10712 4383 15275 10089 16382 9989 20145
18314 15824 3979 13971 9358 10028 16888
18235 15430 7237 15726 22077 6010 16675
1769 8014 12639 902 6966 21083 2427
766 10828 13348 1770 21523 8074 6755
5458 9441 11076 19338 19236 22358 20793
2639 16413 8255 2656 18344 7285 21567
17426 10594 2180 1572 15230 5347 13333
16065 336 3312 19245 11595 22326 11664
4542 17385 5605 15348 10819 18478 9664
2629 9620 417 747 7220 15066 1687
12881 11070 2950 8055 18506 12422 18920
16608 15908 17783 14833 11443 1214 15790
1372 8963 3840 12297 19242 17382 14675
3487 12547 9037 18835 18620 6212 12725
15259 8318 10772 515 12519 10946 17506
15616 963 7909 2189 21925 7938 12093
22080 9260 13993 18749 10003 3913 5936
6844 11472 13332 1924 16588 6365 8246
945 144 4229 14848 9019 21000 2436
20914 21037 20477 9911 15437 3792 6873
3229 12064 21838 7514 19812 7790 19510
2545 1316 15612 19346 3412 18823 17004
14547 19564 1228 20865 3304 1661 14175
11608 14724 2708 3085 4626 10248 9043
9578 5748 3499 17344 18407 19709 7283
1372 17224 6080 13469 4215 2952 12101
3728 20577 2967 15366 5347 13088 6691
13798 21043 22064 16501 3538 8364 21447
9206 5045 5985 5616 2559 7399 17968
19222 5149 16329 1433 13396 17410 11307
5057 152 11727 18729 20419 12477 16498
22294 7166 8769 2935 11682 8180 11515
22177 3291 2837 1231 22464 1774 9951
15704 3764 16591 3931 7448 16354 9467
79 3526 21657 4567 7021 9903 22258
347 19203 5778 5011 5384 3581 11662
43 10347 9355 17747 12172 12596 20104
5844 10234 6555 757 5320 12487 10580
6140 13112 1001 6743 21176 3377 19824
10281 14247 2195 8384 9966 16632 9799
4858 2021 17373 10838 7936 4832 22387
296 12639 567 7241 752 1808 22347
6823 486 12896 18850 10919 5976 21905
19757 800 10310 2150 3621 2501 19173
8677 5580 1727 16613 1450 21467 18822
3113 6142 21610 8934 16211 13655 14681
1008 17447 13731 15870 22133 5224 16297
6193 206 11631 14722 1915 9838 15340
15652 3218 5268 20771 11153 19250 21187
19372 3556 14898 1435 15202 4586 7030
18086 15056 14496 3512 7156 5901 20549
5895 943 947 9691 2829 6525 15112
9514 2734 21552 15370 1365 10623 17676
12210 9561 20212 4098 14113 9760 14315
1097 22461 21966 4505 17910 14785 19165
6208 578 5623 22430 9158 10012 21266
1901 7475 6799 14493 8064 3719 5140
19387 3492 17545 10228 21411 4406 12125
1375 19179 7871 4315 22368 14717 13925
