14531 2429 1653 9409 21100
7289 1017 7605 17903 18549
3663 13801 11633 4501 3346
1047 13216 6419 10812 20020
2319 18977 4364 22123 21162
18604 20751 1970 12668 11552
22291 13376 16452 13518 16496
6175 3484 3723 15591 11208
14169 22073 7272 3784 20016
7436 2332 14021 19861 11322
18527 15808 10396 18482 15485
18152 12123 675 953 9702
799 17137 6956 1158 11346
17262 12419 13940 21026 13330
3281 12235 7827 15410 3600
259 12481 16045 12404 19833
6167 20690 19689 22371 10330
20862 2222 11491 9340 10693
6621 16512 21744 13890 19601
1327 6252 22339 21524 8141
8523 19530 2001 9306 13219
22240 4511 16462 12478 20962
21546 13595 16210 8539 18554
2329 5718 16144 14418 19291
6946 8835 20887 21669 18132
17452 18989 22046 17548 19283
14918 22263 7187 11420 15349
10157 6739 19549 19541 16834
141 14229 5885 16983 13377
6208 7944 1411 8384 8089
3848 19589 7047 16661 13037
7087 20386 10334 8160 21597
3747 17872 17117 21691 8133
5400 21635 7952 21185 10991
435 18042 3086 18046 6593
16635 89 13651 10755 17347
867 13401 18761 10610 7337
2960 2793 19662 9129 20425
314 1023 5627 5906 22161
21013 1816 1818 20732 6723
13724 14853 5062 5960 12422
5908 21470 1298 17586 6269
4218 11776 3201 5555 20202
1001 18232 5033 18620 9326
17595 19589 2237 17248 20852
835 5077 7353 14177 14327
39 1872 1431 583 6515
5470 12503 2471 13369 7417
18730 6010 10317 22213 15369
9927 11574 9249 20137 20793
85 8842 6190 15742 7709
2518 5811 20868 6354 10131
20210 18734 344 2885 118
14547 13238 22427 21585 11100
775 15410 4335 20384 11764
17384 12703 21288 17129 21029
4804 21235 7398 6611 5511
11446 5819 21277 13957 15029
7237 22448 4448 19842 21456
235 2129 6415 11202 11652
20248 2564 22365 11784 7214
8025 3973 7057 12035 5807
568 5284 10939 16667 20664
18015 17197 6602 20307 10004
10097 4494 20743 8137 20805
4809 19514 11857 11117 19262
3928 932 18355 22312 19234
16918 19597 3916 11378 21531
21051 16936 531 1931 16141
13281 13767 16616 5238 22038
20153 20138 2245 7922 13431
8537 420 17097 21720 10382
14205 1528 5579 17021 9513
986 10796 16515 15250 5550
21687 1937 14732 8575 11717
18971 13921 17819 10683 9442
17729 18960 2034 7271 8069
220 5501 16433 13153 5805
10648 431 11030 13994 22069
2366 15936 9119 12345 16765
7356 323 17747 20205 15988
18190 21475 13064 22246 15347
4568 6746 10599 20720 16162
21066 9953 16578 5643 11636
15940 16625 19020 9751 2704
12576 6232 17847 10212 7963
19729 8385 19247 18490 3450
5503 17898 12901 6360 13389
8036 22392 8336 7904 14997
2078 826 4845 18802 14028
16072 14110 16341 12744 10884
5362 18759 20532 8830 6884
594 742 2074 17001 16496
4300 1989 10098 20766 9763
336 13791 15871 7977 10875
13003 617 20620 13357 17004
13505 1065 10408 14943 20929
1362 19273 15115 8479 16909
14815 14928 19467 16365 9302
17692 7817 9560 14021 5007
1744 19957 12356 8851 18130
15729 16403 4504 21640 20665
21693 13841 21377 16897 20485
17695 12071 932 2948 3698
15472 13596 11795 4508 16049
7218 3277 18027 13188 9015
21771 8817 7191 3597 3817
4079 12324 19536 5774 16924
767 9045 19956 14177 21429
6 8129 15607 15828 12085
2645 18357 3339 10597 76
2142 15769 19369 4347 2963
2612 6072 18797 8198 2905
15830 7719 12322 22218 13219
7360 3845 15033 18570 20833
19933 21158 3761 14651 20290
9183 21699 919 9867 18073
306 337 155 19140 11821
12633 20441 20413 10876 8079
15191 4400 7312 4485 22459
6562 894 8541 9311 10676
743 19312 12990 7958 10382
22041 8901 19902 11799 21052
12286 318 19810 1955 17183
550 21924 6901 7372 15557
10641 755 20073 13437 20599
12175 141 15371 4207 12351
627 9911 6433 3119 17156
6931 5456 18568 7690 14859
20422 19874 18720 12126 19898
16433 12827 6020 1580 15047
15855 15241 18868 15761 7020
3577 9325 16003 5209 3186
20257 2546 16702 6757 15575
9557 20997 5766 16729 3591
8669 2857 21917 2784 12159
7485 6935 9958 9884 18313
10779 6965 5672 12520 3675
18333 21750 16436 3376 12441
10734 12737 6246 7870 19012
4634 6084 10211 13959 16801
8602 2970 1844 15221 10966
16332 19936 6069 9716 18951
18794 20264 4013 11766 12748
17764 2258 21171 9865 8812
14808 2183 6687 5929 6210
18564 16121 3957 7006 9627
19113 19512 13785 20360 16152
6663 15603 2559 10260 12319
154 5803 6697 3940 21636
17673 7459 18820 2143 13985
20647 4542 15870 2816 3841
828 20423 19316 19241 9770
21211 7615 11233 15207 20973
1459 6242 18807 11656 17606
11309 18764 11051 7544 11047
1131 2458 4231 928 19229
6661 6422 3001 16872 5882
1443 17072 2727 11914 17609
10393 18097 5520 19052 13475
1036 6225 14126 17081 19570
2544 6815 2377 5507 18570
6540 12303 14257 2447 4321
3607 7522 21095 5640 22088
5082 14896 739 9804 2775
388 11633 2963 6157 9925
3648 3029 10791 5294 1853
12067 4283 17555 20754 7895
10203 22381 19771 10315 12847
21351 6278 1742 2994 18096
4940 5113 9655 11122 13427
334 10797 22313 6645 21015
16052 6972 18750 8041 21735
1142 2971 21640 5649 18538
18644 1130 12373 4659 15875
4429 14038 3379 4798 20978
977 15637 15464 13658 18046
4857 13297 14127 6903 17311
5546 11113 5655 10359 1232
13602 6391 22259 16279 21974
13 12027 20224 9388 4007
22265 9109 19008 17562 11579
1419 7802 15786 8093 11294
1592 11966 11097 20200 17052
21415 17232 22130 5415 16589
6321 19406 5606 7446 14227
10100 15632 8422 16783 4699
3382 8545 5265 4612 21944
8718 14145 20204 7742 19614
11531 5087 6599 1755 18335
17438 14240 869 13215 1097
20857 20430 7045 19032 14498
15684 6559 19099 15880 20391
8426 339 14448 13826 11924
303 10396 10808 3685 5721
19133 6066 4707 20402 10830
17071 13414 20414 5380 2995
17069 18342 20779 16435 9107
18154 8753 11724 19328 6026
15785 317 19124 8781 5146
3491 210 19522 6652 8468
7422 10846 16392 18884 8350
22261 313 9895 17760 15063
19781 1512 8450 4932 17953
20070 15756 17966 9289 1947
4809 4452 8251 4551 22353
17758 13695 4958 11454 15293
1114 11340 13361 7554 9894
9104 6552 5292 6309 12551
10609 8776 15477 6985 6123
3466 9431 18321 5310 21441
3420 523 10674 8133 17767
17384 11873 1088 17059 3844
6132 1428 20805 2577 14877
9045 1453 10318 17941 15264
7216 13678 4165 4491 20298
11254 4117 1538 6087 19488
20138 2695 2480 3989 4949
8324 1247 4059 10233 16314
872 19065 8192 16134 9875
19246 20980 21908 5724 15520
3816 2554 11160 7051 13364
21573 803 13632 22451 19164
3032 4218 16832 14175 2708
10366 9475 1868 6172 16335
15986 14955 14585 1775 21515
4794 564 1383 15390 2497
6466 17645 4291 18147 21633
17866 5892 2402 13925 12963
781 20700 2445 10276 10456
19513 1729 19508 14224 10916
16329 815 13113 1506 3101
17033 15695 18199 12138 10977
16467 9018 16269 20399 11188
19594 8486 4174 3535 5378
17217 6259 17681 10086 6723
5335 5501 6125 17168 9862
589 4236 19587 3591 20126
1773 17846 9066 4899 13196
9352 11640 17504 15309 19408
17090 14074 3447 16342 20739
13916 11387 13431 8084 15825
7239 16036 18692 11872 15517
4751 21594 2042 11418 13066
1654 7401 19209 20447 10376
519 427 20331 17139 17675
12305 3911 11252 5608 19570
20019 810 12069 8420 15248
9128 9992 14581 7662 15848
2331 423 5246 17332 2985
1042 21122 9953 9251 4317
13893 803 6863 3770 17895
48 18869 20514 18603 13637
5694 17521 12068 8100 9847
10231 20582 593 1888 8884
3392 17522 16275 8053 10527
70 14330 20948 22071 12538
465 1145 17362 8762 4119
20118 718 1545 4838 4940
8874 6373 20872 12619 2821
15749 3966 16802 17615 6889
52 662 15212 16654 9387
3443 6085 637 700 16767
18153 19448 1615 2132 11907
2368 10944 2626 19293 7949
3426 1571 10199 8436 19234
19010 20781 11056 7419 3011
5221 11041 4462 11024 18182
3160 20364 17077 15170 13837
7179 12708 11092 6464 10438
20682 5803 17850 4802 11304
9785 4579 13975 19918 21927
8686 19533 13191 19851 13094
20584 14184 19136 13179 5725
21348 1314 2967 19522 21202
14633 19955 6561 9552 20384
5287 18202 1645 6311 6586
15448 1663 3011 19888 18486
7776 18349 17991 7977 6216
9698 18678 15563 4581 18571
13114 1014 20038 1775 2267
1686 1239 18641 12545 14321
4399 8427 2149 10160 1436
11179 583 11631 2781 12043
11604 18728 11760 8108 19433
9138 10640 10253 9044 12588
195 1114 11779 2852 7964
10701 16982 10495 15132 13673
16965 7277 8809 10169 18867
1326 3016 6504 7943 17832
19421 6856 20587 21908 20431
8036 1218 5968 3327 15205
17579 10055 17921 6152 13969
3047 9891 4434 10494 14416
14685 17495 688 6688 12926
11969 21217 17166 14414 15776
20744 14591 10692 4509 21390
20655 22134 21241 8616 20609
10947 6710 21969 10337 9124
5573 3742 5270 10324 9409
173 11381 9392 20109 22215
14272 18230 12489 6267 18662
967 15244 7204 4945 17278
21713 6659 13621 14553 1563
8968 380 578 12741 3427
11794 19562 15661 1315 8612
20989 17752 2737 14600 14933
18564 5395 2304 9592 17279
16028 13253 7558 9232 22168
16552 17099 20717 9741 15680
11769 11359 13250 6745 16182
20421 12365 18759 13633 3014
2641 15574 12864 9792 20943
21009 6838 2791 22097 22285
1302 21821 20279 5976 22036
5307 17148 8178 7354 13479
16490 13159 11724 13447 19676
9289 19478 13419 7322 19167
22401 2369 2601 7908 10753
446 9551 18679 4381 7962
9275 127 21672 14071 13836
18186 4812 4339 6343 16225
751 2915 7906 7931 20425
14840 17386 15976 3840 2700
4061 2091 13336 8718 22454
12894 10915 11582 12127 22154
22181 12827 12446 19809 18501
14671 17234 19830 10334 6884
4461 18295 3905 10184 3753
2052 11325 15758 5129 7849
17674 13769 14955 15297 20111
1987 11397 5834 5679 15357
8288 4892 11577 16837 16410
22283 1197 12065 2741 16439
14332 8282 12599 21431 14376
13368 817 883 12540 22390
7903 11068 4460 12528 12963
2089 14686 13212 12420 8848
15355 1305 10080 11483 20852
20762 6125 16458 1497 18823
3323 9110 3165 19680 10133
22450 6085 22290 520 6838
8516 10732 1392 4078 6015
17 6875 9674 15679 7236
9514 15391 8186 8016 12320
13302 11775 2008 2307 7993
12199 13409 6339 3149 5640
592 1692 8926 18420 22300
13858 13818 16965 3651 21031
21556 18679 10773 21520 13566
20105 9735 1975 11597 6239
2071 21112 507 13170 3049
1330 11161 12411 11937 15201
6695 19796 21387 21481 7714
413 15884 11262 9650 21198
16803 18846 8207 6024 11255
9817 451 15585 2804 1310
21301 7743 10404 14717 21074
916 17053 7415 4852 7973
1292 11787 14021 11574 9790
22230 21444 8130 20738 6925
3532 9028 7754 8969 19211
5510 20139 20817 10786 14054
22118 21228 20460 7435 22108
57 20254 15197 10122 9182
19148 18180 432 16787 13071
5713 5858 19890 2274 21330
21514 20816 8133 16373 14915
7026 9373 3299 19918 11279
4917 11712 8354 22239 2631
2128 18623 14167 5009 18443
8377 3833 21618 20686 21636
15987 9462 734 16528 17383
20435 13164 21030 5673 4920
5449 19082 1993 8085 13474
21951 74 17229 357 5935
15076 18462 17168 8681 20639
10255 2036 1456 16711 10161
9982 10749 5112 18776 9438
14495 16068 13895 20186 16632
17845 4439 8835 20287 17466
20481 10442 17315 6762 16074
5379 678 4196 22187 17759
15475 1413 10694 2798 4167
4526 15957 4515 19381 17052
9727 15472 3510 16913 20142
7437 515 14913 14101 11616
8747 17993 19696 13583 3698
977 18817 4447 15229 13160
437 17511 10315 7551 21195
5636 12237 9189 9886 20685
1331 4533 10845 15063 7031
215 951 11765 22036 21875
470 8974 2173 12447 21476
4829 17961 20868 2803 9884
8095 6081 8128 16441 4020
727 2631 9643 21171 15225
47 11089 10107 20599 10195
364 22352 16547 7628 6487
10439 4257 16190 9199 4706
210 17646 2860 3407 10739
15643 5162 19981 1687 2206
12984 8107 3849 20401 14285
19979 17956 17996 2781 6277
115 8095 16737 4838 15495
4341 6825 5021 15921 11674
1357 21764 16609 19471 5350
18707 18514 22306 7696 8536
7049 15732 6042 14620 13204
14204 15571 12535 4870 10723
15408 5284 1715 3836 19413
14207 11459 20928 8203 14196
3771 17813 1684 22253 13883
9069 4301 1804 19883 5898
8004 12408 10868 10450 14321
17594 1838 6465 16766 12931
17535 9856 1982 9913 20391
5201 18870 14421 20669 13927
22230 16116 13133 18687 21789
14458 9196 6927 9243 1776
16311 21337 21612 18035 10489
12759 13656 15973 9690 14727
21057 13589 12359 16925 20839
5560 14337 5584 16172 18699
12021 6606 2881 14848 5326
18717 16453 1522 3254 10965
2294 17521 1770 15457 15255
11222 15941 2920 20326 20735
1035 16292 17795 11819 21267
1490 577 18803 14042 9896
3213 12672 10043 20020 8264
2492 18676 3551 3210 9309
372 14909 4817 6790 16934
15654 11250 13655 8069 9851
6553 1151 20292 2688 3566
3521 5388 21219 4880 15335
10399 20299 6180 4092 6792
15278 5638 10654 5940 14763
1244 16122 14365 6755 6268
10865 4367 17636 3338 2826
17877 13709 1102 2491 9742
1432 16454 19993 11157 18635
15917 5953 2247 6456 19418
6248 14813 15816 20494 12094
7218 9653 14052 7329 15329
4187 14426 5395 14448 19152
4914 13132 14820 5831 7598
10285 13321 5018 3099 18429
18289 6940 5659 17117 6891
424 17747 15043 3195 16815
12230 4257 2454 9575 15546
15963 8336 11132 18807 16744
17783 14921 4181 17541 20195
7400 871 1128 18407 16149
21043 10459 2859 13949 16963
20801 10329 2165 20061 16612
1398 13274 1341 11628 16789
18494 21121 10204 9799 15312
511 20797 20936 17572 3017
7167 6870 6157 6186 18272
762 2996 20503 13704 13606
15283 11348 17760 14911 4381
8751 9760 21249 4181 10563
20146 11875 22243 4746 6155
487 16087 14744 2758 16378
5735 1437 5428 2293 6890
9412 4010 18623 21970 2095
86 837 453 17309 8319
12375 3404 2195 8913 17580
15052 12918 16591 18912 18318
11696 9953 11633 19400 12796
13630 16419 21286 5891 9492
4617 11178 12891 20413 20289
13027 7475 10956 14728 17029
5211 484 11191 5376 20834
16813 21043 21750 19167 19239
12678 7648 6809 2046 13308
4548 22210 12955 18001 3605
12410 4104 10089 14927 3014
16988 15328 1934 869 11365
387 21966 3352 17440 6449
13597 22460 13901 7299 16298
20396 8821 4108 9080 4593
18750 5932 7980 20917 1909
16975 18944 17710 11997 2712
16520 6799 1885 10094 12644
10315 22128 13094 3952 9491
970 12071 658 2515 22214
4840 1803 869 11632 13880
1282 16593 21969 11049 13241
4235 6197 19427 11870 11287
19727 6419 1829 21069 4820
20129 15962 12544 20197 19066
9651 22400 5651 21089 17666
17914 22103 639 9629 13220
10550 2008 4055 20567 3969
6823 6763 9242 21216 8562
12534 1342 21417 10337 9529
5228 14961 5275 22310 17406
430 8394 4131 3851 4278
4917 18814 5653 5507 14286
12762 3618 8791 11752 8764
11580 6262 10823 14871 11019
17213 10588 10476 16925 18044
9197 6070 2794 995 19839
18079 7453 9295 9116 21893
18475 21575 5569 8073 8429
585 644 21233 20711 15375
3766 19492 5560 1824 10148
1189 5256 6426 9308 7028
8557 11596 14966 4748 9857
359 11532 14353 2407 7185
2416 4204 13895 5441 15971
6517 2213 9752 7577 15136
21229 20586 4187 2603 15558
8698 18473 6256 12446 13474
1015 1518 12506 14133 15997
16151 5432 7401 3029 12310
2473 14884 3575 12296 5441
18217 19270 14426 21696 7998
9097 7683 10778 17360 17372
669 18639 5273 18930 6837
5981 16969 1569 16605 10236
9864 20219 15608 13927 10409
16026 14308 21438 12530 15900
21323 3121 14956 19181 7429
13502 19840 15660 13045 7160
6480 16660 6791 9334 19797
12075 14830 9000 18687 20544
9995 17873 15810 13218 19454
17648 19726 11517 7321 18570
5785 5931 242 5335 8659
3607 7516 8228 18650 10053
6878 10695 3125 13927 10382
20433 6594 21655 13301 19605
10129 441 2800 5906 9401
3404 11735 16306 17585 14645
1327 5923 4726 14468 16734
22236 9099 6810 20126 12725
8189 10666 12193 11554 6522
10202 12486 20283 8847 9616
18974 21433 10046 14999 8830
21833 14535 20612 11826 14034
9018 3856 7759 21136 3651
12790 17581 20165 17084 10336
8763 14622 5284 10339 9701
5353 3213 15862 20975 14203
17667 19615 9794 3339 18031
2959 292 20913 16428 15320
21544 10988 9988 17551 20529
14241 6738 11503 16819 20973
2594 5108 6598 12042 6504
18178 2295 13431 3947 6712
10574 17565 17829 3422 5305
14480 4073 13136 6853 15201
7641 18652 14823 10885 4593
22259 22116 7627 10738 4181
405 7909 18610 2836 6317
8486 11612 17057 22270 4361
10518 11673 7290 19178 22209
262 8174 18629 4206 13669
10857 101 6730 16907 15033
20463 4990 18621 3051 10987
560 11132 4726 17368 15922
18075 2208 5983 2164 5291
10047 17103 14369 18032 13924
8555 11264 19023 11474 7614
4597 18423 15352 13131 8833
7460 1686 14718 11649 14026
11082 11729 17039 17496 21159
2182 17435 8890 12117 9027
15987 1349 1486 16436 21898
17588 13916 900 1616 10863
20146 18043 17168 9613 18165
13600 756 3600 4932 15938
11604 17826 5633 2953 3664
9023 2702 4043 19171 17643
5339 17048 441 11300 13635
18739 20875 1972 15070 21152
13897 10859 17055 2228 15889
11240 20490 5290 21138 3258
224 14713 8705 5576 16335
16417 12595 7128 9154 8563
17178 418 3477 12096 15617
10429 12209 3063 15148 15244
11003 6116 8299 12975 12491
14772 12049 19907 6155 7242
3676 1543 21481 7632 21720
8245 2444 3787 14759 19661
9263 10008 470 9000 19080
904 396 12213 4675 3601
20158 18534 17058 5984 19018
12020 17453 7588 3170 12159
11920 1535 18622 18723 17576
603 22196 9999 17816 4590
108 20148 19652 14767 18255
6679 2245 1515 3453 13333
18701 19521 3511 11272 18968
20255 3071 12890 8328 8628
19205 2074 21246 9536 13804
6550 9168 11445 16832 19940
4858 3187 14150 18194 14569
21373 11777 3207 19664 12785
18170 12097 7893 15137 21802
701 1989 14712 21887 28
10231 356 1312 5292 9439
16823 2585 19002 3335 17630
10041 5844 10826 3243 2708
1521 217 13677 1770 3078
6453 315 3633 19522 21591
4221 18959 17873 21773 9335
11829 3328 17239 1591 8059
6994 14956 14818 3992 17514
389 21057 12553 15285 11673
14804 6398 9663 4926 21016
21123 13938 3534 13650 12921
2837 22144 15124 8944 19257
15684 8449 15078 22174 11325
17711 4023 2780 17260 6841
18304 37 3933 8751 7170
5951 8974 21714 19717 16771
19081 17889 18865 11814 1748
21347 16666 17264 13221 20664
2575 1095 5595 13365 20896
573 1202 7984 4539 21426
9335 2935 6712 12529 20804
5858 20509 21618 17494 10940
4779 13306 11749 21534 5296
12902 1467 574 6666 11598
13112 4825 14801 637 20691
12464 10118 3912 9637 15053
19583 4439 7649 15697 12455
12135 3019 1388 19484 14501
18638 21537 6067 9842 14244
12361 15442 3038 3991 8997
17236 12056 4821 5098 14991
12005 6417 14160 13836 20060
16970 13444 15453 9446 15077
4601 18459 19572 14846 10485
2311 11963 3550 20648 6108
57 7525 21118 14394 18461
11794 17594 18128 22053 20266
18079 8422 17806 17777 7492
4562 20846 5595 1884 5377
14174 18736 4195 13195 3136
13631 21121 5625 8350 15770
8216 11672 21036 16800 9862
3173 4675 2048 1899 4463
18271 12290 19899 4148 14390
10641 16887 18896 5702 2807
6820 8625 8217 21223 15954
17522 5033 11325 4953 11226
15214 1559 10437 2669 12649
6710 19311 19381 16354 17822
8460 3941 790 10532 12733
9515 21542 2044 2183 6445
705 5566 14323 11122 9913
3773 12118 10509 8639 3746
12827 5925 5241 2804 8951
22162 7408 16148 2249 4216
6729 10556 3680 16358 18165
10475 4071 3362 10408 11679
22052 11123 3627 9900 12803
16618 7452 2831 3297 21040
826 862 17161 12310 19171
7651 9698 535 8100 2588
11193 10280 3147 11995 14774
14710 1965 16601 17856 17219
1789 3579 17472 6305 5898
18349 6132 20118 2329 5773
20375 14044 13045 20942 8223
11719 1234 18766 6606 7506
14213 6618 2564 17040 3190
347 8392 15467 21601 15988
49 423 2832 3754 20616
14790 19634 450 6543 21453
5896 1466 15404 22447 18582
9625 3544 5834 5534 11695
2754 13505 3050 8142 11783
20373 11810 18873 14979 14644
10731 17197 8271 13285 8979
12790 19978 5540 9713 6891
8975 2328 16017 13076 9914
13257 12248 12885 13598 2694
4887 21164 17583 18536 18538
7829 21199 3548 3793 3958
8381 6544 6011 7018 2722
6398 10781 11977 19445 14884
2506 21134 8505 6411 19170
3584 6404 20025 6461 12179
13445 21723 17883 16811 4332
13302 18583 19575 16764 11188
21635 242 4676 17456 5368
5819 10043 10705 16576 18213
141 3242 10031 13518 15336
7095 9953 13959 18175 19586
16309 12858 14674 13840 16684
13336 6443 13057 14943 18699
3932 179 4472 18996 19335
9638 9035 14646 11696 11009
12116 15126 6583 18626 17467
7850 4096 4901 3057 22260
20976 17158 13505 18631 4972
6709 2567 2566 6945 16345
11878 13142 9306 8522 12431
10117 14493 21518 3997 18786
11705 20203 6073 17800 13328
19365 17834 12852 10146 17281
6253 13548 6170 5722 7244
2344 955 1853 13864 12748
14900 13277 6745 5685 21285
4882 9890 9660 18618 14419
9901 10031 14150 13768 28
12593 20156 20914 15884 2299
20624 20557 14670 7997 12246
22419 8496 5402 10028 13491
18359 15341 14500 14309 10758
22029 14823 18241 15772 12251
1834 529 18961 6343 21567
8297 6994 7703 3833 11731
20067 21384 7133 2296 7266
19358 15474 6893 16526 76
5163 4849 12729 20885 3181
2204 5984 18445 9016 15203
22240 21862 5667 18516 18547
14521 3677 16414 4001 12164
5476 8264 11239 7328 19238
5523 2169 19011 4396 16018
4633 7916 11130 11072 7110
15986 995 2099 13732 5641
13460 3728 6442 11182 19104
12570 12396 20382 11109 17623
7401 10588 20460 1797 2370
630 18377 11142 10187 8287
14713 18143 19390 11933 18319
4739 20046 1465 13189 10038
10444 2802 8991 1887 18533
18359 11586 22035 21525 3453
20525 10234 20619 7802 14129
18436 11046 8077 14836 20527
15476 7331 21126 4444 13754
18030 8266 10528 387 21487
19492 4310 5696 1098 21808
18056 18811 18660 6341 14752
9539 721 2009 20266 6221
15478 13016 5015 17644 7714
21559 12996 8581 19141 21410
16993 10661 12205 7937 16142
16641 8205 22353 19409 17091
166 718 1180 4740 9136
12595 3440 2291 15798 19971
10511 3729 12205 1567 15501
12794 22110 831 1383 20350
5580 11755 9968 17264 17424
21097 17680 21068 22004 12787
11336 6052 21855 10939 7058
19203 4061 908 3627 22384
366 3982 11249 14775 14433
15090 4058 1800 2396 18345
11560 8607 3845 21104 4896
17846 5715 2920 19378 18199
20316 1825 17975 8705 6461
14099 17162 1855 11505 17424
8573 7276 10963 17981 19293
13947 2324 20576 15058 14797
21820 5149 13777 20364 9814
9858 13260 20293 8608 13531
3891 14790 8725 7522 19951
17197 8700 16760 4886 19466
400 3550 2267 5139 9753
14497 8086 7921 2195 13785
17332 13812 10807 12800 8648
12739 8868 17490 14037 8560
5082 14762 5377 3763 19554
652 192 5726 15081 17129
10264 11172 12908 18429 19363
2629 9422 21009 12427 17086
7076 9181 6388 14765 10266
21907 3302 20006 6530 19910
11500 21882 11501 18270 8375
14445 16521 11573 1656 6267
14804 13725 12405 14121 18635
6674 15668 8359 7455 20994
21594 8920 9247 4039 16199
19307 8561 12219 20330 17970
19969 18271 904 1060 9969
11242 1376 16954 3480 4509
9001 6411 5117 16385 7593
14701 7651 19893 10103 18547
11465 8440 9432 20563 13647
15581 14127 2729 2962 21960
18349 16047 4796 7030 12904
13854 7498 20693 1534 19552
916 12806 20156 11547 3328
4075 18954 20598 7659 17607
9063 5268 10996 20053 9573
11627 6235 16877 2811 6680
9239 17040 21411 6901 14013
9817 492 10525 19209 13430
12375 20857 9304 18207 4973
11687 14837 394 8441 17754
14317 20880 17530 5884 21633
7210 14408 11762 18265 16886
17289 13706 18098 13913 14019
8896 14018 3298 20264 6911
21922 1515 5674 18834 17923
4425 1835 2182 11090 9908
12157 11579 17814 9258 7105
630 21470 20540 5190 5506
16073 7444 5985 5992 16696
5 3697 962 10763 22223
16742 14148 22290 6141 5102
2153 859 10751 6475 11219
17452 15126 9822 4551 12474
20760 3632 19734 20643 20627
352 10016 7805 6098 13700
15596 3473 10172 4387 14684
6867 9195 20331 18354 16157
12965 8153 14482 1385 12224
16650 8554 12152 1807 2873
22380 22102 2384 1172 4056
6318 16320 15484 15569 22143
15129 3826 1286 8881 16421
22237 11426 12015 10585 10572
8788 4069 15156 2720 11919
10539 7651 2237 9106 7607
3150 15632 21936 9860 10487
11816 10246 12811 5137 7126
21218 7248 9194 1963 21303
12682 930 19730 22414 14135
568 8557 21021 10483 12721
143 14455 21121 10274 7696
77 2297 7964 11320 16694
22276 14649 4205 3206 22270
22245 4672 14270 18144 1854
21512 6518 6939 16696 20803
5345 2361 14844 21050 7185
14115 810 7581 13105 12251
14551 5991 5217 4105 9680
9515 10834 3697 7977 18102
927 12463 13679 2637 5721
7294 21894 14823 13442 11153
5942 19948 10235 6182 16117
15211 7096 6295 9345 11723
16073 22135 16344 13115 13054
21281 21166 7305 19652 17442
9811 20567 3575 15842 7808
13537 10391 3002 5281 20360
2085 13293 10505 14565 7933
6612 14468 15540 3145 5642
2422 19225 10625 18593 21471
22241 533 1226 850 20556
12092 11822 11465 4223 3227
8271 8740 10149 5647 5708
8243 5439 19645 7332 6639
12462 13921 703 16060 9937
9663 2756 10591 3450 12125
8189 17374 20496 9451 10125
10661 1863 17806 15958 7455
2312 1485 12615 12201 8978
13890 8391 11530 16875 18795
21599 15706 9427 10001 21865
6324 5120 17698 11438 14046
1516 19533 15138 4781 7516
493 3399 8760 15222 8409
19129 2015 8284 14957 19450
13750 1120 5026 15451 21526
3891 4630 879 12003 13057
20617 3732 9430 16395 6548
14116 18085 10647 19842 17593
21785 14733 20865 2760 15250
18105 3468 9584 14979 4937
13756 19618 5453 5078 12178
11172 774 3282 8428 9516
9934 16337 16820 16493 14314
672 20458 1007 4038 15081
8168 11959 1550 7170 22326
11769 18361 6279 12192 19414
11296 5514 2095 22298 15091
204 12143 22155 4837 18401
14103 6746 5687 7637 11278
20713 5312 8094 10692 6323
17546 20504 22448 22252 10223
18597 20801 921 4979 5549
15354 2184 1880 2032 18044
348 2959 6892 12012 1761
2167 21156 8507 2406 5310
7828 4233 12953 10625 3124
7094 15605 10811 16986 6872
19633 9156 10973 21349 12217
20886 14298 6003 16725 22344
2146 20757 12042 10081 21647
6640 17324 21426 6194 17383
8245 18720 13848 21691 16266
19415 6276 20268 1688 9108
17130 8072 13063 12499 14092
19122 3480 10340 11923 12110
17803 21408 4182 20996 19811
16270 17827 5282 3804 22353
9126 20892 16033 20972 21924
2422 12856 7468 1119 10990
14777 6453 6356 7603 13708
22385 12798 17662 2285 19212
628 16082 15167 19818 13968
18386 17787 1347 22117 5061
14778 1772 20934 14599 14459
364 18306 17816 4641 10990
9850 1577 20242 18270 13111
7257 713 16699 18620 21980
14487 1931 21625 5413 21999
630 8956 11966 9482 15559
18601 15563 15239 21360 16824
18167 2385 10063 7293 4498
10310 3266 15693 5958 16930
14931 21684 5664 10994 17785
4871 10791 5704 18298 20424
5337 6738 19320 13959 20835
20516 16999 2668 12405 11120
3053 17858 11767 19302 15428
11375 5509 2135 17691 7662
5422 1493 16833 20686 14137
264 14038 17345 14359 1506
57 21347 9506 2519 9708
358 15573 1575 11325 7132
1801 4750 537 21822 13207
9593 20724 1844 9179 18203
5890 17121 8579 2341 10801
10912 18735 17014 4511 13740
19817 17498 18114 9672 4166
21259 10453 4339 16658 19547
7866 2436 2728 10696 20979
12000 4304 19673 11148 8853
1841 11325 4274 17008 22157
11721 10080 1869 7287 17054
17350 17067 13465 4303 15372
15408 4191 1099 14368 17076
20 4758 13982 2469 12531
4549 21914 9411 19834 2971
17740 17633 8609 2088 11567
2684 21218 20890 1596 3957
16336 4953 13637 22121 6448
2599 265 4938 10186 2033
10539 332 19806 733 18329
15199 9648 708 7891 10804
15904 20470 4237 6336 17763
18972 10005 13249 21313 8543
5045 404 2239 22053 12211
8709 9081 5516 12200 7986
14969 13808 7894 3114 3500
1 548 8594 3206 4798
2725 14471 1246 19251 19789
7338 8886 18040 17901 2308
13228 7145 18119 16548 17551
7108 843 2840 11891 3617
4305 15442 1322 3591 11298
21337 7485 6222 1153 15791
12175 10105 18207 6315 12931
5591 22025 10446 5288 3753
19854 10156 4274 21094 5615
6340 18925 8935 3967 16996
12573 16045 5766 6530 20112
17354 12172 11617 20253 2913
931 14818 3275 4416 18908
11007 7318 4905 21943 20651
3602 1607 14150 15279 18737
12987 10181 5845 13847 19244
18601 29 14852 2900 10990
16887 15524 17369 5363 7625
11565 10824 7380 10046 19755
18615 13531 16107 7679 5434
18895 16537 21359 4944 17155
1978 4995 15501 21953 14321
7837 427 13549 7980 18114
3964 7173 2745 1996 17442
1370 8568 20470 21136 18371
626 13359 17542 13960 17225
11196 2476 719 4243 14299
20699 5427 14610 8465 10006
12038 18068 13006 4970 9010
74 3892 15111 16489 21770
965 13368 4236 9341 8617
3215 19027 2019 22103 18128
10444 13789 7656 11656 12932
20756 9255 21103 4158 3560
7488 2710 14254 6108 9463
12609 14408 14544 13082 16500
16868 1944 7793 18843 17219
3273 74 7036 3412 6110
1827 159 6043 10666 21728
3786 8403 8990 10584 20804
4808 7422 12667 9057 12703
8762 18657 20939 7662 11907
17988 4419 13812 15402 21654
663 14566 2239 4747 5173
3938 22001 9095 3929 20121
18601 5345 16901 14856 22303
13537 192 5543 1451 3051
4987 12452 7793 19500 6384
7697 7172 21251 17075 4690
2238 15898 15663 13907 9956
