8519 14452 5079
7139 13466 13089
21349 7084 22045
14743 7711 11116
19197 7401 18144
2999 8565 18555
7347 1832 13583
2647 17902 14420
5 12578 15972
11516 11397 4682
21157 17636 14563
6001 464 1373
15928 6241 4896
557 16824 3205
12794 22429 14943
12564 15622 15288
15970 16798 15081
11066 6607 6126
7288 18333 14197
19588 449 10644
4558 15113 21585
13608 8374 5601
6356 6960 13704
1800 17047 5161
21393 2693 7632
4476 7026 11747
8521 18017 15627
98 3521 15968
6622 18492 18251
7565 17902 11481
1616 6548 19339
12981 4777 17314
6456 7883 14224
9641 7751 4983
9554 22286 19162
20408 19061 14555
1518 11970 13668
2380 15780 12956
2639 7252 15577
14772 7843 16042
12740 5090 22235
17099 15095 21704
11791 11586 11434
5227 3791 5011
8397 4517 10312
5494 6478 11898
4308 8445 13011
1691 18386 13409
8877 797 22458
21921 11872 13185
15647 8999 8294
11671 11618 8997
7040 11326 7563
10509 3260 11978
13155 4364 8502
17478 1864 13347
19311 10993 6036
17673 10251 15268
17307 15387 4151
16389 15004 17986
12369 14846 9487
17847 14298 6152
41 10586 15725
19388 9385 20379
14495 7336 2850
360 13216 10380
8656 20491 4638
17051 8857 15760
4583 1523 14011
18803 21945 10153
9528 22278 13410
15052 1085 9937
563 4958 10742
1094 6490 15685
1778 15234 7636
4048 10518 4110
5740 1092 8736
19441 656 21138
14399 19274 13377
15186 10254 18802
18126 22373 6506
5658 14812 19955
21180 15331 13472
6581 15948 18840
3476 855 4194
11306 15424 18032
2058 15126 15588
21228 18210 12505
2512 4442 17222
16121 21542 17832
5662 12751 16168
12638 2816 5017
20301 12505 19191
15330 5491 13819
8706 18397 5769
10972 8917 13707
10788 1816 19676
21462 17274 11037
9598 9977 14315
3404 2632 4585
4338 15156 18397
7496 1222 2106
11642 17402 16331
15868 1281 20649
2651 1508 7149
6608 20822 14758
20919 5154 19713
9741 19328 19720
5144 2300 4145
15684 12835 15915
564 13403 19960
13830 8792 14029
21043 15431 14576
21327 1696 5290
1403 20959 20705
10392 21156 13739
20 12782 14258
16889 846 21431
16639 9944 1514
21630 7949 16237
563 14013 11434
3343 7869 3806
18949 1607 4198
22400 12076 3283
90 9030 16833
11956 10961 21944
11423 16998 16523
9640 14961 8176
1047 13578 17071
10973 5962 6483
16028 20178 18273
22106 19153 17850
22389 7612 8900
12911 7234 21842
12868 321 3222
20820 16279 17342
2970 21438 16806
18075 15586 20286
3902 15382 8867
7315 22061 16248
17641 594 2218
13854 21121 1883
6023 3178 9463
13832 6363 10353
15956 17672 17077
12622 19112 4983
483 10665 15257
17128 21820 13938
3213 10486 3983
201 2646 3841
21274 6180 3957
27 14257 3873
8014 10310 18831
5861 20558 13682
1602 14168 6731
5505 21515 9544
7847 15464 1563
13312 4208 17517
13254 19016 7859
5802 10144 12274
15522 2102 2534
18021 203 6821
15830 358 6607
18169 20768 12149
21385 14146 2930
12102 11865 13322
20600 17972 18552
9631 11530 9887
18744 16841 4532
2310 12780 17458
18963 2604 3609
20983 13831 11838
7837 1691 11896
5923 8192 22136
2904 15421 11924
1954 20613 11287
12872 6990 1091
3535 14291 12378
10197 4943 3634
188 17971 14315
2443 9353 11914
20572 10165 19450
19870 13239 18541
20716 14407 18486
21141 5516 9266
3416 1542 11478
16835 12873 17700
12062 16468 20796
21373 1884 7994
16187 12191 22258
20876 5610 3734
9881 4290 14270
2348 14411 10108
8345 16492 16665
1122 7284 16718
10759 6666 21026
3330 17287 12180
20539 20669 7115
13120 1030 13287
13635 5204 17167
8149 11175 6141
3246 16644 19760
12429 9686 13411
19844 6592 19826
3891 6160 12990
18467 18141 8612
20500 8359 7876
18623 16603 19720
7750 21022 7558
19643 10148 19605
11310 9219 22148
18750 5316 20964
14219 10994 6425
19933 21807 5773
19646 14584 9798
7081 15376 11400
10554 619 12879
6675 15142 15753
4453 9236 7935
12472 10868 21469
16383 20643 4575
12794 9893 15934
19801 4658 12343
6070 20614 21454
16984 21030 3723
5420 5590 6678
134 19523 1677
2773 19729 1249
5923 9991 10004
4489 12847 8748
11890 825 21026
17391 22445 12766
15899 1314 14232
12036 7599 7790
21877 16059 9857
2330 20834 18199
5847 15298 20187
17291 14675 19188
14190 6151 21060
406 482 18401
3074 20824 3225
19964 20361 2329
11265 10550 8771
8671 7302 9218
13919 21293 12405
6146 19158 21613
13286 19545 7313
847 20784 4721
17441 18382 17704
1058 19209 15854
55 7012 10683
20047 20322 12044
6566 5636 7337
11158 9995 1164
21774 18324 16104
14095 9871 2888
4339 5260 4880
625 7806 16241
6833 6698 14639
3485 17648 20309
4227 18901 6036
19829 4381 8914
9435 4972 6509
15262 20246 9399
8395 14683 14074
12696 500 7292
14102 14382 4407
350 422 5682
2518 18410 20553
4699 5133 11353
12071 22336 11919
21977 4781 18543
710 13906 2724
8277 5394 6296
793 18955 8468
17711 22022 7381
12936 12261 15386
20237 1284 8551
18887 19874 8462
7471 9522 11438
6987 13642 14134
3229 14938 7463
17920 2865 12251
3484 6749 7875
2109 5132 11561
14536 14806 2829
4086 6374 8344
9188 16828 8479
21988 13895 9423
16479 6903 12400
14489 11923 7273
16277 3216 5457
7715 15004 16169
9784 17003 12041
8928 5204 15927
6351 22125 18398
6659 9684 15514
19082 3843 13799
21289 460 11155
4117 9216 19516
20110 7276 10513
18779 5384 4074
457 8927 11636
12671 17342 14434
15632 482 13192
4288 19907 15722
8667 14568 11827
14535 4890 15783
2162 3043 2790
4454 5119 21174
8496 10146 10908
11167 4266 19802
10885 6609 16164
5668 790 4832
12809 10570 19262
4320 17829 7751
376 12167 13655
13899 10122 21621
1218 22086 22320
5768 10050 16457
5284 7762 15379
12462 15634 17609
21916 6898 16684
14737 6561 21187
12019 1808 21812
20432 1374 8053
20098 13553 18162
3419 6669 22454
17404 14413 19662
14937 15629 5296
14086 10664 7770
11878 8249 10299
16720 3750 14137
18641 3228 21464
7319 21011 8156
7867 15280 20379
9082 7282 14992
755 7724 21735
17010 21358 22189
4466 3744 20684
13214 11988 13560
9318 4073 19994
18056 19530 13295
7195 2858 1734
11976 12065 4684
21319 15967 5015
7832 13019 21945
8505 5668 19918
11648 13177 16230
15680 12355 18941
14845 19737 13744
663 13023 17519
14210 2632 18451
2478 16327 4952
21444 21510 20194
9817 3181 9800
7770 21642 12206
1960 15607 8366
19797 20348 12531
8780 12097 12656
1860 20345 13803
22080 15503 17458
19148 9617 19882
3359 16527 7950
6845 5008 10000
12437 7638 1632
201 1441 4565
10868 2074 10740
2042 18084 14863
11060 11581 15440
17386 6573 22269
7724 19850 16773
12526 13070 6402
15062 14645 4881
17690 11512 15225
10443 3446 7520
281 15881 19550
22429 4501 6705
9880 7550 777
16336 20690 16307
12894 1022 13907
22288 19637 11399
14426 19381 9626
1178 16243 14196
1697 2791 17027
710 796 3261
5316 17395 17440
3137 4614 21686
315 3885 5440
11270 15200 12242
21989 9549 14690
1480 781 13052
21828 19732 397
15216 15698 15360
4934 13780 5574
21189 8042 10867
19712 11259 13876
19348 10726 16801
4034 2537 1507
8607 19378 18501
7567 14165 7886
7162 13724 9257
18766 5055 21296
19174 21753 8150
16400 6404 19314
18087 368 761
18168 11110 8979
18498 2670 8080
6116 4306 17946
5694 3173 19122
11424 12308 21215
22018 2168 20149
9120 14227 5978
8669 13344 5965
4795 1966 6330
3084 8064 20934
16527 7443 14979
783 6396 2221
871 669 7519
11293 11900 6135
691 14406 7014
104 11602 21886
14889 15108 13780
15647 14104 849
20093 15723 14337
8 19476 892
5923 12012 3853
11345 20922 2621
21160 16231 9922
17740 6573 4937
19127 4776 13491
6993 22081 13612
1523 17590 15252
3558 12852 18303
19750 15746 21447
20571 3644 13345
9632 1964 3844
21509 15799 8379
6850 11110 5934
16608 625 15949
12261 21757 21287
15918 12578 15457
5014 12671 11009
19476 10711 17256
7229 3712 310
21781 4556 18837
527 5435 21982
3932 19779 20497
7206 20214 1522
509 6462 20082
16896 18550 7424
13910 17585 14820
430 5847 10438
18234 11516 9814
9850 17003 20463
14948 17549 6260
20539 8259 13156
13095 11852 8887
1817 21389 18862
5280 6065 19025
3259 9566 1932
2794 2947 18630
3256 1677 7681
9395 10784 6986
4491 5582 9078
324 14200 16930
13853 15964 21456
19406 11782 8115
9744 8517 12905
12012 3740 967
13729 9560 21794
3526 11612 7031
17951 21269 3353
16455 14519 3967
4320 20444 14595
22013 16526 10489
16869 19776 17862
6007 21918 17456
9304 17067 8344
11224 2199 14108
3042 16070 6759
15319 5504 17531
15213 319 18160
11177 13096 19801
393 3313 22121
451 4098 22249
22405 3709 12535
18927 5862 7500
8696 9825 18401
20024 10039 1435
3731 21577 18035
19927 15715 10449
20396 2525 20362
13264 4479 16694
16681 3472 11328
3443 8874 22281
15555 14433 18554
434 13177 11392
14292 2473 3723
13688 14912 6075
523 15631 13763
7592 10696 9114
1244 3019 21641
1201 10607 3923
12205 3548 16100
3735 12638 6429
4914 16607 18371
8524 11296 7900
14731 9553 13013
9762 22076 9527
109 6124 6871
10953 11704 9688
10504 6157 10982
22040 13448 8682
12004 17355 21015
10539 22349 10252
6551 937 12280
19634 19240 12385
19628 18008 20709
17288 21634 13613
709 16383 949
15165 18041 21724
9542 22361 9859
5108 16247 14372
17771 17317 9067
8062 12492 15007
145 4494 14361
6060 22244 14434
16978 20032 12892
5340 14818 21264
22118 2388 18139
9601 10763 8215
11264 2711 21927
14511 11558 12301
7763 16403 21766
13511 15186 2209
20525 13514 4803
12321 2890 21712
1874 4446 7545
10616 9941 13883
16539 18210 13650
19872 13987 10361
13228 10474 1343
17533 12074 12256
16034 12178 17563
2166 3588 8262
10738 5966 6934
20433 325 551
10776 20175 20202
18216 1438 4385
20695 12197 2458
1303 9121 19843
3056 16412 12301
5735 1000 8933
16680 14338 10333
684 17225 7242
8249 18830 16934
17967 4194 21203
17839 20482 14965
12539 5104 4498
20210 14322 9676
13187 516 676
10792 20581 2834
6226 10532 8543
17897 8524 1655
5131 15497 2095
3737 2718 19985
9088 9785 14523
11517 7117 13295
11987 9518 15411
209 6072 3268
18945 19106 5384
12593 5090 15922
17909 3787 5779
15631 4852 3582
6451 3625 1778
15990 6984 8331
11609 798 8061
21648 9506 18607
22025 11338 12938
21994 13094 6078
14694 17967 20324
10827 4367 22257
16176 611 18868
13101 22370 21465
10272 18997 16924
11187 14798 22284
753 18562 13044
18369 15707 9217
10488 14670 2779
21536 9013 14019
5359 18685 21783
5023 8931 7461
6996 1116 19976
22220 14654 3792
20312 1971 12802
5382 9098 21326
6815 3030 18640
1194 19675 8892
20990 21054 15932
16368 13971 10267
19714 18682 14507
1181 10319 14925
13323 6835 5381
22057 20032 7131
17683 4713 18420
8755 504 2854
6384 18275 18558
1528 17266 5702
1521 8660 18595
17208 20799 15069
14199 6954 4774
3740 5860 16154
17543 5089 12914
11657 332 18055
12308 7834 21411
13723 19282 19916
7377 5584 12690
14301 3405 7211
8209 17590 16313
5507 11513 7579
18088 17741 10374
15055 9619 12171
20912 15327 20348
12017 19075 12939
8103 16851 6437
19311 14835 14357
2955 1961 17515
7048 12960 7190
5899 12847 7740
11886 3532 11772
8837 3526 11064
17658 7282 537
4431 16108 14064
20376 19109 7610
3491 584 22289
1594 13064 3014
4840 5770 8815
7879 4503 8137
20139 3817 22285
22373 5809 11588
1543 4041 301
9833 13485 122
2808 13262 12528
130 20883 12952
181 22053 16670
139 13652 13333
346 21299 18071
12833 5792 15247
20774 6463 4446
789 3073 306
17646 2546 6465
14913 14898 7118
3938 10297 15758
14918 4515 10592
22087 13636 3428
3884 4838 10595
16393 4560 3141
2979 7143 14805
7468 4062 21439
7037 18378 14315
2374 16542 22157
5983 15890 3844
7571 6795 12841
1463 5613 21754
11733 13682 5142
4911 19147 13023
12831 8210 11656
20078 1021 17400
10152 17912 1548
9073 20287 9676
15604 15657 7232
180 6345 17497
14090 22343 6187
7235 3040 4290
8946 22210 1353
21853 19282 13855
734 14525 8859
9227 2073 17828
15097 16357 28
524 695 19754
8067 19401 2392
6502 9933 18162
15838 16870 4436
93 4678 19257
16551 13612 5885
16320 5788 17506
21354 6827 16651
10066 12265 5746
6679 2082 8332
9499 6309 15595
8883 15519 4680
22395 8769 11499
15165 4777 8610
17594 21230 13472
1047 10080 5939
8044 10761 13126
8482 4330 9346
8584 21951 6515
19101 14957 14554
6851 3988 4251
10640 5367 6078
20786 342 10010
625 2212 9763
13859 19025 10270
6058 16393 11577
192 515 8863
6396 18183 9673
10959 3174 12265
22463 3947 7407
3225 4807 17268
16251 5902 4575
11201 9054 20662
12463 6052 18332
9774 1178 4336
6549 20622 9855
18288 17894 7999
5662 21758 14295
11816 14832 18612
1716 21111 20106
10703 22307 21912
3839 9667 10409
6661 21146 4578
7511 19390 2815
9654 13403 17063
4727 5230 18868
18688 7202 13863
16547 21964 2382
4903 8204 2384
15849 14134 5707
10675 15066 3149
5856 5764 7318
20834 22051 16781
20630 9963 19570
12556 15982 2221
1540 11070 16342
2673 21487 2028
9232 14372 18082
15970 5174 9401
19252 195 990
2793 5997 21193
7778 2728 16006
2169 17568 18218
6441 2835 22119
16618 9421 14024
20167 16696 21919
14504 10076 8665
2144 7121 15157
8070 19519 18005
13260 3008 22279
10017 11382 10425
13537 4360 7632
18893 4343 8723
13001 6332 3688
16806 11549 3595
21206 11953 4248
1152 2436 20116
20795 2296 8710
13258 15874 18914
3713 12523 10127
14852 12478 4673
18997 16783 17382
11268 7955 13333
18789 1100 17074
19513 2326 16221
5617 12098 18870
7015 19243 14885
12311 15242 18540
881 4239 13474
18693 6168 12008
13264 19501 19153
11547 3193 15028
7800 1848 16165
18548 1814 6029
11617 728 2906
9073 4888 5347
9363 21485 14361
12698 17211 17935
946 3367 15149
17595 5266 7486
5690 5421 17774
8678 10785 7414
19992 21976 16819
15686 2611 6184
375 8121 13345
9972 4587 9612
19033 4074 12788
14383 14512 17964
4544 19785 17218
15914 21054 22032
12595 18205 10417
16999 17933 10136
13612 6263 14194
19894 14300 20518
11230 20395 11600
11005 3605 19786
6103 9975 19966
7829 4107 21264
2412 4227 17938
3780 5605 18242
4453 8017 13566
12470 16109 12219
10005 14533 9407
9299 14914 9589
9474 6287 13959
3729 11862 12817
1922 7963 13720
5295 7160 22005
10074 8996 18524
15801 19177 19410
8372 16472 7036
13915 2663 18908
273 3399 2701
355 1391 15634
9807 12499 14230
7747 11217 22463
19753 18969 5182
10606 1286 18179
2599 8056 5904
1385 16312 15758
13781 9155 18233
1116 7404 6889
15553 12855 4718
18420 4403 7399
13225 10431 10485
10711 4883 8166
18797 2508 12129
2620 5189 16335
8099 1102 15501
16863 10767 21688
12303 1435 18955
1130 6911 3132
1496 2887 20834
15654 22190 3582
2656 2172 13143
13085 3583 17637
4188 6242 8230
15308 3666 4033
442 3260 3266
19956 1738 19422
4848 20859 9553
3409 5811 8675
19079 18765 14217
21375 20444 21155
5578 923 4508
15291 9120 19185
15602 6580 17972
2936 13132 13985
6480 7851 9904
8477 2340 14705
10642 3116 8588
15921 12159 15429
12995 21451 12267
3676 8734 3914
13131 20096 19238
22078 2865 16563
2516 16961 18848
10904 12411 12582
8270 21510 17535
18984 4550 15569
5045 10632 15942
14483 11604 15933
20477 10850 4861
7324 19242 13850
15323 7316 18584
11022 1824 8981
1042 17326 6437
19959 7617 11100
11538 13165 2337
13907 6861 18741
8579 9453 15335
1189 1741 14941
2455 8902 7480
1689 11940 84
87 8528 22202
143 18760 21961
13888 12099 4705
17330 22075 21953
20147 423 16274
13642 17497 7395
10956 3992 20808
8888 2235 4231
18353 11490 22115
3550 3118 14644
495 2797 21649
8843 10581 119
18911 1894 18438
881 1066 6906
22245 14838 7169
1671 4718 6032
8380 3456 5734
3821 1062 9862
18466 14214 10167
13724 10252 19945
20310 7922 17593
20566 10583 4149
5719 427 5615
600 7703 15374
10216 16598 5425
441 1790 20973
2960 2233 20256
5085 21682 11540
19649 11696 17005
2316 1175 15141
545 2630 15402
7749 774 17722
1166 5867 22059
3362 15460 22457
6409 4938 9690
17231 11009 3725
20516 724 1152
2011 18743 5052
18997 11245 14550
18186 15208 13331
21660 2652 2789
21131 4961 13355
15317 12148 21675
360 12377 5615
3636 2085 13180
18774 1259 11826
20729 6579 9402
7296 15966 9148
8787 4310 20331
21877 12611 20471
18003 17496 17935
11449 10834 10952
21764 8147 5593
20953 17575 21111
4665 20496 2513
16988 9892 8322
952 14734 13913
19042 5048 13220
18760 8962 19914
2157 11340 16871
4914 16728 3886
21622 3333 17743
14680 21314 21162
498 581 6405
11190 10610 16142
9175 21659 18659
2439 18871 9078
19893 14621 17766
11986 588 10246
7610 20517 5417
1372 10594 1009
10932 20191 4607
3707 4096 7117
2669 3498 15493
11997 9545 21647
17229 3736 15580
8771 17886 21702
3379 11352 5009
21491 3505 2191
6784 20035 18213
1910 7830 20486
18221 2445 4092
1394 19962 22126
4210 17171 13275
6706 289 18259
2525 8140 22148
12150 856 11216
1660 8910 18985
16153 5997 16391
11905 3958 18756
21536 14842 9383
9473 5167 13467
970 20178 12168
6 1796 16165
6822 19694 20960
16319 19358 19709
11004 5020 8661
5188 22040 14970
17111 18505 21032
19083 7597 15640
6233 3344 4403
17094 5870 17273
1182 15553 7707
19530 2707 10320
7348 7759 12498
20086 10144 20473
10577 4609 21539
7393 19585 3296
610 17168 20855
9700 6123 19339
10945 5471 9185
18086 9293 13008
9987 20246 19475
5070 4244 7112
6401 12510 13717
16984 20873 1804
12227 11070 21553
4405 19435 16851
17887 14470 19958
11162 13635 6649
3192 10117 17132
12915 18571 15179
13791 14585 18770
7351 16512 12847
18895 6415 15575
21128 8863 7056
