19437 2849 18895 2172 22046
8519 443 411 13032 11120
4440 12022 20589 5766 13962
12222 16525 18240 14177 18486
5967 11547 11638 6970 5044
270 9336 20715 8308 10313
11700 1195 6262 3331 11210
13421 7268 14301 21753 17743
6823 4025 5522 6934 12778
186 9725 8325 7809 19094
3043 18446 6708 7644 12070
12461 14789 20443 8122 19537
20875 19663 14020 11436 8774
3133 7251 5929 10116 17259
18408 9433 16530 6831 21805
13418 21302 21153 13834 22253
4319 19576 9391 3286 16162
3502 18517 662 10656 2901
290 15657 4632 18376 21745
14814 4111 12891 6138 14797
332 14330 13443 18567 5747
8480 14462 10902 13210 14070
1291 22313 17709 4704 20869
13541 17297 14199 13509 3020
13168 14655 13571 18367 7569
7427 13922 4929 13212 20115
12982 7932 1046 7897 13676
5559 15186 10430 2102 14856
7536 6711 13326 5116 11000
351 4864 19920 11338 18305
5998 5094 3486 5050 16697
3273 181 606 6224 17626
22230 15872 14700 20494 10058
3047 5237 6551 21370 19338
7527 786 20689 946 3458
11302 10366 16663 1971 20803
10749 9456 14721 13303 18891
7837 4209 17570 4234 19334
0 14292 19810 14353 2815
10707 687 1186 9444 17810
7837 13538 18939 18996 21386
11123 7914 13823 4164 18818
8044 15084 9517 22205 14658
14516 13515 7325 4761 16421
12426 6943 10650 2016 7115
19010 5845 8776 18176 20739
7460 5484 17637 8412 12293
7413 4324 15550 8423 16603
616 2862 13967 2553 5103
6622 16060 18519 4596 14505
14596 13710 16873 21602 8383
14741 9682 11079 2356 22059
190 5921 5080 21612 22043
8977 9113 12481 6549 10742
2684 11571 10065 8202 10438
416 10588 14733 13409 22409
19192 20590 2845 21490 4327
8483 10234 13552 21794 9937
1321 21991 9545 4166 13457
6542 341 11546 18498 2020
231 8921 3976 10842 15491
17585 2697 17287 18672 14507
20170 15410 18089 13283 22206
496 21208 7878 7394 16275
1902 14500 20755 14133 21368
9021 16455 4671 1940 14586
8302 15653 976 8644 13842
7365 11883 11660 2887 19444
10190 5444 12368 20676 22452
6552 2644 7745 4293 16149
1908 10403 9100 5109 8689
14832 21844 4942 11106 11781
9151 10771 9040 3207 22253
13252 12309 8997 12262 22384
4792 17571 3418 4356 9002
17838 7534 12750 17953 15363
12993 946 15605 1630 7027
21247 8852 3265 21079 19080
1576 13501 13438 11937 20410
13263 5793 1333 14352 15024
14547 16520 8558 3146 4820
11921 581 21217 20823 6691
54 10932 12038 11222 20401
19347 12742 1564 19940 9249
187 11428 497 14660 2620
1649 22345 16217 21973 11561
6144 1748 3181 8676 18737
1674 12984 6339 5653 7497
3577 11306 1673 17981 6944
10507 18925 6487 2851 19452
16868 15354 11201 1802 14489
103 5254 17161 19236 6776
12109 4179 3991 10896 2197
425 11117 17317 4474 18398
10622 21964 2373 15200 12844
3476 14262 1020 21579 17160
8533 1024 15845 9843 14794
19415 16512 7731 14730 19018
13003 1455 4998 6577 9107
8426 18998 972 16412 12360
1189 19017 21298 1841 8598
5192 2326 11311 2627 10338
19594 8576 14587 8789 12063
10066 14377 6805 20735 12651
13920 16908 7008 17123 9612
1713 9356 2007 2692 19968
12546 18910 14919 4313 8596
5951 10860 15990 16240 16872
459 20430 15315 8887 13288
8886 17812 11111 11256 2633
20146 19648 18005 7332 15106
4722 9418 2497 20077 9453
205 7845 7937 2829 5511
20009 21397 15683 7492 20739
3636 8492 1304 16049 12164
21057 14697 19701 5395 12364
6447 2841 20206 18901 14816
19343 11647 18905 5068 928
4152 15018 8831 7145 4294
8886 1165 11733 14739 7672
7040 22082 8061 7579 10825
11212 17747 688 2514 4131
81 17684 12527 15268 10801
11599 7094 18492 4274 5533
1338 8471 16145 19534 8680
5588 14982 3236 5424 9742
12835 11603 1996 20864 15083
8501 13368 4719 12713 13319
8495 7320 10796 3109 22172
20819 577 19304 1706 21410
4242 20042 14726 20622 14877
14516 8218 15959 3210 2924
10405 18975 12394 3028 9447
14662 11587 1749 2921 12148
11277 20719 9403 4060 10491
8579 21335 8018 15911 11974
15673 9224 19878 15795 19040
71 485 1496 19011 16007
8999 19863 7309 5625 6087
5948 10342 2828 11241 5575
19651 751 14091 21725 6274
17713 13021 13482 14112 4148
18012 12084 9571 13195 18904
21218 18750 4287 21336 15491
6390 2686 16941 12043 2698
3469 1357 15733 21789 11434
152 479 21025 8145 19875
10100 18966 2528 15020 4937
14490 10844 17690 4821 2827
12230 2722 17487 10975 9075
12263 1207 6055 10549 5200
9360 7145 19246 13775 19614
875 1229 20984 3684 5771
8316 2955 9308 16550 16575
10504 15801 13794 3560 5604
1988 9258 3210 12805 17430
4066 1140 5560 22396 13475
18217 10450 6742 14235 20915
209 20219 4234 8949 9309
5176 12238 8384 6794 17432
12831 5464 22267 17768 13869
21323 10566 509 6803 21145
5057 14077 3335 4996 15701
4472 3878 5637 13838 3925
21713 19748 9495 8822 18523
21576 3337 20411 6912 22257
16073 14695 6771 3925 14456
6575 20946 4008 21789 14970
20462 10691 8778 19659 20835
958 2295 11484 2649 6277
1282 12077 10892 20822 18076
18903 1424 10785 21817 16044
22336 20705 5827 22005 20628
3393 8247 14113 14696 19207
15904 14837 6485 17805 15019
1458 9714 13963 8787 4945
10759 15974 21249 5319 19915
18294 1321 15611 21101 17732
19423 14449 11259 5933 21970
22042 895 20609 19502 11226
11747 4040 3961 6599 2555
11159 18158 4239 5139 21148
21774 7514 1362 12030 17666
17860 17079 18513 18092 4322
9570 12224 10767 19526 13559
17588 323 2217 18996 2654
13445 3677 6498 2574 19236
1744 4484 11834 7071 16528
12745 8243 9731 6153 10013
5878 16927 17304 19670 14019
18432 8732 8996 8762 18255
3204 8737 2363 6874 16345
774 19641 2796 12362 7931
13250 21694 19385 14322 18578
3743 22280 9656 1822 10542
12593 856 6414 22159 7072
19777 16408 17373 19535 21390
20923 20047 1708 19085 18287
20395 6397 13195 3202 3983
5443 957 1940 3817 15434
12302 21753 11464 1069 16416
4225 10173 810 12188 9221
6030 18404 21611 22430 10121
22175 2842 13848 5151 28
9784 5667 8293 13162 19858
13981 491 11814 2928 7285
7010 14931 11414 14398 7056
6179 5268 15148 4757 5177
13400 10017 4215 9568 14954
7184 654 4368 5301 3129
5591 21104 12489 6751 5079
19448 1313 20881 16958 12884
3138 9560 3367 15874 11654
10828 7858 4418 5709 14925
16560 18124 10946 16316 17465
3930 8597 2761 11299 9842
3192 9870 3649 1611 9351
694 3012 1731 1833 5907
17411 5683 9879 14583 14227
5823 12776 6012 11360 7031
17402 12260 4650 14920 6693
8529 14702 2700 8841 7841
3909 13918 10279 16830 21441
179 18688 15268 13618 16409
109 13915 10515 7688 8615
14902 1083 11111 4348 14524
21703 12365 6319 16117 10780
13921 7409 18327 16605 17539
11428 21354 11939 5699 20665
17170 16962 5090 16401 13496
9651 7393 15156 4164 12389
9576 21132 19160 4110 18106
13497 2185 7336 5182 20552
4398 14103 5787 1892 19444
261 337 2193 16601 8024
12568 22100 6597 9766 19537
17370 6113 12704 13623 14185
22261 7219 20658 16364 6400
17437 15039 20769 21075 7070
19476 6470 1704 5302 5081
3632 21237 15886 15710 16172
1804 6119 10863 8626 12304
8333 1647 1808 11828 19414
13831 17959 5396 6904 3619
11517 3446 15485 14866 9956
9548 16359 18228 11566 14019
1424 21394 19970 4317 17177
1179 8692 9008 17669 6028
4963 4288 16852 4344 14940
11328 15389 13054 8180 8774
21053 21884 4582 4627 18857
1157 10925 10880 21996 7372
20392 7568 18286 5490 14859
16625 2864 468 19211 6658
13316 3277 12225 9169 15890
4886 13211 16476 19257 20630
17791 11336 5040 4634 3311
9034 12592 15655 15318 15962
5577 13072 577 12298 16918
11209 555 18621 19555 19554
18059 2957 556 12028 18429
1178 2375 13449 21081 19402
16630 19028 11856 11399 22461
2331 17490 10462 22168 13905
3692 10797 3595 9650 12323
2444 3862 11521 13996 8262
6741 8187 20479 8279 5625
183 2238 1818 1719 13063
19686 21885 3744 1242 18140
10969 5221 3720 11873 16351
10969 866 10970 6610 11382
5496 725 12079 5521 13685
12516 6717 2561 18724 15640
10789 18353 17448 9079 13762
20826 357 7166 21648 12445
3234 14036 17248 15863 6582
70 2690 11135 1358 310
18858 17194 17781 8248 5104
21166 7542 7658 18580 11320
21328 9895 15326 7588 11837
8523 3267 7137 2814 19829
16502 15533 20940 11564 17028
9765 1309 5830 5807 10613
1544 6550 14429 21574 15609
5581 13740 12668 3475 21621
1882 8426 1002 15010 21701
6980 12213 11433 5712 15168
1908 4460 6237 13739 19550
16721 20820 12387 20136 17117
6695 14077 21776 2211 8966
21572 17373 3504 19749 10128
85 22116 1815 6546 17342
17697 7562 21981 14607 12400
19930 22393 10246 4535 17790
20970 21660 19809 5771 7598
8257 19929 4494 8762 12994
11345 4084 14325 11491 11155
1279 16122 15218 10937 12223
5353 15211 18806 8435 14925
8390 4532 17987 12343 12594
20521 1683 2947 11403 7665
99 16730 9028 2227 10513
4967 3607 13801 17861 16607
16151 7225 6900 4390 15418
7068 4069 4744 5091 12771
9521 686 18562 19293 16118
9211 22095 11654 9170 13768
6735 2942 21922 11010 15677
7948 1608 4862 17293 16144
3150 6750 8898 10569 20870
18288 338 765 12035 12939
16587 10851 16507 20792 20518
3417 1325 13201 16449 12352
375 19263 18042 4577 12383
4093 21338 3771 5426 16792
5525 10399 22429 18942 20947
20756 11316 8750 15020 2827
4830 2470 5276 13839 10728
7212 10984 7991 5648 19293
21708 13254 3164 4166 19958
15607 20541 22047 7546 16171
10554 3767 20821 12097 1451
718 11898 19030 20373 13704
17357 7276 20336 15504 16912
9779 20836 12855 2863 5886
456 855 1395 2314 2394
378 402 12096 14950 10782
12076 7524 3468 12474 21564
18442 13051 5209 6998 21246
2442 9364 18987 2797 4126
15408 19606 9530 16042 12785
1877 12506 15967 20200 5274
9379 18825 14710 760 2380
20888 16730 2349 6060 15993
14426 13380 21295 3144 6063
8572 9488 16497 10177 10078
787 439 9852 8205 16238
4963 17373 5185 16989 16331
78 6588 15537 21685 20578
15076 5127 18209 7372 22223
5994 4461 19083 21245 13420
8095 19487 19984 9543 16937
14184 6869 707 9507 6915
13630 17567 6832 17741 13427
15718 11007 12976 14102 21913
12809 14760 849 9295 18696
18118 2961 17567 10505 8059
13291 19451 17329 4451 18051
10642 10499 3971 20017 10841
14110 1644 9380 11941 22289
15560 12147 20427 13533 16944
16001 6302 12700 20104 19570
16691 12767 14583 16555 9323
8470 391 4183 7285 12488
1489 22272 2975 18823 14298
8642 15096 6909 5090 18578
11449 17708 3719 3799 2106
18804 11240 15602 9167 12818
20836 5573 12004 17383 13836
18992 21286 825 10092 6912
8669 3409 271 4492 13832
19135 1835 22469 3345 9887
15649 13180 13998 7174 18182
10648 13634 10930 2292 8682
5325 6775 5163 5350 13500
6587 707 17610 3258 3301
3399 12681 19321 8163 13539
19598 13723 4879 341 9434
12830 5379 17975 2044 22368
1785 3067 16723 14256 22079
17234 13879 915 22138 6798
19203 17343 21160 9159 18077
7442 1206 3785 20554 16202
21629 18220 18571 10733 13734
8186 14607 14281 4822 19318
264 1437 4822 5457 13046
6037 246 7666 5600 2121
20837 14271 19530 1771 19110
15721 15951 7971 4185 620
8807 2610 14707 12947 9317
6725 12243 7743 16540 8884
274 4249 6472 8145 11582
17132 16628 2627 3388 9904
16987 2011 17046 10545 19697
8139 18387 18994 15042 13659
14115 20525 11864 10220 11731
9119 19242 15007 9409 9798
3 6634 7879 3515 10572
20917 17280 8162 7476 7417
2518 22395 8820 3107 10491
13530 2365 19561 19167 9993
9642 11183 21694 7732 4170
591 7237 7763 1375 8832
1685 11334 10819 2255 13129
11804 13899 12336 8686 17104
11602 4386 4787 949 15999
15090 1949 7114 18350 16836
20135 18939 9244 2606 12923
20367 9822 15521 17081 13973
860 18683 4024 1809 21796
3726 4737 14652 14766 20304
12047 308 21286 21251 2082
10622 19375 12803 12384 12904
8968 7990 22404 20072 10754
19131 960 18445 9288 14552
49 6245 972 15437 10170
19623 802 11614 21982 5178
17030 4584 1738 5314 3440
14942 16120 2594 2448 20680
22349 4438 17095 2642 11783
13798 17240 8673 20384 20304
1209 402 479 8757 17209
19487 12393 19562 18273 19360
11788 5390 6433 5593 8949
13508 7380 1661 4600 20605
9731 6383 20170 1212 1574
15690 21226 15093 7632 16670
5632 15524 19053 12767 5204
10799 14841 3783 20912 22225
11371 16433 16462 5181 5763
20571 15332 19587 9351 8463
19967 7369 904 18990 1638
9039 18994 2973 240 6463
17422 3480 4327 20963 20176
18379 1994 18897 17105 6561
1 11560 3995 12593 13588
1943 15615 21036 14305 11893
4373 11986 19961 18883 7159
669 5471 20604 10207 20099
13667 17852 20373 21925 11385
11441 7207 16384 16388 17593
11315 4015 17501 18458 20599
17050 13059 14924 5833 9140
15970 9303 371 16045 14921
15674 982 22009 16219 9854
9399 1945 763 13575 3441
17391 13039 8503 14788 9906
16191 10460 10344 12649 16906
17478 7634 5964 16274 6785
13015 8910 19573 5825 14657
3951 21639 8078 10884 21429
12667 3332 15695 19641 19939
19856 8219 3754 6326 16243
18027 1500 6020 15487 5818
21344 1312 5454 3684 9231
908 16082 2164 21858 15302
7524 7847 9497 13792 11002
4246 20418 1133 16877 5736
17695 18405 11573 15397 21494
9515 8860 17744 15641 2034
18773 8517 2231 4289 13845
17999 1249 15130 10320 19900
8149 17477 19324 20921 5279
11623 15498 16029 3782 12690
12050 670 1237 19611 13354
1962 19658 2825 16512 16633
5793 20775 1709 11392 6559
708 11154 4580 19212 9454
1166 19813 7132 8527 11513
7677 6646 13442 11256 16380
13487 12086 21624 20494 18653
19756 3649 6895 12772 19997
4305 842 4814 14967 20323
20521 968 8707 20869 20687
8432 10467 16926 10684 13333
4993 505 2918 8170 16944
8941 8321 12752 21772 17232
1115 11496 12413 4803 6707
15101 8447 9451 21152 13797
7892 19679 8753 19728 20904
9677 21756 2306 1170 4565
4809 2554 1832 21551 19754
17221 10355 3497 13795 17341
12648 1004 4839 1659 12958
20046 19427 11227 5374 22004
19964 15364 13393 2781 16456
15431 2113 17803 12421 6923
6592 6768 2495 16497 4340
7200 15394 5463 13181 16801
18881 9350 8160 5166 19287
14 16398 20588 18034 12675
9872 18500 4038 7546 16744
14017 17550 5516 11373 4346
1011 2303 3371 19087 22215
2618 13454 2722 12046 10456
12521 6149 16066 8866 14997
5523 2856 14812 19425 15790
19803 3090 8247 7631 13304
486 15150 10661 12163 3734
11585 746 7982 20740 12041
13764 18566 7263 2861 18585
17523 16470 15216 10982 18261
1871 7099 12990 3119 15081
16800 14265 5550 10431 17334
10646 9057 2137 2129 3832
20357 16734 8982 15222 22459
13142 8907 6300 17793 18340
467 6175 15656 998 19007
365 16709 11115 1952 9158
16731 11360 1237 6408 6871
10345 498 10829 21677 9673
6550 6001 8465 15395 5330
11815 11704 1502 13250 11049
8700 16755 17112 6238 18518
10210 10974 3224 13547 18824
12762 3868 2412 20587 18111
19474 20086 10792 4475 20612
4859 12060 4004 8407 11542
9354 17644 17293 7345 17131
983 2166 6736 1825 5693
3807 14608 21842 10030 374
6245 21549 12563 3049 11458
19470 19690 6380 11572 21615
8333 6584 20381 10037 11048
14906 10802 1651 20034 9711
7666 8472 20718 14085 22413
9229 11376 5261 22447 8890
251 21714 21467 15681 8252
14772 12965 4398 2852 14070
11113 12154 3167 4697 19568
9990 8132 9423 13301 12963
2843 20063 12559 14786 9935
2335 3369 8916 7290 3125
17762 19041 20948 16459 13334
1869 331 6872 6911 13349
4683 12037 7565 14390 17832
16455 1924 4877 8391 9122
11248 21470 5932 12651 21440
6151 20646 14513 11192 21353
22333 3737 13636 21542 8234
6313 19931 13254 8398 9887
4569 21399 20367 5139 11876
9021 11240 4551 2659 21976
14077 4203 12631 9757 10565
10231 16417 20499 638 4914
13418 15321 12286 8362 17413
8204 14592 2387 1414 4979
1057 518 21101 21680 20910
14116 18534 593 1067 4216
6058 19756 11008 16950 8141
10332 14686 11692 16519 19161
236 10644 19657 3812 17131
17014 22427 11246 7925 18552
4419 21033 1230 9377 19708
19743 2293 17398 3727 18158
19491 20660 387 2798 18649
5580 5846 472 3901 18940
7474 11524 2553 18263 11380
2316 11449 4992 4616 4598
20543 1660 12892 7925 13160
1779 1836 18438 14171 16316
12568 17237 12856 6148 17675
20280 17518 2919 10983 4220
8098 11369 4926 2835 3989
7184 22199 17752 13045 12543
17359 17629 764 849 15628
7468 6543 1751 11143 4863
9731 20731 1084 8586 10885
9986 21272 5643 11626 8615
20314 17099 21053 17887 17306
5066 20560 10460 14953 12656
2280 8001 11033 10806 14315
13194 12481 7373 21358 9416
17447 5519 3698 13793 15933
17217 419 12433 12196 11294
5577 8664 14277 20921 9722
21570 10630 1298 4728 6873
11762 5947 9370 13011 3854
7276 16206 7545 11255 14206
19840 7181 10162 21590 6953
12213 17734 16548 10502 15175
15384 2857 5390 17150 16255
14551 12445 14740 8884 10012
19456 12060 9575 12699 7149
3762 1021 21978 19143 18305
11190 15072 20901 8293 7330
7470 4141 17472 18239 10489
14218 6453 15099 5100 18526
5010 16085 12874 1950 2963
16425 13362 4684 7771 14572
18527 5318 4722 10101 20783
12049 1151 13523 3968 13105
18693 5198 7576 10740 13333
2379 18747 16756 17002 12689
8754 248 11162 22386 15913
10932 13851 1830 5744 10336
10282 7011 20352 3368 8598
4031 18404 11976 9317 7044
22164 11735 3954 12120 12725
13576 20072 16197 20934 8627
18266 15953 12103 21331 12706
15330 9836 13191 11661 9697
19187 9211 10225 11510 21827
12682 17173 14440 11081 17958
14726 7922 6094 9830 8278
7971 1594 13336 2038 4750
2142 10375 21012 20369 8338
252 12068 4100 21372 8928
4021 15573 18069 19460 14665
14213 8118 19609 9535 13054
10057 1086 12394 12280 4234
276 21860 10017 9381 21715
20168 1911 13987 5455 5274
16519 13617 13325 4498 12877
17227 15723 20058 14410 15564
1491 803 17053 11805 12541
15189 5547 2002 19572 15768
13938 15983 15173 10848 18587
2327 497 11504 12467 18877
11971 12315 14254 4289 11489
8854 5244 955 13857 12107
20260 12571 4501 20975 4706
21430 10418 15447 21241 6865
19050 15976 6144 1434 20358
11003 16181 570 8035 13161
13723 12160 17158 2103 11073
7340 18514 4777 13665 21944
457 6399 11746 2054 1561
2409 20395 10556 10034 11782
10041 19112 7490 3562 18444
6340 910 14449 14708 15762
5632 20773 7985 14199 14581
7373 6529 6079 1776 11313
15160 18557 17605 6872 21673
12747 1031 19395 19109 20598
6130 3031 8425 5877 6604
2390 10747 7043 12126 5601
1372 13790 3745 15716 16518
13893 1072 18513 8037 10133
138 300 1872 2236 20329
12183 18681 21811 19451 19927
4608 20872 9469 22045 13912
1715 15171 16673 16335 18889
18603 17424 6840 13500 14072
10238 12978 21495 18413 16233
12621 10140 3193 16083 14300
918 4517 2356 9830 21970
635 5268 1002 15242 3495
12203 15990 9560 1398 2448
22208 4597 20674 2298 10532
3370 6039 16901 14465 12554
14780 10939 15414 3301 13467
7923 15801 20111 7630 22298
30 4630 6580 5601 11027
3426 1656 2289 4838 15469
15330 9163 10315 12124 8686
4373 5194 11900 5734 7738
54 16891 4330 19451 20101
16127 317 17478 8650 16255
17511 10162 3358 19300 20176
15625 16576 11684 9859 8193
14249 7068 12404 1867 6105
11657 4249 7054 15371 14145
6949 16626 10686 11552 18185
4228 18958 3120 16219 11257
4515 10171 15028 16882 6063
69 613 16999 12243 3283
10355 704 996 1791 7402
10784 19216 18176 8273 13381
11041 7510 13741 4157 12616
873 2301 20946 14126 13905
16124 21012 7274 3186 4315
4471 19518 9283 7290 7842
3154 3242 10919 7175 7881
570 6101 18205 11726 15002
9087 428 15592 3549 14237
20422 6931 673 16522 15443
2882 7779 18098 11148 19821
21785 825 1162 8981 8463
13353 14139 1383 2206 7236
13929 6881 16616 12117 21899
8687 14482 14833 16973 6471
5097 2578 8639 19699 21971
5379 6331 13492 7596 12335
15657 19011 14039 6567 14866
9576 301 7513 9322 11470
8970 1761 10520 2641 21174
21573 8302 22336 6859 13978
2992 7054 18842 2128 7318
7356 1601 4022 13699 3089
14900 22094 10866 15392 7322
15182 10984 21068 4759 7003
7750 6799 13086 8978 4883
8495 19430 20869 21429 11523
100 2081 21807 19056 7920
10303 18841 4865 13792 22161
21681 13015 15713 6407 13623
20586 22295 9953 7994 2261
1490 7153 1613 3566 22416
19889 18393 611 2666 5754
378 10624 20413 19533 15689
1635 11867 8267 1771 15244
17838 13592 4108 14667 19253
16936 19078 13371 21263 13604
7401 513 804 19709 7339
11687 15561 801 11114 6831
14261 22190 4164 3578 11122
658 7572 19876 15489 16324
15690 20911 4904 8140 2843
2496 7571 12862 13575 12728
13009 2710 21862 21581 14318
17412 3938 13443 3325 21193
68 164 565 4983 5540
8007 14473 16042 19215 12554
186 11980 8530 4773 14196
2391 9082 15004 8694 9942
9566 16093 1588 17812 10534
9531 529 20578 20741 8017
7049 9583 15031 20583 8702
1136 2564 3057 10158 13805
911 5141 11915 7516 18350
4123 4448 5929 13516 13840
3238 15606 11562 8949 10487
2969 3175 13730 5044 11930
22375 10770 13424 2241 3122
9531 12106 20489 5135 22383
208 4108 10880 5092 8778
14944 15468 3965 20790 11758
13021 1697 21411 21960 21818
19289 15073 10718 14871 20973
11794 2793 20416 21438 4582
13142 5384 12797 16940 11155
8395 3771 7559 19532 15528
3741 22210 1016 16740 3117
10797 1944 5352 18334 19004
15021 17144 19953 5982 15870
21614 2842 13266 13722 14296
10466 8433 16872 17155 18748
2403 553 6280 6615 12202
14712 12208 20925 21171 9753
59 20316 12709 5320 21290
6167 5897 18752 22038 15737
1302 17240 11117 1984 19568
24 9995 16240 10542 3463
43 9982 21207 2549 18985
19881 13865 8488 4994 6375
4382 12377 7955 19863 15495
13966 21955 6940 4636 10531
18928 10359 4812 7604 9616
7837 15925 10711 1812 10263
15231 9086 11403 5269 8350
16023 22390 15753 6723 14774
1267 19479 17040 2185 13770
8868 10303 5781 15471 20315
21891 17231 4827 11250 9147
4401 494 6505 20534 5414
83 7645 15764 17360 20370
10621 1654 5950 3608 5497
9125 935 4287 20850 8085
16749 17656 12775 12596 11285
16762 5944 18363 14941 14505
8712 6072 18410 18600 7975
3864 10181 12960 20420 16247
17036 19763 17001 4385 9353
11475 10453 5044 9309 17573
21394 17348 2899 19452 19266
15718 1692 19423 20496 5194
16105 21033 1005 10804 7561
3735 1939 17824 15292 6440
1330 22391 21467 6445 13948
21066 19228 4880 8638 15817
14622 2685 6992 1667 4953
14003 15023 16465 21095 17953
3156 14799 10868 16825 11743
579 11845 10050 14419 20410
16975 19653 10278 22270 5625
12445 1022 18008 5395 19641
2493 8447 1262 8762 17795
8540 145 1191 4731 21701
12777 360 9310 9700 15642
17170 11507 15403 10850 6295
32 2709 13621 4297 7120
6348 12235 8386 3841 21704
18152 2033 17699 4895 14019
12606 6855 20899 2559 19914
292 1084 18935 1767 3908
13165 9741 1255 16951 15685
1868 16403 7053 7846 15672
12178 9131 15809 12018 11139
16862 16426 5089 3145 20622
4364 1869 21075 14571 19614
12668 21436 20912 16304 7986
17535 769 13822 15472 2708
1255 8124 10830 11440 12180
20076 21424 8298 4521 21650
6763 21544 10074 20469 21145
4536 20009 21268 5476 18600
11846 18969 2681 12676 17950
17370 2379 4082 2188 19791
18713 2202 2747 19737 8913
22177 18525 11619 5519 18303
1649 19959 5971 12753 20561
14864 10826 6549 3419 8938
4331 21509 12193 3749 21287
392 22248 9788 17772 16822
20163 594 4270 988 16366
4531 4041 5431 2225 13927
21747 1380 6924 17401 10081
7961 17362 9334 16366 4458
15215 11358 17562 3436 20082
12264 15830 2192 10025 20298
12881 17478 13679 9958 4936
6993 215 19069 6982 12985
14782 12976 21389 1070 13065
4879 22449 8547 16959 15077
20083 12521 3792 9909 12727
10007 22073 19163 5324 21103
2229 18069 17819 5536 12700
12770 3550 7903 3436 1889
7295 10174 19437 7829 22200
718 10992 7402 3575 5774
4809 4633 15401 1734 16810
15110 999 11527 19032 10022
7005 19256 6978 18626 15247
3891 10256 3404 20899 16163
11469 1865 4372 1473 4912
17045 13159 2111 5341 9426
11644 837 2287 2894 7126
114 10402 13531 14421 4572
1840 21811 8896 1155 18130
48 7291 3652 4533 7185
10139 16431 14037 1837 2772
11289 12739 11776 1038 10232
11323 10512 806 1208 11819
10436 13458 3411 9007 19363
22438 15387 8397 8341 9228
4461 3606 12603 9788 15139
19148 8919 1784 6948 11234
20068 19714 12144 20514 20627
17890 12156 1925 3795 7998
22405 12632 4703 8024 13999
1597 2323 588 5106 16171
10945 8307 15271 15015 14995
12457 6176 12709 12193 3621
7797 4540 10759 19975 6808
12007 6313 10014 5206 8507
8655 20468 6629 9985 20397
18546 1575 1941 2883 16296
13217 14055 12493 7505 21698
282 4597 22386 20718 10558
709 8443 21942 4534 14857
17690 2816 10929 5499 10277
14652 11585 5044 17672 8167
9239 14762 15472 2074 4834
21671 468 14295 9686 3796
12412 3271 21173 18660 1982
11487 19650 19060 7264 22233
7452 12674 6904 19009 20735
17253 13398 19482 5851 5107
1308 22369 9518 12493 3626
18112 18710 435 2535 6911
366 16560 17671 12990 20022
18208 11859 20131 17367 16055
5 3147 14255 15873 12717
20932 1202 22036 16980 21145
7683 2662 21422 18347 10360
20228 16334 20896 20605 19194
626 3466 19536 5023 12373
336 709 11546 4082 8269
21323 14985 250 6226 21533
502 6711 12146 17215 20379
13012 835 8321 20949 5270
6566 6442 20727 17233 8560
15674 443 9163 9760 21727
12536 12526 6382 15793 10725
16648 632 18127 13613 19550
701 17277 14370 14663 12207
7434 14677 10359 5314 10649
17239 4921 16759 22006 9585
10702 15338 5651 19996 20459
16701 10771 20074 12420 9155
787 13095 13443 4721 6757
17885 4663 4635 16830 8034
5046 11447 19562 3596 5935
1674 19742 15799 4481 17766
13630 15530 21360 11132 21139
20729 17631 2301 14226 7465
11537 15045 20338 3255 13008
10981 7507 2962 13970 18134
246 13628 14289 11810 14776
19733 1673 8593 12991 14800
11571 4869 3960 5177 9879
9736 5199 14858 16344 19534
5658 5022 10839 4523 9226
12872 8637 16246 5234 16331
13538 5313 5797 8689 15219
12416 17702 2263 11092 19568
3456 2222 18474 4087 4294
14713 9056 7023 10196 13842
7584 21914 1829 6770 6548
14721 10020 13965 5195 15597
4948 5374 4555 11763 9587
4548 340 1784 3450 14819
10864 1289 7480 2541 2542
5923 698 6826 13395 9502
7602 18168 11747 8494 3810
70 819 15646 15617 15731
18819 14773 5830 12769 7957
19101 3709 9645 598 15915
15872 3484 17387 11318 15892
14942 219 3722 16040 13007
15187 3476 1491 1611 11823
13806 19275 20363 10831 12268
18100 1752 17552 18801 12364
17845 1488 8769 18437 21350
157 8045 19023 11943 12474
16222 15659 16533 20896 6905
8495 10503 9981 8656 16272
959 12520 8256 21477 7792
8732 18446 2123 15555 11588
5811 12369 12515 4835 10312
5502 14902 6968 5485 7943
8002 9204 20730 19022 9900
14147 18232 14215 20971 10237
14385 18794 13115 14934 9510
10912 470 16828 14569 20492
21087 13226 15446 12024 10946
14791 9602 3456 13986 21445
4221 9932 20373 16366 20069
157 19607 9788 18031 6449
13652 4434 17985 8481 8013
8149 16072 13943 22115 7665
1990 12167 7956 8246 18486
14781 6020 11335 9477 20282
4966 17734 8912 2497 12675
13074 17599 9072 6682 21513
16895 3813 3518 20398 12664
21811 11054 21095 7299 10268
2442 6477 869 4339 15423
10166 13137 17901 20997 22455
318 4733 10104 7993 3571
7553 6588 17080 10718 1667
17641 112 1534 7363 17259
752 15278 21878 7723 12202
2214 6351 10601 5140 16789
3798 7887 19564 21658 7653
21046 1934 16236 4322 10390
17555 6225 15489 2935 11304
16488 7008 20413 7740 14879
15213 12707 8759 13745 5530
22435 3569 17362 6281 4039
11816 16993 8188 18324 6005
7136 19734 19391 2205 18131
470 10014 2604 13744 19546
8641 18177 7664 20912 8809
2509 15602 4856 3992 11723
12440 20021 22424 17662 8000
22092 5027 5933 8866 19360
11769 8823 21991 7695 19790
8691 702 14973 4463 5247
13106 18529 20678 18896 11279
15576 20214 20011 9933 7186
7091 9051 18053 13738 10099
19969 17412 8092 13604 11122
155 14079 868 17890 6510
8396 3260 8979 9078 15880
1917 9337 19406 6435 4460
93 10282 10362 2784 2865
22062 1205 1734 19290 20085
9399 19082 21379 8530 22089
21488 1144 2682 20907 15885
7550 22106 15765 10671 14761
8050 144 12227 16811 12600
2409 16847 12148 7578 16912
16205 19530 5198 15666 15599
6404 6554 19257 19804 9467
40 19157 119 15268 5929
177 20738 3126 15757 5142
7367 18387 17288 17082 12689
6447 21281 6573 5273 8122
8823 8888 18318 10133 21376
15782 16330 4441 19276 18649
6096 16299 3638 12737 19552
12260 1290 19716 20939 11974
14629 8281 1833 8646 15164
16111 6935 19544 11436 21342
19701 21180 8786 10961 14991
19525 6679 5764 6385 18956
184 22190 11422 14865 8260
17125 19429 18781 5701 8265
1146 784 11037 15683 7883
511 1515 18533 11915 11662
5617 21043 2596 17234 19394
4472 13465 3755 4799 7079
2961 4257 19652 20545 21864
8946 7023 22089 16235 18989
22375 15494 20161 11164 4814
13584 12264 16818 12778 17407
11729 12573 6678 22074 16304
17764 19963 9981 16775 8145
2544 19231 19582 15910 7883
19033 17542 9066 1214 1804
19252 22186 21778 20264 11582
14680 2537 2884 4009 21857
12813 18994 21168 1051 12122
20909 17484 13180 20315 2364
20396 4818 10828 1306 11335
4992 12562 19810 7153 10050
14482 7073 16966 12158 4521
101 13217 4083 16991 13377
