1860 15570 21643 19315
18564 18657 7590 15133
16565 11442 12861 6902
10227 11982 16134 4171
5034 13442 6828 21944
7222 240 9312 20346
7342 1721 4310 21825
659 2669 7382 13647
10393 11306 10768 7896
23 18817 10464 17644
13863 13977 7901 9290
8700 1295 8305 16162
8026 2627 4148 13944
19275 1584 21651 21706
11959 1306 17332 20097
1372 12258 16380 1854
7750 13112 7478 2829
20646 9930 12613 9851
14385 5051 18449 20552
819 22370 2982 4216
18087 2263 16030 12170
1372 17759 16227 18748
16466 9848 1612 3532
15285 16591 11613 11257
5580 7600 15146 4685
13418 10005 16731 21688
15530 3083 7476 12876
548 19422 22138 10116
3016 14544 18798 17749
19906 15568 958 21414
12162 8660 4441 13201
9215 9501 808 2867
2293 14740 17006 20943
4874 8219 12648 19004
10500 16752 17974 18618
5384 21565 11207 12362
20386 19830 6722 16944
12556 7152 2436 21960
2689 14020 2755 7327
2456 5614 12059 14980
4716 19545 13276 2402
12146 12329 16542 14004
14204 2640 14353 17869
17543 4836 9010 17011
7510 13650 7811 21193
2961 12426 8991 2195
3273 11511 17571 19760
20244 17846 16438 14587
15339 3509 4662 20552
21149 7094 8128 4828
7267 11396 5089 8834
11885 22013 2009 3167
10047 22294 9165 1981
12707 4733 11082 19895
15362 22188 18219 9537
14003 18460 4091 8090
21838 18086 4213 6518
15565 19494 18005 18303
151 10538 6245 8472
11416 2588 8053 16250
126 3972 14368 5534
11266 13756 21712 10916
4851 11932 9308 10924
20617 5948 2795 4717
6288 6263 15984 9326
12546 1658 2476 8405
14409 9833 17953 14774
7694 5595 1777 2931
4546 3799 13131 9511
18714 6595 11720 14674
18604 16268 21859 19604
16778 18092 17397 10146
13663 6225 14153 14149
21236 11828 7792 6239
490 17053 13301 8497
8050 17301 22383 16452
20584 19190 11052 1361
21055 13180 10048 10677
13134 212 235 11138
19877 20991 8444 12030
21119 11879 19212 19099
14485 7128 11689 21287
10062 14077 20116 19338
869 22003 21034 7114
4995 6012 2846 22136
3911 11502 19911 7717
4772 11529 16041 4115
15531 9403 16100 76
10760 21510 17592 16537
14743 15992 15307 10334
7496 17814 7881 19234
20442 9874 2249 11057
6784 9546 5925 14044
15909 2749 2498 10776
17837 1003 19868 6897
9003 16094 16513 11763
3365 11951 16707 20391
9784 22263 9607 20847
5439 17158 14221 10940
5171 18986 10326 10903
8584 8642 5855 4616
18800 3752 11566 19175
4705 13034 12003 6161
432 10998 11124 17164
11482 6066 12060 15248
11538 19186 8518 19915
12628 20872 7727 4312
7595 18804 5504 7146
522 9667 5294 7122
16237 19007 17353 16168
224 1137 5762 8003
17178 641 1848 4762
18322 8822 19032 11551
2917 14118 4189 7074
7708 7493 16215 10928
647 11395 6483 18837
12895 8585 9161 1560
1199 14089 17904 6464
15088 10640 13699 7811
9388 21316 11945 10764
9030 13224 18801 20411
140 1516 3320 3441
16210 8554 9274 10662
14344 6946 16427 6084
16065 14783 15989 2015
8835 706 20668 15905
7990 8650 6168 13030
19101 19814 21451 18792
11946 7591 4850 20874
1638 4802 8563 5666
10857 646 2836 8093
22381 18622 20319 7232
3073 730 10366 17463
15862 17258 13815 19130
6388 3194 3764 20017
6376 7796 13904 21201
15158 597 8550 6912
872 5145 2553 20726
7357 12917 3021 16576
12672 2365 2055 18222
9581 13446 3544 15392
16470 9699 2850 10564
21854 16653 9859 3201
5432 12338 14083 19073
20814 18195 19717 8034
20636 19637 15794 21478
15178 4244 3151 10148
16072 152 1349 11893
14076 18780 713 18899
6065 19666 10215 15860
16040 2120 3068 13528
4922 1224 11857 19366
10555 19913 14226 12769
17343 5646 13941 13013
29 16197 16967 19194
15727 20056 13654 20535
14088 1478 5598 10148
5049 573 3275 8598
15698 850 2382 6871
12034 15315 10568 11395
8357 13943 17549 1652
4829 2046 3418 2582
22020 17128 21995 7472
5848 4953 2853 13467
5739 13798 2306 13772
7528 15670 5374 20657
21917 16666 16806 7667
14179 22316 15953 11086
10516 11233 13421 7313
18457 6182 19742 6900
4775 7154 5804 5044
4907 14608 9381 14152
1860 4897 21361 18793
13872 7348 2761 10141
7082 6466 6014 3254
4186 3739 15239 2154
18002 2333 4781 16855
9934 4527 7885 22364
259 7524 4945 13836
11254 3739 22070 8626
2296 8582 5161 10376
22374 7390 8787 9020
123 16458 19585 2828
8327 19673 2149 4359
9519 19633 15777 14823
6952 10679 11206 8225
3394 20650 9478 9748
13639 3878 6519 1990
13989 5674 6036 21697
10181 21672 6362 18967
1453 639 3426 6433
11423 10666 12239 1322
20521 13965 21187 16617
17208 1224 7248 3193
6839 2963 18654 5852
12617 14585 17519 6742
17684 11393 18822 10765
13137 19195 13635 22189
16733 19573 20505 20965
20682 18285 10898 1012
3443 15478 1407 3723
3797 10396 5136 20176
14049 3581 13198 14991
9972 675 11774 20671
4999 12523 19335 7512
19183 13950 7449 13547
21328 21427 15985 18549
12794 22242 21883 8752
216 1571 21633 5709
2527 15125 11937 18311
2545 5395 17705 16416
12000 7664 17784 21449
19135 17194 19707 9855
336 1395 21050 5457
13001 9808 17066 9527
877 5071 1919 2900
19871 17154 11110 6627
11808 4851 17977 3624
293 2274 9249 17091
16960 14641 19706 10938
1641 19675 8061 4983
199 3649 2892 15271
5390 6349 5944 14753
11280 14239 20741 7509
2377 3961 20307 22271
21215 8885 20840 12207
492 17903 9556 13734
19499 15162 10315 13613
15162 16392 18050 9208
10922 16681 19427 6560
2972 19631 13211 3011
21208 20741 5393 19238
2220 4580 14134 8287
2651 8902 18822 9708
19063 6158 2324 8844
21922 8427 8924 11434
6789 9671 1404 5922
5799 10465 16596 14690
22317 4138 4615 5725
6780 12492 19774 15802
22025 15206 15140 12522
18464 4175 11991 19570
17441 7856 3945 4916
3433 9895 8954 11564
17484 14598 22013 6572
20827 7706 18460 20852
8186 13114 18436 9402
4125 9847 5466 11019
7853 20615 14574 2349
22010 21110 7854 15310
11767 11300 3761 14484
582 18870 14871 11205
3807 22116 10880 8429
8535 3771 16432 9672
15046 6477 13914 18053
7602 20844 3247 17445
16034 4066 10604 6531
5695 16132 20851 5894
15502 13321 20073 6452
6966 10620 14412 12355
736 14909 21772 21330
21738 10462 12070 5638
2080 8477 8522 18050
20024 17110 1186 2731
14311 5387 21126 16392
14854 3158 13802 15485
18642 996 11743 16751
12542 21485 2179 10328
17208 8330 4091 21906
608 15405 18712 11208
10149 1843 2361 18036
21022 12871 21315 19897
9940 21616 16469 1371
10257 14803 21061 4131
14666 5932 17605 5549
963 22061 8746 19100
10594 12446 13747 18263
4611 12836 19860 13730
7677 21601 4273 13949
17914 6733 20378 17553
16663 3582 22382 13804
20342 19471 17000 19096
10332 20437 4637 4868
14346 1316 3301 17017
211 740 6585 2066
9943 13214 12387 18076
11556 13109 21474 15737
12672 770 4271 9129
19421 10837 16163 17487
17984 8636 411 18250
3584 5907 16772 13953
19691 10821 12473 12771
19343 2396 15665 9385
2751 17180 5753 22312
5951 14724 4165 14433
9197 397 2367 21331
8077 13969 9585 12883
21172 13893 5517 9836
8272 7625 18481 13715
2701 3247 17865 8578
11034 16299 3140 12138
3491 12235 22077 15386
8455 1053 3364 167
14250 8545 8011 9828
7460 22166 552 16672
16664 21915 1277 16808
10041 5843 6082 5421
10860 13178 15584 20517
4419 21790 19315 19440
12025 725 6913 13347
6046 8453 9019 21331
21645 12231 8994 10576
3198 587 4213 3378
3393 4242 8026 11771
14392 15647 1152 3091
479 19106 20881 18549
20513 13938 5643 6877
462 21811 5056 21151
18919 11957 18963 7648
8182 19434 17561 17492
244 8277 19238 15452
18804 802 1152 19374
16155 2240 5882 10409
9550 1266 1828 21256
22171 12942 18660 15477
22230 17298 5550 6814
12305 1661 6803 20256
431 5612 10677 19052
124 10616 22434 18183
13038 5660 6738 19048
13175 6496 19354 10353
564 6378 18925 15679
18913 2964 13104 12504
1061 1128 4205 15662
13027 15210 17040 17025
12283 1194 12081 10032
22092 11468 12788 21743
13776 14903 20065 13569
9677 14531 16840 16510
2532 3484 16442 10813
2047 1937 15732 6660
1786 6444 19952 6254
15531 2606 15487 9607
19101 8464 17182 21600
10014 13254 1569 20424
19984 9493 11725 3877
5501 8616 18864 19036
6728 2025 9327 7696
12715 709 22351 5703
12145 22290 10454 15250
13689 19484 8864 7820
7768 11928 17561 7518
19749 17204 4557 12184
16003 14283 4896 8393
14280 14987 7624 9627
2366 12535 7838 8435
4963 6646 16611 10838
11480 1149 14519 17347
16998 19575 3552 18832
4630 21952 12111 13518
12470 1150 20347 22077
22277 2841 6014 6593
20352 19003 3667 9913
1044 15988 7358 19224
13458 21932 6773 20661
15199 1790 5723 14625
5231 11201 19723 12515
4654 2032 15825 17580
16813 17262 4649 4005
12150 9803 11368 21692
10783 11621 9914 3085
2405 3365 7888 15972
9574 5329 14054 16405
22286 1067 16958 20554
14213 13747 7624 19939
12237 4469 9942 20687
2434 18205 9219 20428
16291 14538 16156 21150
10391 15438 3183 18609
10281 5025 13596 17973
12011 10119 5996 7842
8161 3093 5431 14563
5775 15374 14021 15817
14083 17400 16436 12657
1559 21721 10989 12343
20625 6996 17794 9442
16274 2923 9142 13004
7880 404 12212 21585
21838 1002 6800 15130
3312 11193 10727 989
8458 5304 19867 8608
6769 2592 4248 14541
156 5752 19265 8298
2193 4085 7238 10185
17491 10446 11647 1952
3741 20722 11814 2706
12000 8261 7191 9025
12674 15021 13662 9465
19707 10050 11795 3660
6474 1071 14734 19587
16053 5754 18340 17923
5188 10542 15665 14316
8790 13519 10404 14034
12079 18633 4272 18716
19268 17687 1084 18014
20815 14023 6905 17862
17048 2499 22221 12787
12587 6801 16135 11930
17384 2623 18431 15136
10395 11995 7021 9831
12714 16036 8391 15504
16014 14291 21796 20554
16274 4462 19259 8383
17796 8906 12132 15155
6085 18798 6108 6117
2636 3760 2321 15949
2543 12773 14515 15095
6674 1006 14091 14263
18714 4964 4895 21115
6245 7988 18329 22250
8087 1263 2063 16946
1291 2993 3283 9245
22177 13627 5596 21925
5822 17692 15508 15014
8531 15490 12209 18092
12625 14486 13977 9177
20989 2626 18815 18365
19694 9933 7300 20945
10379 17480 19636 21822
20636 16669 18173 11394
945 18449 12688 16297
18498 16601 10451 3245
3274 14855 17329 4481
13083 17778 6069 5360
9606 21578 15854 21261
17067 6816 18332 20961
3263 8899 19089 16757
2216 17594 12913 20097
5132 9488 4661 18996
6371 17565 1755 11047
14173 11193 8103 3671
5110 14506 9715 9002
13095 3388 9783 4049
29 18819 836 9016
3229 5848 10068 15219
264 1127 5269 15905
12793 5914 4353 6283
6324 12807 13014 9929
18392 5316 6487 3145
9677 1056 10016 2254
7431 5627 14676 16202
10634 12072 7304 13377
17255 5581 15833 20855
2162 19205 1264 6506
9996 21315 12962 14026
18612 8595 8077 2154
3614 15338 17883 18340
14166 13173 4176 1643
20207 11309 12058 17892
15462 9810 8408 14314
1589 4684 5179 16964
15634 14274 19201 10934
1107 6194 16410 10099
367 13726 4407 16757
21231 19718 2894 16872
6766 20845 4956 8864
14865 3574 21108 9527
21491 21240 547 11064
10815 13479 13470 7244
4634 20247 6680 10841
8780 14920 22111 6698
17236 14461 9726 20704
2117 1181 19328 2714
18284 21737 15983 10121
19111 13116 1145 12744
20342 7067 15035 7869
7749 183 2559 17854
6148 22179 14421 9305
2057 22267 14749 21842
20316 10873 9755 13318
18905 20991 10885 21201
15419 10184 21014 11707
7057 11934 18367 19309
11655 1016 18195 15913
4186 17641 8451 10140
9687 12585 3122 20383
11230 9619 19746 7021
7747 14688 6365 20669
44 1873 13081 16259
16040 10067 20140 17600
3052 15687 18979 20090
11197 14830 3470 18240
11480 3896 14016 13338
12235 8272 2967 4166
19551 19021 22160 22136
16124 1133 3008 5191
12215 10428 9392 5311
14764 19673 12681 11378
17891 15832 9847 20401
20214 18094 12357 3414
6199 7771 14285 22285
14356 713 2296 2769
5297 20531 21417 16477
18638 5400 2325 18195
6457 4227 18334 10474
18859 9689 8374 16157
20038 20823 5061 17310
14157 3552 4566 7187
19476 6645 4538 21174
19633 13549 8397 2962
917 11834 19608 8128
10206 1739 12182 11902
2793 13844 5277 18212
1175 1906 22454 9894
21981 5474 12136 18867
9105 15792 3114 12649
11980 4748 11540 16477
10673 3164 9216 13161
11864 12701 11633 13823
7091 16650 11117 13146
22380 5664 5891 22332
18490 4761 22291 15235
17318 2077 5575 21958
4730 3799 5832 22442
19127 7010 16183 16519
260 12466 11441 2907
16436 20399 7744 7544
1589 14578 10654 15429
18949 872 4871 16717
630 19372 11911 22021
6455 16703 18264 4942
13100 2005 13041 18281
20047 425 17078 8446
18377 915 19543 17895
13130 13441 16254 21387
4603 14367 12817 7630
8509 17592 14739 10078
5085 10335 6973 2255
7139 7173 14511 15125
19038 7325 3366 10532
5368 7925 11126 20918
18170 1872 16964 6239
16361 3261 4936 13973
17411 894 2025 11483
7791 10836 16825 8581
12235 1162 12945 13640
8636 4362 14337 13887
12738 16787 969 1004
13216 10235 20493 17141
8488 4173 5052 6670
13655 2994 5788 20306
10895 6085 7321 9888
11342 3976 8951 14609
6136 1208 13548 18189
18534 8556 15709 12996
3970 15222 12688 18055
20795 19581 1325 19692
7880 1803 10318 16897
12086 7623 3592 11452
22338 12215 16443 14984
17922 20677 16877 11353
1691 8466 12773 7395
19106 2843 21199 9929
15199 18008 14679 6578
19567 17685 19646 2471
859 9547 11620 9888
20363 913 13162 5579
8161 11061 8623 16038
11266 597 6722 18172
13865 6937 8965 8294
3354 8015 19341 12528
16524 103 16190 20145
9642 5785 15833 13361
20363 8449 17101 5055
10457 6870 16107 15564
1351 5168 18979 14549
14559 8313 14871 12883
11408 13118 5757 7740
21317 3707 17660 10527
18475 8975 314 6126
4163 19243 16393 6309
11849 12629 10096 10565
13101 1991 16304 2633
11850 6603 16113 13556
17208 4491 15325 19407
13616 429 8714 8228
1358 3594 9311 10722
14769 11554 17564 6871
16455 20221 11108 19824
2474 21635 12806 303
962 7114 5788 7929
20863 9762 8609 2694
20786 14937 8359 10835
6404 4275 12641 5443
10468 12252 20270 18020
7453 13731 899 20482
6282 18807 8499 14372
9797 7934 17021 12339
21001 10763 14009 21898
4219 9455 11678 10052
19964 8907 13087 22143
11316 2591 3372 6934
7125 17159 17769 3452
916 2506 8211 17338
11912 1114 15013 12971
13537 2295 17748 17970
5748 15673 3205 16154
2838 471 6294 7537
342 9974 3889 14738
10526 15920 5633 4898
11525 7430 5722 18741
12407 15073 5688 2621
11904 17109 9779 19309
14332 19038 14729 11167
4186 9512 1567 5380
226 1175 16403 3122
2740 20818 22404 15510
283 20786 12855 21364
10466 5105 18138 8159
8417 2457 9920 15902
5562 1115 1782 17164
1206 9308 6494 8562
17740 19232 7331 19838
14210 18221 10675 9941
7179 4744 7119 12339
1292 7251 3096 6436
11222 8567 11314 13479
5909 11927 2380 14197
15223 4655 19357 7882
19137 15488 20604 2016
8001 19082 15084 18700
5353 17045 7004 15869
3173 18421 17271 18299
15188 18805 3590 20240
11829 15307 1645 15115
14429 19673 18990 5961
59 17418 9507 19018
8544 10142 8398 9427
163 2146 19601 9290
14344 6940 11942 18411
1402 15916 11825 9170
11537 6952 9072 21659
10335 17413 6439 18360
2856 16319 15082 10487
2093 14740 18181 5059
1740 631 8516 12664
21013 14619 7699 12043
14307 398 14801 17794
10896 14962 9787 19547
4076 3783 3472 18705
5356 8102 12588 22088
7729 11614 16851 7811
20105 19990 15312 21596
12762 20466 18467 6134
2325 2093 6765 22119
5108 6682 6970 12100
13825 11042 10271 14879
17262 21389 12792 18926
12379 7091 749 18098
12988 21666 17025 5621
10799 4372 20249 15441
7173 15568 12613 19055
2075 17392 6120 13374
21373 12208 3822 20125
19481 21551 7321 11157
16628 7167 6210 17167
11888 9871 2551 12270
13576 3657 9956 22310
9953 20670 949 17817
3731 16357 17705 14318
13235 5479 11680 21377
3340 14490 3332 14070
18420 21484 9685 22260
10947 14576 6319 7809
12575 1468 4617 8234
30 7603 4545 21647
3385 9800 16221 7862
420 7648 5825 16180
125 8129 13376 16598
10757 11742 1183 9822
13643 13950 20921 14869
21251 18643 6934 12675
546 8818 13924 22165
21089 6279 3936 6890
4892 19202 16180 20787
14205 17328 18562 15272
10824 2785 4450 18930
5248 8927 9884 17091
783 11964 2048 16596
16693 11884 13780 9199
2007 17345 5465 12847
20986 13907 4424 21137
8236 20702 13340 5992
10744 9633 3371 11561
16072 17598 760 8573
342 2494 6762 18106
14944 7590 4832 12122
12521 7201 21839 19869
655 12830 318 1316
16282 21043 4822 17761
14854 18296 13861 11774
10790 12377 1496 16598
2306 16422 7948 18486
5995 19417 21445 14589
1527 16562 18096 13773
13170 13218 16390 11974
14264 20931 19800 11458
18525 4904 14446 15335
5170 4634 10128 15051
8206 9705 7579 22279
1861 18510 11851 13389
22226 12196 19141 19006
12 10719 13407 21541
19623 15849 6415 7766
5967 2815 4778 7070
4818 778 4952 9748
916 14722 7490 15079
21937 3472 15974 16396
9843 13791 14759 16515
15987 12213 9230 14698
6597 12476 8180 18756
9164 21821 19350 14779
9430 9918 5424 19089
3865 5249 9205 18697
22330 7367 17684 10543
22042 11389 16353 9231
11557 719 17010 15520
4874 15522 13465 2188
2840 1292 6982 5579
1139 2819 3666 19298
20437 1895 22309 3363
18638 10551 22006 7999
13899 10399 9810 22413
15648 11808 1529 2145
14045 19588 2907 21950
8117 2722 2800 8645
17719 20566 8640 18031
17441 15159 7426 9792
1048 2851 20904 22176
701 6224 6468 6236
7355 20623 5709 6087
4605 1380 5682 20104
21663 6180 16759 20077
13541 13068 17342 10179
6661 20674 21180 21878
8437 4150 2440 3667
10444 13202 3228 14771
18891 4618 16675 21264
15416 18204 11338 5763
5019 15249 18683 19980
16731 1608 1805 16603
16994 19661 6364 3500
3865 155 7774 13483
9500 17659 14619 18925
17048 14113 13482 14630
18893 18777 9398 12448
3031 3908 10987 15582
8304 15458 569 7884
22052 2148 9569 20166
5561 13536 7604 15984
19303 1079 2016 3383
14442 17016 3190 13817
8555 5700 17440 15825
12614 15992 8447 20398
12581 16089 1899 11961
20257 17747 16102 13037
17464 5673 4181 7339
21668 19415 7743 15991
1602 3214 3153 6548
10574 14482 1471 10508
3987 17402 3029 14679
3403 20139 13459 12006
11256 7599 8940 21772
7726 6532 8449 7506
10224 605 11350 19494
21732 21172 13620 21851
11345 1038 8163 9438
11769 21054 22129 11810
22294 16628 21714 2638
3073 8127 14882 18309
16286 21739 16656 19175
17639 13225 6161 9442
6065 4464 4642 4705
22261 16660 778 11618
5231 3631 18271 20227
13149 14358 8511 17987
15294 15100 14745 6279
15018 1748 4291 11065
1231 11117 14460 928
8919 8904 5770 8184
5492 4113 7725 15084
16618 14841 10700 15732
1769 18870 2326 15555
44 8496 17150 4717
14112 8112 2430 9917
9810 12978 13907 8962
5325 21259 17585 17929
21141 20685 3946 14645
9558 8957 13393 12728
17799 6293 6983 6538
10372 8595 15100 3146
2094 3532 5681 9046
13729 10859 1419 9312
13003 15088 13316 14472
10594 8374 1696 779
19787 22427 16011 1511
9143 265 17645 5468
39 4373 8386 14375
20257 240 4029 14314
2415 15141 14211 8445
15153 12292 18695 6268
7618 12466 18321 20562
378 3021 12791 9302
9864 8097 15748 12702
7478 6368 7143 18365
11271 22315 11285 7672
5362 13930 5442 14767
18636 9171 5261 10543
5474 22032 19591 12030
15246 16603 10356 22325
19901 8406 18243 17514
8747 8597 1202 18646
3485 17048 12288 21949
4089 13838 20926 11353
12250 15642 6732 15274
18428 1289 9649 11760
40 16155 5580 12223
10918 3826 2884 3849
20810 11826 8792 14915
4687 11179 4271 7059
701 14928 20853 21680
20107 9606 5422 11313
5194 9130 20349 18879
2709 9165 20966 8159
975 16195 10521 10321
12896 21747 15527 15333
10160 2854 19087 15960
560 20505 19049 2698
20481 7532 9157 22231
22443 8382 13636 6716
19677 5223 6429 12294
10257 15070 13823 5133
1655 1399 8465 10722
16489 21812 12712 5722
21143 15611 14008 13371
15642 3045 15874 4971
17354 19929 10862 8003
3641 2039 16567 4442
17237 15961 1022 2835
8565 8558 2295 19291
15607 12858 14084 16851
4265 8494 19160 5537
15214 14429 8081 18197
21604 14466 22174 2932
13397 8182 3711 3635
4211 18465 18634 21447
9710 10005 13499 22354
16975 5873 11795 5815
12470 2875 21361 10014
194 197 2179 9637
19197 21484 10172 16326
3870 19608 11373 12844
10426 2103 3335 17904
4337 6507 9329 17970
13425 20353 14557 21675
576 9337 14852 21989
353 12900 21799 22298
5735 17490 1999 15241
7005 332 9355 12932
108 1748 9465 14794
11486 5172 8716 18753
18418 19536 15942 15139
1691 15934 7027 8300
21593 3943 949 17245
7334 8725 11356 18967
9263 19469 13085 15415
4 8494 11873 18600
20156 20911 12587 1837
20243 9992 9803 17832
1937 15821 22078 2968
3457 22288 19296 9830
4809 20180 16769 22145
6050 2174 9321 10939
22433 6282 2266 20358
2042 4183 14688 21788
2509 13886 731 16856
15408 14981 19740 8046
8001 7051 17531 8246
10405 8747 4990 18303
5914 20812 14555 15244
9596 6956 11698 9495
12536 13928 21972 21042
16736 21655 15769 5381
15829 14825 11377 14967
3709 8339 17293 4529
11166 14016 8727 16776
2599 5028 1855 4465
3492 4561 4821 17714
3000 1335 16925 7672
11756 11402 20109 21135
11999 16973 20450 22337
7799 21629 7226 16359
15612 4849 8462 10798
14435 17544 1873 9598
6072 3394 4034 9269
19391 12910 5486 16227
10482 14023 10764 14434
4461 9840 15790 22043
7288 4244 3381 7000
4045 4421 17565 16349
10544 1372 18805 16242
21470 18566 9070 19586
17316 1777 19595 2694
16208 3196 5441 19309
792 14700 20157 21342
6686 21371 2538 4009
11888 14588 18338 18094
20071 11179 14622 9778
20184 5662 4685 21330
12866 8991 12538 10900
21671 349 13106 14586
16850 1250 19302 10337
3484 3730 15666 6537
3342 8678 10339 16356
4086 4797 11183 2039
6166 9563 15498 3460
3492 19233 13815 3734
5229 13006 20296 5200
7048 831 2682 2702
6677 354 18435 13066
15659 21835 8084 6691
20797 19496 12947 4027
542 2566 9163 7589
2056 16467 8311 6003
4225 5908 502 5533
11056 2769 12651 15981
19101 9222 18605 20834
3845 1340 3876 8838
17540 9262 3003 18140
8894 1531 5179 14376
14766 16211 10767 20143
16131 19539 8989 8889
20086 14918 18706 8195
11203 10455 18376 7604
19129 10575 3500 16388
6802 11953 1693 8899
15475 20442 2367 6365
22251 13526 6336 18552
1926 13790 8741 15484
14266 21213 9541 12854
11361 2975 17861 8457
9939 13998 2350 2984
2767 17349 17418 13328
18911 6528 9257 20018
4188 8206 2708 13489
757 11089 8069 15564
6422 5854 9663 15435
7 12820 17413 8724
7683 14276 21730 3486
21896 8248 1371 5519
8754 17652 18516 2898
12426 12502 11485 12006
819 16108 15978 15731
1244 14168 21175 17963
4212 11797 7097 4304
18404 14053 3447 11968
8788 15311 4047 18246
4045 12572 3867 3203
17242 16630 21603 14657
15605 13930 11182 4525
1312 2381 17990 17857
15694 11594 2728 18549
14377 7439 21551 17084
11721 21189 10011 21359
12305 7181 12608 13350
17138 10104 1649 13967
620 20866 1322 21440
213 7571 6132 14581
14240 14002 2148 19208
11329 399 513 12996
19536 4691 15254 5061
1617 22434 21521 20467
3113 13095 5253 5483
22299 7523 19260 18988
2753 22241 5687 12985
3305 4891 746 5893
153 3934 17224 1707
20668 3283 3355 14979
11174 10571 19196 19618
11710 9495 21401 4997
494 7980 17725 2701
16727 12831 18677 7630
20251 17781 2775 8234
21662 4829 3165 19394
21240 10384 13416 15415
3911 15028 5935 18663
12452 4193 7871 9278
1959 1096 19687 17494
17389 12480 1345 7312
12934 4704 19910 16826
