7262 : 4706 10727 
4706 : 7262 
481 : 4257 12139 
4257 : 481 
10439 : 1096 
7368 : 22265 10727 5241 
17415 : 4086 15742 
1249 : 4086 22144 
11370 : 3761 4125 
22265 : 7467 7368 
4169 : 9199 4086 
7467 : 14988 22265 
14988 : 1096 7467 
22144 : 1249 1529 
15713 : 5241 19979 
4086 : 4169 17415 1249 
15742 : 17415 1738 
10727 : 7368 1738 7262 
1096 : 14988 10439 
1738 : 15742 10727 
19979 : 15713 2159 
5241 : 7368 15713 
10972 : 1529 12139 
2159 : 19979 3761 
12139 : 10972 481 
3761 : 2159 11370 
9199 : 4169 
1529 : 22144 10972 
4125 : 11370 16190 
16190 : 4125 
10439 4257 16190 9199 4706 
