4278 : 6471 
21916 : 3851 6234 
4209 : 19275 2394 430 
19275 : 4502 4209 
4502 : 7880 19275 
10969 : 2781 13079 
6441 : 1123 12666 
3630 : 12666 8394 
8216 : 11341 8279 
1123 : 4839 6441 4131 
7880 : 8279 4502 
11341 : 4839 8216 
8279 : 8216 7880 6471 
12173 : 6234 2781 
6234 : 12173 21916 
4378 : 13079 2394 
2781 : 12173 10969 
6471 : 4278 8279 
12666 : 6441 3630 
13079 : 10969 4378 
2394 : 4378 4209 
430 : 4209 
4839 : 11341 1123 
4131 : 1123 
8394 : 3630 
3851 : 21916 
430 8394 4131 3851 4278 
