0 1
1 1
2 1
3 0.999917
4 0.999723
5 0.999723
6 0.999723
7 0.999723
8 0.999723
9 0.999723
10 0.999685
11 0.999437
12 0.999437
13 0.999393
14 0.999393
15 0.999393
16 0.999189
17 0.999154
18 0.999113
19 0.999113
20 0.999113
21 0.999113
22 0.999037
23 0.998709
24 0.998709
25 0.998709
26 0.998709
27 0.998709
28 0.998709
29 0.998709
30 0.998709
31 0.998668
32 0.99863
33 0.99863
34 0.99863
35 0.99863
36 0.99863
37 0.998589
38 0.998589
39 0.998589
40 0.998589
41 0.998589
42 0.998589
43 0.998589
44 0.998589
45 0.998519
46 0.998519
47 0.998519
48 0.998481
49 0.998481
50 0.998201
51 0.998159
52 0.998124
53 0.998086
54 0.998086
55 0.998086
56 0.998045
57 0.998045
58 0.998045
59 0.998045
60 0.998045
61 0.998045
62 0.998007
63 0.998007
64 0.998007
65 0.998007
66 0.998007
67 0.998007
68 0.998007
69 0.998007
70 0.998007
71 0.998007
72 0.998007
73 0.998007
74 0.998007
75 0.998007
76 0.998007
77 0.998007
78 0.998007
79 0.998007
80 0.998007
81 0.998007
82 0.998007
83 0.998007
84 0.997883
85 0.997883
86 0.997883
87 0.997883
88 0.997883
89 0.996456
90 0.996456
91 0.996456
92 0.996456
93 0.996456
94 0.996456
95 0.996249
96 0.996169
97 0.996169
98 0.996169
99 0.996169
100 0.996169
101 0.996128
102 0.996087
103 0.996087
104 0.996087
105 0.996087
106 0.996087
107 0.996087
108 0.996042
109 0.995597
110 0.995321
111 0.995321
112 0.995321
113 0.995321
114 0.995321
115 0.995321
116 0.995321
117 0.995321
118 0.995321
119 0.995321
120 0.995321
121 0.995283
122 0.995283
123 0.995283
124 0.995283
125 0.995283
126 0.995165
127 0.995165
128 0.995165
129 0.995165
130 0.995165
131 0.995165
132 0.995165
133 0.995165
134 0.995165
135 0.995165
136 0.995165
137 0.995086
138 0.995086
139 0.995051
140 0.995051
141 0.995051
142 0.995051
143 0.994971
144 0.994971
145 0.994971
146 0.994857
147 0.994784
148 0.994784
149 0.994749
150 0.993982
151 0.993982
152 0.993982
153 0.993982
154 0.993947
155 0.993947
156 0.993947
157 0.993947
158 0.993947
159 0.993947
160 0.993947
161 0.993947
162 0.993947
163 0.993947
164 0.993947
165 0.993947
166 0.993909
167 0.993909
168 0.993909
169 0.993909
170 0.993909
171 0.993909
172 0.993909
173 0.993909
174 0.993909
175 0.993909
176 0.993909
177 0.993909
178 0.993909
179 0.993909
180 0.993909
181 0.993909
182 0.993909
183 0.993909
184 0.993909
185 0.993909
186 0.993909
187 0.993909
188 0.993909
189 0.993909
190 0.993909
191 0.993909
192 0.993909
193 0.993909
194 0.993909
195 0.993909
196 0.993909
197 0.993868
198 0.993868
199 0.993868
200 0.993868
201 0.993868
202 0.993747
203 0.993677
204 0.993639
205 0.993639
206 0.993601
207 0.993601
208 0.993601
209 0.993487
210 0.992879
211 0.992879
212 0.992679
213 0.992679
214 0.992609
215 0.992574
216 0.992574
217 0.992574
218 0.992574
219 0.992533
220 0.992533
221 0.992533
222 0.992533
223 0.992533
224 0.992533
225 0.992145
